11.0419 7.5 0.866025
12.0751 9.7 0.984886
13.1272 10.5 1.0247
14.2073 12.8 1.13137
15.3213 13.9 1.17898
16.4667 10.6 1.02956
17.6346 13.1 1.14455
18.9146 16.6 1.28841
20.2969 15.4 1.24097
21.679 13.5 1.1619
23.07 14.4 1.2
24.4855 15.4 1.24097
25.9413 16.4 1.28062
27.5663 20.9 1.44568
29.39 24.6 1.56844
31.3323 27.5 1.65831
33.3406 20.3 1.42478
35.0422 15.3 1.23693
36.5282 11.3 1.06301
38.128 9.1 0.953939
39.7705 9.8 0.989949
41.4533 10.6 1.02956
43.272 9.7 0.984886
45.228 8.7 0.932738
47.2247 7.6 0.87178
49.2591 9.6 0.979796
51.4329 8.2 0.905539
53.7459 11.3 1.06301
56.0923 9.2 0.959166
58.4677 6.2 0.787401
60.978 10.1 1.00499
63.6205 9.1 0.953939
66.2817 10.6 1.02956
69.0679 10.9 1.04403
71.9738 9.3 0.964365
74.8815 8.6 0.927362
77.8951 8.1 0.9
81.006 6.9 0.830662
84.0951 5.6 0.748331
87.2685 5.9 0.768115
90.527 6.7 0.818535
93.7632 6.1 0.781025
97.087 6.9 0.830662
100.501 6.1 0.781025
103.9 5.4 0.734847
107.395 7.1 0.842615
110.989 6.3 0.793725
114.687 7.8 0.883176
118.492 6.2 0.787401
122.412 6 0.774597
126.449 5.4 0.734847
130.607 5.9 0.768115
134.886 5 0.707107
139.179 5.8 0.761577
143.595 4.9 0.7
148.134 6 0.774597
152.798 6 0.774597
157.695 5.8 0.761577
162.72 3.8 0.616441
167.874 5.8 0.761577
173.156 6.6 0.812404
178.569 8.3 0.911043
184.113 10 1
189.79 8.4 0.916515
195.712 8 0.894427
201.769 7 0.83666
207.963 6.1 0.781025
214.408 6.3 0.793725
220.993 4.8 0.69282
227.718 4.3 0.655744
234.699 5.2 0.72111
241.939 5.5 0.74162
249.324 5.4 0.734847
256.856 3.4 0.583095
264.653 4 0.632456
272.716 4.2 0.648074
280.93 3.3 0.574456
289.296 3.8 0.616441
297.935 4.5 0.67082
306.847 2.5 0.5
316.036 3.2 0.565685
325.504 3.1 0.556776
335.253 2.5 0.5
345.286 1.6 0.4
355.603 1.9 0.43589
366.208 2.2 0.469042
377.103 2.1 0.458258
388.289 2 0.447214
399.768 2.8 0.52915
411.543 2.3 0.479583
423.739 2 0.447214
436.359 2.4 0.489898
449.28 2 0.447214
462.505 2.4 0.489898
476.033 3.4 0.583095
489.993 4 0.632456
504.387 3.9 0.6245
519.089 4 0.632456
534.227 2.9 0.538516
549.803 3.3 0.574456
565.817 2.4 0.489898
582.271 1.5 0.387298
599.165 1.6 0.4
616.499 1.6 0.4
634.271 1.6 0.4
652.613 2.1 0.458258
671.392 1.5 0.387298
690.606 1.9 0.43589
710.384 1.8 0.424264
730.724 2.2 0.469042
751.622 1.3 0.360555
772.941 1.6 0.4
794.676 2.2 0.469042
816.954 1.4 0.374166
839.766 1.9 0.43589
863.105 1.5 0.387298
887.094 1.4 0.374166
911.721 1.3 0.360555
942.909 3 0.547723
