0 0
0.1 0
0.2 0
0.3 0
0.4 0
0.5 0
0.6 0
0.7 7.90527e+45
0.8 2.10995e+47
0.9 9.03183e+47
1 1.40822e+48
1.1 1.6484e+48
1.2 1.59907e+48
1.3 1.49612e+48
1.4 1.45051e+48
1.5 1.2674e+48
1.6 1.14417e+48
1.7 1.06921e+48
1.8 9.63755e+47
1.9 9.85614e+47
2 9.25969e+47
2.1 7.01167e+47
2.2 5.43139e+47
2.3 4.1676e+47
2.4 3.25711e+47
2.5 2.47785e+47
2.6 1.90933e+47
2.7 1.44514e+47
2.8 1.05778e+47
2.9 7.26304e+46
3 4.34396e+46
3.1 1.68542e+46
3.2 0
3.3 0
3.4 0
3.5 0
3.6 0
3.7 0
3.8 0
3.9 0
4 0
4.1 0
4.2 0
4.3 0
4.4 0
4.5 0
4.6 0
4.7 8.95872e+45
4.8 2.57482e+47
4.9 1.03717e+48
5 1.41908e+48
5.1 1.45964e+48
5.2 1.3086e+48
5.3 1.17647e+48
5.4 1.01879e+48
5.5 8.70422e+47
5.6 7.1893e+47
5.7 6.34174e+47
5.8 5.45056e+47
5.9 5.17368e+47
6 4.80326e+47
6.1 4.84161e+47
6.2 5.09241e+47
6.3 5.44496e+47
6.4 6.22206e+47
6.5 6.68991e+47
6.6 7.44396e+47
6.7 8.35142e+47
6.8 9.4566e+47
6.9 1.06183e+48
7 1.08231e+48
7.1 1.08947e+48
7.2 1.07781e+48
7.3 1.04762e+48
7.4 9.55729e+47
7.5 8.66025e+47
7.6 7.94288e+47
7.7 7.13447e+47
7.8 6.40516e+47
7.9 5.745e+47
8 5.0758e+47
8.1 4.52527e+47
8.2 3.96764e+47
8.3 3.56346e+47
8.4 3.12122e+47
8.5 2.6813e+47
8.6 2.28276e+47
8.7 2.10091e+47
8.8 5.03355e+47
8.9 1.27729e+48
9 1.49748e+48
9.1 1.41748e+48
9.2 1.22129e+48
9.3 1.06533e+48
9.4 9.03569e+47
9.5 7.44228e+47
9.6 5.99592e+47
9.7 5.19224e+47
9.8 4.42023e+47
9.9 4.15708e+47
10 3.79361e+47
10.1 3.81381e+47
10.2 3.10602e+47
10.3 2.46291e+47
10.4 2.03208e+47
10.5 1.62823e+47
10.6 1.33799e+47
10.7 1.09054e+47
10.8 8.72756e+46
10.9 7.04377e+46
11 5.58986e+46
11.1 4.40546e+46
11.2 3.13488e+46
11.3 2.21084e+46
11.4 1.40639e+46
11.5 6.06521e+45
11.6 5.54092e+45
11.7 3.56557e+45
11.8 3.28723e+45
11.9 3.20665e+45
12 3.00553e+45
12.1 1.90734e+45
12.2 1.77937e+45
12.3 1.66359e+45
12.4 1.55851e+45
12.5 1.311e+45
12.6 9.28588e+44
12.7 8.76653e+44
12.8 8.8668e+44
12.9 7.35099e+44
13 6.94612e+44
13.1 6.57256e+44
13.2 4.84958e+44
13.3 4.61815e+44
13.4 4.40231e+44
13.5 3.34383e+44
13.6 3.18547e+44
13.7 3.0376e+44
13.8 2.89932e+44
13.9 2.76984e+44
14 2.64841e+44
14.1 1.85102e+44
14.2 1.77213e+44
14.3 1.6979e+44
14.4 1.62799e+44
14.5 1.56206e+44
14.6 1.49983e+44
14.7 1.44103e+44
14.8 1.38541e+44
14.9 0
