0 0
0.1 0
0.2 0
0.3 0
0.4 0
0.5 0
0.6 0
0.7 0
0.8 0
0.9 0
1 0
1.1 0
1.2 0
1.3 0
1.4 0
1.5 0
1.6 0
1.7 0
1.8 0
1.9 0
2 0
2.1 0
2.2 0
2.3 0
2.4 0
2.5 0
2.6 0
2.7 0
2.8 0
2.9 0
3 0
3.1 0
3.2 0
3.3 0
3.4 0
3.5 0
3.6 0
3.7 4.40577e+46
3.8 3.93668e+46
3.9 3.53188e+46
4 3.18074e+46
4.1 2.87464e+46
4.2 2.60659e+46
4.3 2.37086e+46
4.4 2.16271e+46
4.5 1.97824e+46
4.6 1.81416e+46
4.7 1.02892e+47
4.8 9.48672e+46
4.9 8.76561e+46
5 8.11577e+46
5.1 7.5286e+46
5.2 1.51164e+47
5.3 1.40985e+47
5.4 2.09099e+47
5.5 1.95906e+47
5.6 1.83802e+47
5.7 1.72675e+47
5.8 1.6243e+47
5.9 1.5298e+47
6 1.4425e+47
6.1 2.20464e+47
6.2 2.07928e+47
6.3 1.90771e+47
6.4 2.49857e+47
6.5 2.36588e+47
6.6 2.24244e+47
6.7 2.12746e+47
6.8 2.02022e+47
6.9 2.65266e+47
7 2.52172e+47
7.1 2.39927e+47
7.2 2.28463e+47
7.3 2.94575e+47
7.4 2.80596e+47
7.5 2.67491e+47
7.6 2.5519e+47
7.7 2.94307e+47
7.8 3.54894e+47
7.9 3.9479e+47
8 3.77972e+47
8.1 4.12266e+47
8.2 3.95458e+47
8.3 3.79559e+47
8.4 4.04599e+47
8.5 3.88931e+47
8.6 3.74068e+47
8.7 3.5996e+47
8.8 3.95507e+47
8.9 3.81034e+47
9 3.67264e+47
9.1 4.02627e+47
9.2 3.88442e+47
9.3 3.7492e+47
9.4 4.0939e+47
9.5 3.95446e+47
9.6 3.72148e+47
9.7 4.06059e+47
9.8 3.92643e+47
9.9 3.79815e+47
10 4.12485e+47
10.1 3.99232e+47
10.2 4.31259e+47
10.3 4.08437e+47
10.4 3.95646e+47
10.5 4.26212e+47
10.6 4.13055e+47
10.7 4.00435e+47
10.8 4.57718e+47
10.9 4.44113e+47
11 4.61533e+47
11.1 4.75078e+47
11.2 4.61441e+47
11.3 4.74906e+47
11.4 4.61683e+47
11.5 4.7497e+47
11.6 4.62123e+47
11.7 4.49739e+47
11.8 4.62646e+47
11.9 4.5058e+47
12 4.54554e+47
12.1 4.63963e+47
12.2 4.76294e+47
12.3 4.64595e+47
12.4 4.73315e+47
12.5 4.61982e+47
12.6 4.61402e+47
12.7 4.50644e+47
12.8 4.59242e+47
12.9 4.48784e+47
13 4.57158e+47
13.1 4.46979e+47
13.2 4.46068e+47
13.3 4.36382e+47
13.4 4.44653e+47
13.5 4.35196e+47
13.6 4.43187e+47
13.7 4.24793e+47
13.8 4.32733e+47
13.9 4.23923e+47
14 4.31561e+47
14.1 4.22935e+47
14.2 4.30266e+47
14.3 4.21818e+47
14.4 4.28845e+47
14.5 4.20568e+47
14.6 4.27408e+47
14.7 4.19295e+47
14.8 4.25916e+47
14.9 0
