0 0
0.1 0
0.2 0
0.3 0
0.4 0
0.5 0
0.6 0
0.7 0
0.8 0
0.9 0
1 0
1.1 0
1.2 0
1.3 0
1.4 0
1.5 0
1.6 0
1.7 0
1.8 0
1.9 0
2 7.18995e+46
2.1 3.28383e+47
2.2 5.55397e+47
2.3 7.71787e+47
2.4 8.87964e+47
2.5 1.10109e+48
2.6 1.2059e+48
2.7 1.19777e+48
2.8 1.27558e+48
2.9 1.24457e+48
3 1.26567e+48
3.1 1.19369e+48
3.2 1.07538e+48
3.3 9.67701e+47
3.4 8.68854e+47
3.5 7.64272e+47
3.6 6.71806e+47
3.7 5.8948e+47
3.8 5.15909e+47
3.9 4.49493e+47
4 3.8917e+47
4.1 3.34109e+47
4.2 2.83696e+47
4.3 2.35259e+47
4.4 2.05393e+47
4.5 1.67301e+47
4.6 1.42716e+47
4.7 1.1185e+47
4.8 9.35154e+46
4.9 7.84364e+46
5 6.46631e+46
5.1 5.29022e+46
5.2 4.35053e+46
5.3 3.52007e+46
5.4 2.84276e+46
5.5 2.34347e+46
5.6 1.92652e+46
5.7 1.58161e+46
5.8 1.31988e+46
5.9 1.23865e+46
6 1.0101e+46
6.1 8.18869e+45
6.2 7.90998e+45
6.3 6.40637e+45
6.4 6.04916e+45
6.5 4.83496e+45
6.6 4.575e+45
6.7 3.75928e+45
6.8 3.5645e+45
6.9 2.82421e+45
7 2.68286e+45
7.1 2.11062e+45
7.2 2.09721e+45
7.3 1.65277e+45
7.4 1.57565e+45
7.5 1.50325e+45
7.6 1.18013e+45
7.7 1.12766e+45
7.8 1.07826e+45
7.9 1.097e+45
8 8.71053e+44
8.1 8.34796e+44
8.2 8.00525e+44
8.3 6.37075e+44
8.4 6.11745e+44
8.5 5.8774e+44
8.6 5.64977e+44
8.7 6.03956e+44
8.8 4.818e+44
8.9 4.64135e+44
9 4.47324e+44
9.1 4.31317e+44
9.2 4.16065e+44
9.3 3.35061e+44
9.4 3.23571e+44
9.5 3.12601e+44
9.6 3.512e+44
9.7 3.39737e+44
9.8 3.28768e+44
9.9 3.18268e+44
10 2.60556e+44
10.1 2.52483e+44
10.2 2.44741e+44
10.3 2.37312e+44
10.4 2.30182e+44
10.5 2.23336e+44
10.6 2.60499e+44
10.7 2.18579e+44
10.8 2.12467e+44
10.9 2.06582e+44
11 2.00913e+44
11.1 1.95451e+44
11.2 1.90185e+44
11.3 1.85107e+44
11.4 1.8021e+44
11.5 1.75484e+44
11.6 1.47118e+44
11.7 1.43369e+44
11.8 1.88621e+44
11.9 1.84081e+44
12 1.79687e+44
12.1 1.75433e+44
12.2 1.71313e+44
12.3 1.67322e+44
12.4 1.63454e+44
12.5 1.59706e+44
12.6 1.39866e+44
12.7 1.36748e+44
12.8 1.33723e+44
12.9 1.30786e+44
13 1.27936e+44
13.1 1.76515e+44
13.2 1.72903e+44
13.3 1.6939e+44
13.4 1.65973e+44
13.5 1.62647e+44
13.6 1.59411e+44
13.7 1.56261e+44
13.8 1.42428e+44
13.9 1.39684e+44
14 1.37012e+44
14.1 1.34407e+44
14.2 1.31869e+44
14.3 1.29395e+44
14.4 1.79125e+44
14.5 1.75964e+44
14.6 1.72878e+44
14.7 1.69865e+44
14.8 1.66922e+44
14.9 0
