10.5259 4.79409e+47
11.6329 4.79893e+47
12.8563 4.37784e+47
14.2084 4.14383e+47
15.7027 3.81183e+47
17.3542 3.528e+47
19.1794 3.09718e+47
21.1965 2.84996e+47
23.4257 2.6504e+47
25.8894 2.27708e+47
28.6122 1.98814e+47
31.6214 1.67182e+47
34.9471 1.44527e+47
38.6225 1.16238e+47
42.6844 9.71367e+46
47.1736 9.3208e+46
52.1349 8.84151e+46
57.618 8.17758e+46
63.6777 7.4023e+46
70.3748 6.64163e+46
77.7761 5.91852e+46
85.9559 5.20103e+46
94.996 4.66698e+46
104.987 4.15525e+46
116.028 3.65881e+46
128.231 3.00118e+46
141.717 2.33597e+46
156.622 1.85336e+46
173.094 1.4952e+46
191.298 1.21307e+46
211.417 9.87902e+45
233.652 8.10336e+45
258.226 6.69854e+45
285.384 5.60751e+45
315.398 4.73902e+45
348.568 4.04844e+45
385.228 3.4925e+45
425.742 3.03373e+45
470.518 2.66117e+45
520.003 2.34531e+45
574.692 2.07769e+45
635.133 1.84494e+45
701.931 1.64159e+45
775.753 1.45985e+45
857.34 1.29909e+45
947.507 1.15625e+45
1047.16 1.02791e+45
1157.29 9.15855e+44
1279 8.15206e+44
1413.51 7.25874e+44
1562.18 6.46101e+44
1726.47 5.7578e+44
1908.05 5.12584e+44
2108.72 4.56854e+44
2330.49 4.06937e+44
2575.59 3.62537e+44
2846.47 3.23045e+44
3145.84 2.87918e+44
3476.69 2.56515e+44
3842.33 2.28565e+44
4246.43 2.03695e+44
4693.03 1.81574e+44
5186.61 1.61817e+44
5732.09 1.4417e+44
6334.93 1.28497e+44
7001.18 1.14526e+44
7737.51 1.02089e+44
8551.27 9.09759e+43
9450.61 8.10673e+43
10444.5 7.22495e+43
11543 6.43876e+43
12757 5.73943e+43
14098.7 5.11425e+43
15581.4 4.55754e+43
17220.1 4.06112e+43
19031.2 3.61867e+43
21032.7 3.22435e+43
23244.8 2.87226e+43
25689.4 2.55916e+43
28391.2 2.27916e+43
31377.1 2.03011e+43
34677.1 1.80829e+43
38324.1 1.61099e+43
42354.7 1.43486e+43
46809.2 1.27748e+43
51732.2 1.13772e+43
57172.9 1.01274e+43
63185.8 9.01752e+42
69831.1 8.02769e+42
77175.3 7.1484e+42
85291.9 6.36168e+42
94262.1 5.66297e+42
104176 5.0404e+42
115132 4.48749e+42
127241 3.99301e+42
140623 3.55276e+42
155412 3.16224e+42
171757 2.81442e+42
189821 2.50345e+42
209784 2.22773e+42
231847 1.98218e+42
256231 1.76435e+42
283179 1.57026e+42
312961 1.3972e+42
345876 1.24361e+42
382252 1.10649e+42
422454 9.85146e+41
466883 0
