0 7.87969e+46
0.1 9.82524e+46
0.2 1.45093e+47
0.3 2.15906e+47
0.4 2.95939e+47
0.5 3.67868e+47
0.6 4.2277e+47
0.7 4.68446e+47
0.8 6.94965e+47
0.9 1.39619e+48
1 1.89332e+48
1.1 2.10951e+48
1.2 2.02599e+48
1.3 1.88594e+48
1.4 1.80571e+48
1.5 1.59342e+48
1.6 1.44761e+48
1.7 1.35687e+48
1.8 1.24226e+48
1.9 1.2614e+48
2 1.27729e+48
2.1 1.31901e+48
2.2 1.40462e+48
2.3 1.51795e+48
2.4 1.57276e+48
2.5 1.74272e+48
2.6 1.8274e+48
2.7 1.80606e+48
2.8 1.86775e+48
2.9 1.81011e+48
3 1.79183e+48
3.1 1.66857e+48
3.2 1.49313e+48
3.3 1.32502e+48
3.4 1.14335e+48
3.5 9.42339e+47
3.6 7.6319e+47
3.7 6.70077e+47
3.8 5.68253e+47
3.9 4.90574e+47
4 4.25775e+47
4.1 3.71097e+47
4.2 3.31077e+47
4.3 3.15086e+47
4.4 3.48476e+47
4.5 3.94851e+47
4.6 4.5449e+47
4.7 5.87745e+47
4.8 8.61361e+47
4.9 1.65412e+48
5 2.03913e+48
5.1 2.07597e+48
5.2 1.99663e+48
5.3 1.84317e+48
5.4 1.73788e+48
5.5 1.55923e+48
5.6 1.37919e+48
5.7 1.26973e+48
5.8 1.16129e+48
5.9 1.12134e+48
6 1.07595e+48
6.1 1.16111e+48
6.2 1.18385e+48
6.3 1.21276e+48
6.4 1.36098e+48
6.5 1.40159e+48
6.6 1.46644e+48
6.7 1.53892e+48
6.8 1.62398e+48
6.9 1.77864e+48
7 1.74951e+48
7.1 1.69052e+48
7.2 1.59343e+48
7.3 1.53733e+48
7.4 1.33929e+48
7.5 1.17077e+48
7.6 1.05808e+48
7.7 1.0101e+48
7.8 9.96619e+47
7.9 9.70407e+47
8 8.86431e+47
8.1 8.65645e+47
8.2 7.93217e+47
8.3 7.38605e+47
8.4 7.31662e+47
8.5 7.09091e+47
8.6 7.22078e+47
8.7 7.72986e+47
8.8 1.18039e+48
8.9 2.00368e+48
9 2.25769e+48
9.1 2.24708e+48
9.2 2.0606e+48
9.3 1.90761e+48
9.4 1.79154e+48
9.5 1.62544e+48
9.6 1.46176e+48
9.7 1.41745e+48
9.8 1.32774e+48
9.9 1.28881e+48
10 7.92106e+47
10.1 7.80865e+47
10.2 7.42106e+47
10.3 6.54965e+47
10.4 5.99084e+47
10.5 5.89259e+47
10.6 5.47115e+47
10.7 5.09707e+47
10.8 5.45206e+47
10.9 5.14757e+47
11 5.17633e+47
11.1 5.19328e+47
11.2 4.9298e+47
11.3 4.97199e+47
11.4 4.75927e+47
11.5 4.81211e+47
11.6 4.67811e+47
11.7 4.53448e+47
11.8 4.66122e+47
11.9 4.53971e+47
12 4.57739e+47
12.1 4.66046e+47
12.2 4.78245e+47
12.3 4.66426e+47
12.4 4.75037e+47
12.5 4.63453e+47
12.6 4.62471e+47
12.7 4.51658e+47
12.8 4.60263e+47
12.9 4.4965e+47
13 4.5798e+47
13.1 4.47812e+47
13.2 4.46726e+47
13.3 4.37013e+47
13.4 4.45259e+47
13.5 4.35693e+47
13.6 4.43665e+47
13.7 4.25253e+47
13.8 4.33165e+47
13.9 4.2434e+47
14 4.31963e+47
14.1 4.23254e+47
14.2 4.30576e+47
14.3 4.22117e+47
14.4 4.29187e+47
14.5 4.209e+47
14.6 4.27731e+47
14.7 4.19609e+47
14.8 4.26222e+47
14.9 0
