# Light Curve Count Rate
# Time (sec) 	 Rate (c/s)
0 2.08491e+47
0.2 4.85569e+47
0.4 1.32954e+48
0.6 3.11926e+48
0.8 6.21814e+48
1 1.07643e+49
1.2 1.64037e+49
1.4 2.2206e+49
1.6 2.68806e+49
1.8 2.92269e+49
2 2.8608e+49
2.2 2.52094e+49
2.4 1.99531e+49
2.6 1.41168e+49
2.8 8.85651e+48
3 4.85974e+48
3.2 2.26593e+48
3.4 8.38152e+47
3.6 2.21463e+47
3.8 5.24431e+46
4 4.28035e+46
4.2 1.5557e+47
4.4 5.99912e+47
4.6 1.64443e+48
4.8 3.4828e+48
5 6.1729e+48
5.2 9.49947e+48
5.4 1.29158e+49
5.6 1.56656e+49
5.8 1.70452e+49
6 1.66813e+49
6.2 1.46828e+49
6.4 1.15899e+49
6.6 8.15144e+48
6.8 5.04524e+48
7 2.67691e+48
7.2 1.14119e+48
7.4 3.32015e+47
7.6 4.98415e+46
7.8 4.72564e+45
8 3.50185e+45
8.2 2.93276e+46
8.4 2.10887e+47
8.6 7.79217e+47
8.8 1.85972e+48
9 3.4561e+48
9.2 5.42565e+48
9.4 7.44329e+48
9.6 9.06476e+48
9.8 9.87768e+48
10 0
10.2 0
10.4 0
10.6 0
10.8 0
11 0
11.2 0
11.4 0
11.6 0
11.8 0
12 0
12.2 0
12.4 0
12.6 0
12.8 0
