9.0733 1.24078e+45 0
11.5079 8.55578e+44 0
14.5957 5.864e+44 0
18.5121 4.00842e+44 0
23.4794 2.73735e+44 0
29.7795 1.86849e+44 0
37.77 1.27491e+44 0
47.9046 8.69475e+43 0
60.7586 5.92619e+43 0
77.0616 4.03617e+43 0
97.7391 2.74639e+43 0
123.965 1.86661e+43 0
157.228 1.26685e+43 0
199.416 8.58287e+42 0
252.924 5.80219e+42 0
320.79 3.9119e+42 0
406.865 2.62882e+42 0
516.037 1.75954e+42 0
654.502 1.17205e+42 0
830.121 7.76242e+41 0
1052.86 5.10624e+41 0
1335.37 3.3327e+41 0
1693.68 2.15594e+41 0
2148.14 1.38117e+41 0
2724.54 8.75806e+40 0
3455.6 5.49698e+40 0
4382.82 3.4174e+40 0
5558.84 2.10728e+40 0
7050.41 1.29127e+40 0
8942.21 7.87845e+39 0
