0 0
0.1 0
0.2 0
0.3 0
0.4 0
0.5 0
0.6 0
0.7 0
0.8 0
0.9 0
1 0
1.1 0
1.2 0
1.3 0
1.4 0
1.5 0
1.6 0
1.7 0
1.8 0
1.9 0
2 0
2.1 0
2.2 0
2.3 0
2.4 0
2.5 0
2.6 0
2.7 0
2.8 0
2.9 0
3 0
3.1 0
3.2 0
3.3 0
3.4 0
3.5 0
3.6 0
3.7 8.07606e+45
3.8 7.21618e+45
3.9 6.47416e+45
4 5.83049e+45
4.1 5.26939e+45
4.2 4.77804e+45
4.3 4.34593e+45
4.4 3.96439e+45
4.5 3.62624e+45
4.6 3.32547e+45
4.7 2.2962e+46
4.8 2.11718e+46
4.9 1.95628e+46
5 1.81129e+46
5.1 1.68028e+46
5.2 3.68788e+46
5.3 3.44004e+46
5.4 5.38558e+46
5.5 5.04682e+46
5.6 4.73592e+46
5.7 4.45006e+46
5.8 4.18677e+46
5.9 3.94387e+46
6 3.71942e+46
6.1 5.92239e+46
6.2 5.5854e+46
6.3 5.17172e+46
6.4 7.09337e+46
6.5 6.71703e+46
6.6 6.3669e+46
6.7 6.04073e+46
6.8 5.7365e+46
6.9 7.81699e+46
7 7.43091e+46
7.1 7.06988e+46
7.2 6.7319e+46
7.3 8.94099e+46
7.4 8.51569e+46
7.5 8.11702e+46
7.6 7.74291e+46
7.7 9.48711e+46
7.8 1.15389e+47
7.9 1.3268e+47
8 1.27068e+47
8.1 1.42916e+47
8.2 1.37143e+47
8.3 1.3168e+47
8.4 1.4582e+47
8.5 1.40227e+47
8.6 1.34919e+47
8.7 1.29878e+47
8.8 1.46441e+47
8.9 1.41129e+47
9 1.36072e+47
9.1 1.52784e+47
9.2 1.47441e+47
9.3 1.42345e+47
9.4 1.58911e+47
9.5 1.5353e+47
9.6 1.45776e+47
9.7 1.62208e+47
9.8 1.56872e+47
9.9 1.51769e+47
10 1.67868e+47
10.1 1.6249e+47
10.2 1.78579e+47
10.3 1.70363e+47
10.4 1.65037e+47
10.5 1.80622e+47
10.6 1.75049e+47
10.7 1.69704e+47
10.8 2.01977e+47
10.9 1.96003e+47
11 2.07608e+47
11.1 2.1834e+47
11.2 2.12119e+47
11.3 2.22869e+47
11.4 2.1673e+47
11.5 2.27447e+47
11.6 2.21376e+47
11.7 2.15522e+47
11.8 2.26005e+47
11.9 2.202e+47
12 2.27854e+47
12.1 2.37051e+47
12.2 2.47196e+47
12.3 2.41245e+47
12.4 2.4993e+47
12.5 2.44076e+47
12.6 2.49738e+47
12.7 2.44046e+47
12.8 2.5263e+47
12.9 2.47013e+47
13 2.55476e+47
13.1 2.49927e+47
13.2 2.55305e+47
13.3 2.49894e+47
13.4 2.58267e+47
13.5 2.52908e+47
13.6 2.61119e+47
13.7 2.52738e+47
13.8 2.60858e+47
13.9 2.55669e+47
14 2.63611e+47
14.1 2.58463e+47
14.2 2.66225e+47
14.3 2.61116e+47
14.4 2.68696e+47
14.5 2.63627e+47
14.6 2.71077e+47
14.7 2.66047e+47
14.8 2.73367e+47
14.9 0
