# Light Curve Count Rate
# Time (sec) 	 Rate (c/s)
0 1.42132e+49
0.2 4.17273e+49
0.4 9.2849e+49
0.6 1.37984e+50
0.8 1.60835e+50
1 1.70584e+50
1.2 1.74747e+50
1.4 1.76611e+50
1.6 1.77449e+50
1.8 1.77747e+50
2 1.77662e+50
2.2 1.77164e+50
2.4 1.76002e+50
2.6 1.73485e+50
2.8 1.67797e+50
3 1.5424e+50
3.2 1.22655e+50
3.4 6.58783e+49
3.6 1.89458e+49
3.8 2.634e+48
4 1.36407e+48
4.2 1.06307e+49
4.4 5.09773e+49
4.6 1.05406e+50
4.8 1.42958e+50
5 1.6102e+50
5.2 1.69167e+50
5.4 1.72918e+50
5.6 1.74633e+50
5.8 1.75254e+50
6 1.75107e+50
6.2 1.74105e+50
6.4 1.71755e+50
6.6 1.66743e+50
6.8 1.55822e+50
7 1.31542e+50
7.2 8.38339e+49
7.4 2.51614e+49
7.6 3.76301e+48
7.8 3.65434e+47
8 1.45246e+47
8.2 4.75239e+47
8.4 1.56388e+49
8.6 6.55772e+49
8.8 1.13082e+50
9 1.43383e+50
9.2 1.58404e+50
9.4 1.65616e+50
9.6 1.68978e+50
9.8 1.70227e+50
10 5.14541e+47
10.2 4.22991e+47
10.4 3.40731e+47
10.6 3.03513e+47
10.8 2.58431e+47
11 2.33282e+47
11.2 2.34268e+47
11.4 2.11989e+47
11.6 2.08566e+47
11.8 2.12583e+47
12 1.97588e+47
12.2 2.12993e+47
12.4 2.06126e+47
12.6 2.07622e+47
12.8 0
