9.0733 1.50817e+46 0
11.5079 1.61107e+46 0
14.5957 1.70725e+46 0
18.5121 1.79066e+46 0
23.4794 1.85355e+46 0
29.7795 1.88647e+46 0
37.77 1.87885e+46 0
47.9046 1.82038e+46 0
60.7586 1.70347e+46 0
77.0616 1.52675e+46 0
97.7391 1.29846e+46 0
123.965 1.03759e+46 0
157.228 7.70462e+45 0
199.416 5.23944e+45 0
252.924 3.19152e+45 0
320.79 1.68357e+45 0
406.865 7.33521e+44 0
516.037 2.482e+44 0
654.502 6.04017e+43 0
830.121 9.61491e+42 0
1052.86 8.89607e+41 0
1335.37 4.12422e+40 0
1693.68 7.94163e+38 0
2148.14 5.00892e+36 0
2724.54 7.65798e+33 0
3455.6 1.93774e+30 0
4382.82 5.00211e+25 0
5558.84 0 0
7050.41 0 0
8942.21 0 0
