9.0733 5.9733e+45 0
11.5079 4.47188e+45 0
14.5957 3.31785e+45 0
18.5121 2.4398e+45 0
23.4794 1.77785e+45 0
29.7795 1.28316e+45 0
37.77 9.16714e+44 0
47.9046 6.47814e+44 0
60.7586 4.52539e+44 0
77.0616 3.12377e+44 0
97.7391 2.13065e+44 0
123.965 1.43663e+44 0
157.228 9.58443e+43 0
199.416 6.33397e+43 0
252.924 4.15122e+43 0
320.79 2.70051e+43 0
406.865 1.74454e+43 0
516.037 1.11923e+43 0
654.502 7.13047e+42 0
830.121 4.51042e+42 0
1052.86 2.8327e+42 0
1335.37 1.76658e+42 0
1693.68 1.09444e+42 0
2148.14 6.74046e+41 0
2724.54 4.1311e+41 0
3455.6 2.52258e+41 0
4382.82 1.53658e+41 0
5558.84 9.3463e+40 0
7050.41 5.68075e+40 0
8942.21 3.45154e+40 0
