# Light Curve Count Rate
# Time (sec) 	 Rate (c/s)
0 0
0.2 0
0.4 0
0.6 0
0.8 1.52545e+47
1 1.17276e+49
1.2 4.6971e+49
1.4 8.83565e+49
1.6 1.18625e+50
1.8 1.32071e+50
2 1.28911e+50
2.2 1.13843e+50
2.4 9.25681e+49
2.6 7.14305e+49
2.8 5.40045e+49
3 4.11665e+49
3.2 3.19879e+49
3.4 2.52729e+49
3.6 2.02811e+49
3.8 1.65095e+49
4 1.36108e+49
4.2 1.13512e+49
4.4 9.56423e+48
4.6 8.13431e+48
4.8 6.97566e+48
5 6.02655e+48
5.2 5.23936e+48
5.4 4.57939e+48
5.6 4.01529e+48
5.8 3.53302e+48
6 3.11403e+48
6.2 2.75974e+48
6.4 2.43789e+48
6.6 2.16603e+48
6.8 1.9121e+48
7 1.69975e+48
7.2 1.49485e+48
7.4 1.32686e+48
7.6 1.17863e+48
7.8 1.02552e+48
8 9.07045e+47
8.2 7.99531e+47
8.4 7.0347e+47
8.6 6.1759e+47
8.8 5.39545e+47
9 4.70835e+47
9.2 4.08603e+47
9.4 3.5262e+47
9.6 3.17159e+47
9.8 2.7227e+47
10 2.32294e+47
10.2 1.98149e+47
10.4 1.77152e+47
10.6 1.57238e+47
10.8 1.31502e+47
11 1.17584e+47
11.2 9.76332e+46
11.4 8.6413e+46
11.6 7.21481e+46
11.8 6.47565e+46
12 5.76044e+46
12.2 5.09863e+46
12.4 4.56415e+46
12.6 4.14892e+46
12.8 0
