3.33565e-11 100 3.4 -0 1
-0.019999 100 3.4 -0.02 1
-0.039998 100 3.4 -0.04 1
-0.059997 100 3.4 -0.06 1
-0.079996 100 3.4 -0.08 1
-0.099995 100 3.4 -0.1 1
-0.119994 100 3.4 -0.12 1
-0.139993 100 3.4 -0.14 1
-0.159992 100 3.4 -0.16 1
-0.179991 100 3.4 -0.18 1
-0.19999 100 3.4 -0.2 1
-0.219989 100 3.4 -0.22 1
-0.239988 100 3.4 -0.24 1
-0.259987 100 3.4 -0.26 1
-0.279986 100 3.4 -0.28 1
-0.299985 100 3.4 -0.3 1
-0.319984 100 3.4 -0.32 1
-0.339983 100 3.4 -0.34 1
-0.359982 100 3.4 -0.36 1
-0.379981 100 3.4 -0.38 1
-0.39998 100 3.4 -0.4 1
-0.419979 100 3.4 -0.42 1
-0.439978 100 3.4 -0.44 1
-0.459977 100 3.4 -0.46 1
-0.479976 100 3.4 -0.48 1
-0.499975 100 3.4 -0.5 1
-0.519974 100 3.4 -0.52 1
-0.539973 100 3.4 -0.54 1
-0.559972 100 3.4 -0.56 1
-0.579971 100 3.4 -0.58 1
-0.59997 100 3.4 -0.6 1
-0.619969 100 3.4 -0.62 1
-0.639968 100 3.4 -0.64 1
-0.659967 100 3.4 -0.66 1
-0.679966 100 3.4 -0.68 1
-0.699965 100 3.4 -0.7 1
-0.719964 100 3.4 -0.72 1
-0.739963 100 3.4 -0.74 1
-0.759962 100 3.4 -0.76 1
-0.779961 100 3.4 -0.78 1
-0.79996 100 3.4 -0.8 1
-0.819959 100 3.4 -0.82 1
-0.839958 100 3.4 -0.84 1
-0.859957 100 3.4 -0.86 1
-0.879956 100 3.4 -0.88 1
-0.899955 100 3.4 -0.9 1
-0.919954 100 3.4 -0.92 1
-0.939953 100 3.4 -0.94 1
-0.959952 100 3.4 -0.96 1
-0.979951 100 3.4 -0.98 1
-0.99995 100 3.4 -1 1
-1.01995 100 3.4 -1.02 1
-1.03995 100 3.4 -1.04 1
-1.05995 100 3.4 -1.06 1
-1.07995 100 3.4 -1.08 1
-1.09995 100 3.4 -1.1 1
-1.11994 100 3.4 -1.12 1
-1.13994 100 3.4 -1.14 1
-1.15994 100 3.4 -1.16 1
-1.17994 100 3.4 -1.18 1
-1.19994 100 3.4 -1.2 1
-1.21994 100 3.4 -1.22 1
-1.23994 100 3.4 -1.24 1
-1.25994 100 3.4 -1.26 1
-1.27994 100 3.4 -1.28 1
-1.29993 100 3.4 -1.3 1
-1.31993 100 3.4 -1.32 1
-1.33993 100 3.4 -1.34 1
-1.35993 100 3.4 -1.36 1
-1.37993 100 3.4 -1.38 1
-1.39993 100 3.4 -1.4 1
-1.41993 100 3.4 -1.42 1
-1.43993 100 3.4 -1.44 1
-1.45993 100 3.4 -1.46 1
-1.47993 100 3.4 -1.48 1
-1.49992 100 3.4 -1.5 1
-1.51992 100 3.4 -1.52 1
-1.53992 100 3.4 -1.54 1
-1.55992 100 3.4 -1.56 1
-1.57992 100 3.4 -1.58 1
-1.59992 100 3.4 -1.6 1
-1.61992 100 3.4 -1.62 1
-1.63992 100 3.4 -1.64 1
-1.65992 100 3.4 -1.66 1
-1.67992 100 3.4 -1.68 1
-1.69991 100 3.4 -1.7 1
-1.71991 100 3.4 -1.72 1
-1.73991 100 3.4 -1.74 1
-1.75991 100 3.4 -1.76 1
-1.77991 100 3.4 -1.78 1
-1.79991 100 3.4 -1.8 1
-1.81991 100 3.4 -1.82 1
-1.83991 100 3.4 -1.84 1
-1.85991 100 3.4 -1.86 1
-1.87991 100 3.4 -1.88 1
-1.8999 100 3.4 -1.9 1
-1.9199 100 3.4 -1.92 1
-1.9399 100 3.4 -1.94 1
-1.9599 100 3.4 -1.96 1
-1.9799 100 3.4 -1.98 1
-1.99999 400 0.85 -2 1
-2.01999 400 0.85 -2.02 1
-2.03999 400 0.85 -2.04 1
-2.05999 400 0.85 -2.06 1
-2.07999 400 0.85 -2.08 1
-2.09999 400 0.85 -2.1 1
-2.11999 400 0.85 -2.12 1
-2.13999 400 0.85 -2.14 1
-2.15999 400 0.85 -2.16 1
-2.17999 400 0.85 -2.18 1
-2.19999 400 0.85 -2.2 1
-2.21999 400 0.85 -2.22 1
-2.23999 400 0.85 -2.24 1
-2.25999 400 0.85 -2.26 1
-2.27999 400 0.85 -2.28 1
-2.29999 400 0.85 -2.3 1
-2.31999 400 0.85 -2.32 1
-2.33999 400 0.85 -2.34 1
-2.35999 400 0.85 -2.36 1
-2.37999 400 0.85 -2.38 1
-2.39999 400 0.85 -2.4 1
-2.41999 400 0.85 -2.42 1
-2.43999 400 0.85 -2.44 1
-2.45999 400 0.85 -2.46 1
-2.47999 400 0.85 -2.48 1
-2.49999 400 0.85 -2.5 1
-2.51999 400 0.85 -2.52 1
-2.53999 400 0.85 -2.54 1
-2.55999 400 0.85 -2.56 1
-2.57999 400 0.85 -2.58 1
-2.59999 400 0.85 -2.6 1
-2.61999 400 0.85 -2.62 1
-2.63999 400 0.85 -2.64 1
-2.65999 400 0.85 -2.66 1
-2.67999 400 0.85 -2.68 1
-2.69999 400 0.85 -2.7 1
-2.71999 400 0.85 -2.72 1
-2.73999 400 0.85 -2.74 1
-2.75999 400 0.85 -2.76 1
-2.77999 400 0.85 -2.78 1
-2.79999 400 0.85 -2.8 1
-2.81999 400 0.85 -2.82 1
-2.83999 400 0.85 -2.84 1
-2.85999 400 0.85 -2.86 1
-2.87999 400 0.85 -2.88 1
-2.89999 400 0.85 -2.9 1
-2.91999 400 0.85 -2.92 1
-2.93999 400 0.85 -2.94 1
-2.95999 400 0.85 -2.96 1
-2.97999 400 0.85 -2.98 1
-2.99999 400 0.85 -3 1
-3.01999 400 0.85 -3.02 1
-3.03999 400 0.85 -3.04 1
-3.05999 400 0.85 -3.06 1
-3.07999 400 0.85 -3.08 1
-3.09999 400 0.85 -3.1 1
-3.11999 400 0.85 -3.12 1
-3.13999 400 0.85 -3.14 1
-3.15999 400 0.85 -3.16 1
-3.17999 400 0.85 -3.18 1
-3.19999 400 0.85 -3.2 1
-3.21999 400 0.85 -3.22 1
-3.23999 400 0.85 -3.24 1
-3.25999 400 0.85 -3.26 1
-3.27999 400 0.85 -3.28 1
-3.29999 400 0.85 -3.3 1
-3.31999 400 0.85 -3.32 1
-3.33999 400 0.85 -3.34 1
-3.35999 400 0.85 -3.36 1
-3.37999 400 0.85 -3.38 1
-3.39999 400 0.85 -3.4 1
-3.41999 400 0.85 -3.42 1
-3.43999 400 0.85 -3.44 1
-3.45999 400 0.85 -3.46 1
-3.47999 400 0.85 -3.48 1
-3.49999 400 0.85 -3.5 1
-3.51999 400 0.85 -3.52 1
-3.53999 400 0.85 -3.54 1
-3.55999 400 0.85 -3.56 1
-3.57999 400 0.85 -3.58 1
-3.59999 400 0.85 -3.6 1
-3.61999 400 0.85 -3.62 1
-3.63999 400 0.85 -3.64 1
-3.65999 400 0.85 -3.66 1
-3.67999 400 0.85 -3.68 1
-3.69999 400 0.85 -3.7 1
-3.71999 400 0.85 -3.72 1
-3.73999 400 0.85 -3.74 1
-3.75999 400 0.85 -3.76 1
-3.77999 400 0.85 -3.78 1
-3.79999 400 0.85 -3.8 1
-3.81999 400 0.85 -3.82 1
-3.83999 400 0.85 -3.84 1
-3.85999 400 0.85 -3.86 1
-3.87999 400 0.85 -3.88 1
-3.89999 400 0.85 -3.9 1
-3.91999 400 0.85 -3.92 1
-3.93999 400 0.85 -3.94 1
-3.95999 400 0.85 -3.96 1
-3.97999 400 0.85 -3.98 1
-3.99999 400 0.85 -4 1
-4.01999 400 0.85 -4.02 1
-4.03999 400 0.85 -4.04 1
-4.05999 400 0.85 -4.06 1
-4.07999 400 0.85 -4.08 1
-4.09999 400 0.85 -4.1 1
-4.11999 400 0.85 -4.12 1
-4.13999 400 0.85 -4.14 1
-4.15999 400 0.85 -4.16 1
-4.17999 400 0.85 -4.18 1
-4.19999 400 0.85 -4.2 1
-4.21999 400 0.85 -4.22 1
-4.23999 400 0.85 -4.24 1
-4.25999 400 0.85 -4.26 1
-4.27999 400 0.85 -4.28 1
-4.29999 400 0.85 -4.3 1
-4.31999 400 0.85 -4.32 1
-4.33999 400 0.85 -4.34 1
-4.35999 400 0.85 -4.36 1
-4.37999 400 0.85 -4.38 1
-4.39999 400 0.85 -4.4 1
-4.41999 400 0.85 -4.42 1
-4.43999 400 0.85 -4.44 1
-4.45999 400 0.85 -4.46 1
-4.47999 400 0.85 -4.48 1
-4.49999 400 0.85 -4.5 1
-4.51999 400 0.85 -4.52 1
-4.53999 400 0.85 -4.54 1
-4.55999 400 0.85 -4.56 1
-4.57999 400 0.85 -4.58 1
-4.59999 400 0.85 -4.6 1
-4.61999 400 0.85 -4.62 1
-4.63999 400 0.85 -4.64 1
-4.65999 400 0.85 -4.66 1
-4.67999 400 0.85 -4.68 1
-4.69999 400 0.85 -4.7 1
-4.71999 400 0.85 -4.72 1
-4.73998 400 0.85 -4.74 1
-4.75998 400 0.85 -4.76 1
-4.77998 400 0.85 -4.78 1
-4.79998 400 0.85 -4.8 1
-4.81998 400 0.85 -4.82 1
-4.83998 400 0.85 -4.84 1
-4.85998 400 0.85 -4.86 1
-4.87998 400 0.85 -4.88 1
-4.89998 400 0.85 -4.9 1
-4.91998 400 0.85 -4.92 1
-4.93998 400 0.85 -4.94 1
-4.95998 400 0.85 -4.96 1
-4.97998 400 0.85 -4.98 1
-4.99998 400 0.85 -5 1
-5.01998 400 0.85 -5.02 1
-5.03998 400 0.85 -5.04 1
-5.05998 400 0.85 -5.06 1
-5.07998 400 0.85 -5.08 1
-5.09998 400 0.85 -5.1 1
-5.11998 400 0.85 -5.12 1
-5.13998 400 0.85 -5.14 1
-5.15998 400 0.85 -5.16 1
-5.17998 400 0.85 -5.18 1
-5.19998 400 0.85 -5.2 1
-5.21998 400 0.85 -5.22 1
-5.23998 400 0.85 -5.24 1
-5.25998 400 0.85 -5.26 1
-5.27998 400 0.85 -5.28 1
-5.29998 400 0.85 -5.3 1
-5.31998 400 0.85 -5.32 1
-5.33998 400 0.85 -5.34 1
-5.35998 400 0.85 -5.36 1
-5.37998 400 0.85 -5.38 1
-5.39998 400 0.85 -5.4 1
-5.41998 400 0.85 -5.42 1
-5.43998 400 0.85 -5.44 1
-5.45998 400 0.85 -5.46 1
-5.47998 400 0.85 -5.48 1
-5.49998 400 0.85 -5.5 1
-5.51998 400 0.85 -5.52 1
-5.53998 400 0.85 -5.54 1
-5.55998 400 0.85 -5.56 1
-5.57998 400 0.85 -5.58 1
-5.59998 400 0.85 -5.6 1
-5.61998 400 0.85 -5.62 1
-5.63998 400 0.85 -5.64 1
-5.65998 400 0.85 -5.66 1
-5.67998 400 0.85 -5.68 1
-5.69998 400 0.85 -5.7 1
-5.71998 400 0.85 -5.72 1
-5.73998 400 0.85 -5.74 1
-5.75998 400 0.85 -5.76 1
-5.77998 400 0.85 -5.78 1
-5.79998 400 0.85 -5.8 1
-5.81998 400 0.85 -5.82 1
-5.83998 400 0.85 -5.84 1
-5.85998 400 0.85 -5.86 1
-5.87998 400 0.85 -5.88 1
-5.89998 400 0.85 -5.9 1
-5.91998 400 0.85 -5.92 1
-5.93998 400 0.85 -5.94 1
-5.95998 400 0.85 -5.96 1
-5.97998 400 0.85 -5.98 1
-5.99998 400 0.85 -6 1
-6.01998 400 0.85 -6.02 1
-6.03998 400 0.85 -6.04 1
-6.05998 400 0.85 -6.06 1
-6.07998 400 0.85 -6.08 1
-6.09998 400 0.85 -6.1 1
-6.11998 400 0.85 -6.12 1
-6.13998 400 0.85 -6.14 1
-6.15998 400 0.85 -6.16 1
-6.17998 400 0.85 -6.18 1
-6.19998 400 0.85 -6.2 1
-6.21998 400 0.85 -6.22 1
-6.23998 400 0.85 -6.24 1
-6.25998 400 0.85 -6.26 1
-6.27998 400 0.85 -6.28 1
-6.29998 400 0.85 -6.3 1
-6.31998 400 0.85 -6.32 1
-6.33998 400 0.85 -6.34 1
-6.35998 400 0.85 -6.36 1
-6.37998 400 0.85 -6.38 1
-6.39998 400 0.85 -6.4 1
-6.41998 400 0.85 -6.42 1
-6.43998 400 0.85 -6.44 1
-6.45998 400 0.85 -6.46 1
-6.47998 400 0.85 -6.48 1
-6.49998 400 0.85 -6.5 1
-6.51998 400 0.85 -6.52 1
-6.53998 400 0.85 -6.54 1
-6.55998 400 0.85 -6.56 1
-6.57998 400 0.85 -6.58 1
-6.59998 400 0.85 -6.6 1
-6.61998 400 0.85 -6.62 1
-6.63998 400 0.85 -6.64 1
-6.65998 400 0.85 -6.66 1
-6.67998 400 0.85 -6.68 1
-6.69998 400 0.85 -6.7 1
-6.71998 400 0.85 -6.72 1
-6.73998 400 0.85 -6.74 1
-6.75998 400 0.85 -6.76 1
-6.77998 400 0.85 -6.78 1
-6.79998 400 0.85 -6.8 1
-6.81998 400 0.85 -6.82 1
-6.83998 400 0.85 -6.84 1
-6.85998 400 0.85 -6.86 1
-6.87998 400 0.85 -6.88 1
-6.89998 400 0.85 -6.9 1
-6.91998 400 0.85 -6.92 1
-6.93998 400 0.85 -6.94 1
-6.95998 400 0.85 -6.96 1
-6.97998 400 0.85 -6.98 1
-6.99998 400 0.85 -7 1
-7.01998 400 0.85 -7.02 1
-7.03998 400 0.85 -7.04 1
-7.05998 400 0.85 -7.06 1
-7.07998 400 0.85 -7.08 1
-7.09998 400 0.85 -7.1 1
-7.11998 400 0.85 -7.12 1
-7.13998 400 0.85 -7.14 1
-7.15998 400 0.85 -7.16 1
-7.17998 400 0.85 -7.18 1
-7.19998 400 0.85 -7.2 1
-7.21998 400 0.85 -7.22 1
-7.23998 400 0.85 -7.24 1
-7.25998 400 0.85 -7.26 1
-7.27998 400 0.85 -7.28 1
-7.29998 400 0.85 -7.3 1
-7.31998 400 0.85 -7.32 1
-7.33998 400 0.85 -7.34 1
-7.35998 400 0.85 -7.36 1
-7.37998 400 0.85 -7.38 1
-7.39998 400 0.85 -7.4 1
-7.41998 400 0.85 -7.42 1
-7.43998 400 0.85 -7.44 1
-7.45998 400 0.85 -7.46 1
-7.47998 400 0.85 -7.48 1
-7.49998 400 0.85 -7.5 1
-7.51998 400 0.85 -7.52 1
-7.53998 400 0.85 -7.54 1
-7.55998 400 0.85 -7.56 1
-7.57998 400 0.85 -7.58 1
-7.59998 400 0.85 -7.6 1
-7.61998 400 0.85 -7.62 1
-7.63998 400 0.85 -7.64 1
-7.65998 400 0.85 -7.66 1
-7.67998 400 0.85 -7.68 1
-7.69998 400 0.85 -7.7 1
-7.71998 400 0.85 -7.72 1
-7.73998 400 0.85 -7.74 1
-7.75998 400 0.85 -7.76 1
-7.77998 400 0.85 -7.78 1
-7.79998 400 0.85 -7.8 1
-7.81998 400 0.85 -7.82 1
-7.83998 400 0.85 -7.84 1
-7.85998 400 0.85 -7.86 1
-7.87998 400 0.85 -7.88 1
-7.89997 400 0.85 -7.9 1
-7.91997 400 0.85 -7.92 1
-7.93998 400 0.85 -7.94 1
-7.95998 400 0.85 -7.96 1
-7.97998 400 0.85 -7.98 1
-7.99997 400 0.85 -8 1
-8.01997 400 0.85 -8.02 1
-8.03997 400 0.85 -8.04 1
-8.05997 400 0.85 -8.06 1
-8.07997 400 0.85 -8.08 1
-8.09997 400 0.85 -8.1 1
-8.11997 400 0.85 -8.12 1
-8.13997 400 0.85 -8.14 1
-8.15997 400 0.85 -8.16 1
-8.17997 400 0.85 -8.18 1
-8.19997 400 0.85 -8.2 1
-8.21997 400 0.85 -8.22 1
-8.23997 400 0.85 -8.24 1
-8.25997 400 0.85 -8.26 1
-8.27997 400 0.85 -8.28 1
-8.29997 400 0.85 -8.3 1
-8.31997 400 0.85 -8.32 1
-8.33997 400 0.85 -8.34 1
-8.35997 400 0.85 -8.36 1
-8.37997 400 0.85 -8.38 1
-8.39997 400 0.85 -8.4 1
-8.41997 400 0.85 -8.42 1
-8.43997 400 0.85 -8.44 1
-8.45997 400 0.85 -8.46 1
-8.47997 400 0.85 -8.48 1
-8.49997 400 0.85 -8.5 1
-8.51997 400 0.85 -8.52 1
-8.53997 400 0.85 -8.54 1
-8.55997 400 0.85 -8.56 1
-8.57997 400 0.85 -8.58 1
-8.59997 400 0.85 -8.6 1
-8.61997 400 0.85 -8.62 1
-8.63997 400 0.85 -8.64 1
-8.65997 400 0.85 -8.66 1
-8.67997 400 0.85 -8.68 1
-8.69997 400 0.85 -8.7 1
-8.71997 400 0.85 -8.72 1
-8.73997 400 0.85 -8.74 1
-8.75997 400 0.85 -8.76 1
-8.77997 400 0.85 -8.78 1
-8.79997 400 0.85 -8.8 1
-8.81997 400 0.85 -8.82 1
-8.83997 400 0.85 -8.84 1
-8.85997 400 0.85 -8.86 1
-8.87997 400 0.85 -8.88 1
-8.89997 400 0.85 -8.9 1
-8.91997 400 0.85 -8.92 1
-8.93997 400 0.85 -8.94 1
-8.95997 400 0.85 -8.96 1
-8.97997 400 0.85 -8.98 1
-8.99997 400 0.85 -9 1
-9.01997 400 0.85 -9.02 1
-9.03997 400 0.85 -9.04 1
-9.05997 400 0.85 -9.06 1
-9.07997 400 0.85 -9.08 1
-9.09997 400 0.85 -9.1 1
-9.11997 400 0.85 -9.12 1
-9.13997 400 0.85 -9.14 1
-9.15997 400 0.85 -9.16 1
-9.17997 400 0.85 -9.18 1
-9.19997 400 0.85 -9.2 1
-9.21997 400 0.85 -9.22 1
-9.23997 400 0.85 -9.24 1
-9.25997 400 0.85 -9.26 1
-9.27997 400 0.85 -9.28 1
-9.29997 400 0.85 -9.3 1
-9.31997 400 0.85 -9.32 1
-9.33997 400 0.85 -9.34 1
-9.35997 400 0.85 -9.36 1
-9.37997 400 0.85 -9.38 1
-9.39997 400 0.85 -9.4 1
-9.41997 400 0.85 -9.42 1
-9.43997 400 0.85 -9.44 1
-9.45997 400 0.85 -9.46 1
-9.47997 400 0.85 -9.48 1
-9.49997 400 0.85 -9.5 1
-9.51997 400 0.85 -9.52 1
-9.53997 400 0.85 -9.54 1
-9.55997 400 0.85 -9.56 1
-9.57997 400 0.85 -9.58 1
-9.59997 400 0.85 -9.6 1
-9.61997 400 0.85 -9.62 1
-9.63997 400 0.85 -9.64 1
-9.65997 400 0.85 -9.66 1
-9.67997 400 0.85 -9.68 1
-9.69997 400 0.85 -9.7 1
-9.71997 400 0.85 -9.72 1
-9.73997 400 0.85 -9.74 1
-9.75997 400 0.85 -9.76 1
-9.77997 400 0.85 -9.78 1
-9.79997 400 0.85 -9.8 1
-9.81997 400 0.85 -9.82 1
-9.83997 400 0.85 -9.84 1
-9.85997 400 0.85 -9.86 1
-9.87997 400 0.85 -9.88 1
-9.89997 400 0.85 -9.9 1
-9.91997 400 0.85 -9.92 1
-9.93997 400 0.85 -9.94 1
-9.95997 400 0.85 -9.96 1
-9.97997 400 0.85 -9.98 1
