5.817 7.89081e+49 0
6.7555 1.24841e+50 0
7.691 1.92939e+50 0
8.624 2.91055e+50 0
9.5555 3.98325e+50 0
10.487 4.88665e+50 0
11.419 5.6302e+50 0
12.4455 7.4062e+50 0
13.569 7.72376e+50 0
14.6975 7.70037e+50 0
15.8325 7.59943e+50 0
16.977 7.29555e+50 0
18.1345 6.9087e+50 0
19.3085 6.5091e+50 0
20.603 7.06857e+50 0
22.025 6.55338e+50 0
23.4815 6.1006e+50 0
24.977 5.61696e+50 0
26.5165 5.15133e+50 0
28.104 4.73858e+50 0
29.8655 4.93984e+50 0
31.815 4.36388e+50 0
33.7325 3.39215e+50 0
35.38 2.29798e+50 0
36.8375 2.10012e+50 0
38.409 2.192e+50 0
40.098 2.04513e+50 0
41.8125 1.92431e+50 0
43.5515 1.82146e+50 0
45.413 1.90715e+50 0
47.398 1.7863e+50 0
49.408 1.67158e+50 0
51.4415 1.56417e+50 0
53.601 1.61094e+50 0
55.8865 1.51119e+50 0
58.1935 1.42141e+50 0
60.5205 1.33631e+50 0
62.973 1.36662e+50 0
65.549 1.28135e+50 0
68.14 1.20242e+50 0
70.8525 1.2181e+50 0
73.684 1.13289e+50 0
76.5225 1.05122e+50 0
79.4735 1.04975e+50 0
82.5335 9.72865e+49 0
85.591 9.02526e+49 0
88.7545 8.95037e+49 0
92.024 8.2694e+49 0
95.292 7.65966e+49 0
98.6685 7.55071e+49 0
102.154 6.98276e+49 0
105.641 6.46141e+49 0
109.238 6.35542e+49 0
112.949 5.86717e+49 0
116.773 5.72879e+49 0
120.714 5.27871e+49 0
124.772 5.14126e+49 0
128.951 4.7367e+49 0
133.249 4.5908e+49 0
137.668 4.21742e+49 0
142.097 3.87298e+49 0
146.648 3.72033e+49 0
151.322 3.39281e+49 0
156.118 3.23948e+49 0
161.15 3.07874e+49 0
166.307 2.7979e+49 0
171.591 2.64331e+49 0
177.001 2.38438e+49 0
182.538 2.23696e+49 0
188.203 2.01271e+49 0
193.997 1.88037e+49 0
200.035 1.74785e+49 0
206.205 1.56309e+49 0
212.507 1.45093e+49 0
219.055 1.34218e+49 0
225.738 1.19624e+49 0
232.556 1.10024e+49 0
239.626 1.00782e+49 0
246.949 9.19386e+48 0
254.41 8.12573e+48 0
262.01 7.41303e+48 0
269.869 6.74632e+48 0
277.987 6.13457e+48 0
286.246 5.43928e+48 0
294.649 4.96211e+48 0
303.316 4.51679e+48 0
312.247 4.10271e+48 0
321.445 3.72535e+48 0
330.911 3.3794e+48 0
340.646 3.06065e+48 0
350.652 2.76597e+48 0
360.932 2.49781e+48 0
371.487 2.25543e+48 0
382.316 2.04607e+48 0
393.423 1.85982e+48 0
404.81 1.68697e+48 0
416.475 1.52616e+48 0
428.546 1.39914e+48 0
441.023 1.25738e+48 0
453.785 1.13228e+48 0
466.833 1.02299e+48 0
480.167 9.26863e+47 0
493.913 8.53686e+47 0
508.073 7.74097e+47 0
522.522 7.02289e+47 0
537.387 6.47104e+47 0
552.669 5.83102e+47 0
568.368 5.33794e+47 0
584.484 4.81842e+47 0
601.02 4.42997e+47 0
617.974 4.02608e+47 0
635.346 3.71705e+47 0
653.263 3.43539e+47 0
671.595 3.13014e+47 0
690.344 2.86979e+47 0
709.635 2.62715e+47 0
729.466 2.40795e+47 0
749.834 2.20688e+47 0
770.609 2.005e+47 0
791.785 1.84847e+47 0
813.487 1.71142e+47 0
835.711 1.58597e+47 0
858.451 1.477e+47 0
881.828 1.38555e+47 0
905.835 1.27456e+47 0
936.256 1.6966e+47 0
973.439 1.51933e+47 0
1496.16 1.16195e+48 0
