166.189 1.26883e+50 1.26883e+49
235.272 1.09612e+49 1.09612e+48
269.401 6.23287e+48 6.23287e+47
303.344 3.74216e+48 3.74216e+47
337.115 2.38945e+48 2.38945e+47
370.724 1.59661e+48 1.59661e+47
404.185 1.11803e+48 1.11803e+47
437.508 8.16307e+47 8.16307e+46
470.707 6.0369e+47 6.0369e+46
503.794 4.60061e+47 4.60061e+46
536.781 3.6221e+47 3.6221e+46
569.678 2.81583e+47 2.81583e+46
607.958 2.87665e+47 2.87665e+46
651.613 2.28723e+47 2.28723e+46
695.186 1.85998e+47 1.85998e+46
738.707 1.54336e+47 1.54336e+46
782.204 1.30785e+47 1.30785e+46
825.707 1.10815e+47 1.10815e+46
869.243 9.69123e+46 9.69123e+45
912.841 8.64665e+46 8.64665e+45
956.531 7.43165e+46 7.43165e+45
1000.34 6.49792e+46 6.49792e+45
1044.3 5.7948e+46 5.7948e+45
1093.98 6.37625e+46 6.37625e+45
1149.48 5.69793e+46 5.69793e+45
1205.37 5.1955e+46 5.19551e+45
1261.7 4.64545e+46 4.64545e+45
1318.52 4.12635e+46 4.12635e+45
1375.9 3.78464e+46 3.78464e+45
1433.88 3.51269e+46 3.51269e+45
1492.41 3.21302e+46 3.21302e+45
1557.18 3.43464e+46 3.43464e+45
1627.82 3.05615e+46 3.05615e+45
1697.94 2.74712e+46 2.74712e+45
1767.05 2.45287e+46 2.45287e+45
1834.61 2.17454e+46 2.17454e+45
1900.1 1.90972e+46 1.90972e+45
1963.03 1.68952e+46 1.68952e+45
2028.07 1.75782e+46 1.75782e+45
2095.57 1.56721e+46 1.56721e+45
2161.71 1.40315e+46 1.40315e+45
2227.89 1.28353e+46 1.28353e+45
2294.91 1.20084e+46 1.20084e+45
2362.93 1.14352e+46 1.14352e+45
2436.89 1.23329e+46 1.2333e+45
2516.88 1.14539e+46 1.14539e+45
2597.97 1.05858e+46 1.05858e+45
2680.09 9.71731e+45 9.71731e+44
2763.18 8.86134e+45 8.86134e+44
2847.17 8.32306e+45 8.32306e+44
2937.34 9.07732e+45 9.07732e+44
3033.71 8.60424e+45 8.60424e+44
3130.94 7.82803e+45 7.82803e+44
3228.93 7.05669e+45 7.05669e+44
3333.09 7.04925e+45 7.04925e+44
3443.39 6.41307e+45 6.41307e+44
3554.24 5.97147e+45 5.97147e+44
3665.51 5.56944e+45 5.56944e+44
3782.66 5.54606e+45 5.54606e+44
3905.54 4.96729e+45 4.96729e+44
4028.47 4.645e+45 4.645e+44
4151.4 4.41211e+45 4.41211e+44
4279.91 4.48994e+45 4.48994e+44
4414 4.15435e+45 4.15435e+44
4548.08 3.8227e+45 3.8227e+44
4687.74 3.69625e+45 3.69625e+44
4832.98 3.21851e+45 3.21851e+44
4978.21 2.82722e+45 2.82722e+44
5129.02 2.72637e+45 2.72637e+44
5285.4 2.49901e+45 2.49901e+44
5447.36 2.48268e+45 2.48268e+44
5614.9 2.26739e+45 2.26739e+44
5782.42 2.03848e+45 2.03848e+44
5955.52 1.94562e+45 1.94562e+44
6134.19 1.74345e+45 1.74345e+44
6318.44 1.67986e+45 1.67986e+44
6508.25 1.58259e+45 1.58259e+44
6703.63 1.60298e+45 1.60298e+44
6910.17 1.55805e+45 1.55805e+44
7122.27 1.38925e+45 1.38925e+44
7339.93 1.29219e+45 1.29219e+44
7563.16 1.12957e+45 1.12957e+44
7791.96 1.02845e+45 1.02845e+44
8031.89 9.72307e+44 9.72307e+43
8282.97 9.52528e+44 9.52528e+43
8539.61 8.591e+44 8.591e+43
8801.8 7.76974e+44 7.76974e+43
9075.13 7.0136e+44 7.0136e+43
9359.59 6.46444e+44 6.46445e+43
9655.18 6.16139e+44 6.16139e+43
9961.89 6.08659e+44 6.08659e+43
10279.7 6.08138e+44 6.08138e+43
10614.3 6.08995e+44 6.08995e+43
10965.5 5.68586e+44 5.68586e+43
11327.9 5.15957e+44 5.15957e+43
11706.9 4.63323e+44 4.63323e+43
12102.6 4.00146e+44 4.00146e+43
12515 3.71154e+44 3.71154e+43
12949.7 3.44761e+44 3.44761e+43
13406.5 3.10513e+44 3.10513e+43
13885.7 2.86317e+44 2.86317e+43
14387 2.69837e+44 2.69837e+43
14910.6 2.49052e+44 2.49052e+43
15462 2.35889e+44 2.35889e+43
16041.1 2.21568e+44 2.21568e+43
16648.1 2.03505e+44 2.03505e+43
17293.9 1.86827e+44 1.86827e+43
17978.7 1.70649e+44 1.70649e+43
18702.3 1.57711e+44 1.57711e+43
19464.9 1.41613e+44 1.41613e+43
20271.9 1.32105e+44 1.32105e+43
21128.9 1.24207e+44 1.24207e+43
22035.9 1.14539e+44 1.14539e+43
23004.1 1.05051e+44 1.05051e+43
24039 9.22479e+43 9.2248e+42
25140.6 8.06023e+43 8.06023e+42
26314.6 7.26008e+43 7.26008e+42
27566.4 6.49785e+43 6.49785e+42
28901.8 5.7945e+43 5.7945e+42
30331.8 4.9069e+43 4.9069e+42
31867.8 4.35396e+43 4.35396e+42
33515.4 4.00789e+43 4.00789e+42
35285.8 3.7152e+43 3.7152e+42
37190.5 3.22919e+43 3.22919e+42
39240.8 2.72783e+43 2.72783e+42
41520.8 2.53451e+43 2.53451e+42
44103.6 2.30626e+43 2.30626e+42
47735.4 2.87459e+43 2.87459e+42
