166.189 1.35833e+50 0
235.272 1.03918e+49 0
269.401 5.74587e+48 0
303.344 3.37094e+48 0
337.115 2.11208e+48 0
370.724 1.38576e+48 0
404.185 9.54218e+47 0
437.508 6.8795e+47 0
470.707 5.02804e+47 0
503.794 3.7965e+47 0
536.781 2.98857e+47 0
569.678 2.32052e+47 0
607.958 2.35727e+47 0
651.613 1.85701e+47 0
695.186 1.48666e+47 0
738.707 1.21256e+47 0
782.204 1.01518e+47 0
825.707 8.55004e+46 0
869.243 7.45983e+46 0
912.841 6.66562e+46 0
956.531 5.78964e+46 0
1000.34 5.12098e+46 0
1044.3 4.6016e+46 0
1093.98 5.05243e+46 0
1149.48 4.42795e+46 0
1205.37 3.93545e+46 0
1261.7 3.48124e+46 0
1318.52 3.11632e+46 0
1375.9 2.85568e+46 0
1433.88 2.60318e+46 0
1492.41 2.34937e+46 0
1557.18 2.50334e+46 0
1627.82 2.18655e+46 0
1697.94 1.90865e+46 0
1767.05 1.66689e+46 0
1834.61 1.46884e+46 0
1900.1 1.29731e+46 0
1963.03 1.14309e+46 0
2028.07 1.16642e+46 0
2095.57 1.0276e+46 0
2161.71 9.2696e+45 0
2227.89 8.6036e+45 0
2294.91 8.07198e+45 0
2362.93 7.58768e+45 0
2436.89 8.09138e+45 0
2516.88 7.5196e+45 0
2597.97 6.96938e+45 0
2680.09 6.43623e+45 0
2763.18 5.91924e+45 0
2847.17 5.4664e+45 0
2937.34 5.68043e+45 0
3033.71 5.20897e+45 0
3130.94 4.77959e+45 0
3228.93 4.42394e+45 0
3333.09 4.50705e+45 0
3443.39 4.08724e+45 0
3554.24 3.74267e+45 0
3665.51 3.47323e+45 0
3782.66 3.53772e+45 0
3905.54 3.23494e+45 0
4028.47 2.94564e+45 0
4151.4 2.6751e+45 0
4279.91 2.64855e+45 0
4414 2.41181e+45 0
4548.08 2.20492e+45 0
4687.74 2.16758e+45 0
4832.98 1.95924e+45 0
4978.21 1.78205e+45 0
5129.02 1.74752e+45 0
5285.4 1.59049e+45 0
5447.36 1.55723e+45 0
5614.9 1.42064e+45 0
5782.42 1.29448e+45 0
5955.52 1.26167e+45 0
6134.19 1.15273e+45 0
6318.44 1.11455e+45 0
6508.25 1.01434e+45 0
6703.63 9.77627e+44 0
6910.17 9.33669e+44 0
7122.27 8.40708e+44 0
7339.93 7.93863e+44 0
7563.16 7.1552e+44 0
7791.96 6.82153e+44 0
8031.89 6.51711e+44 0
8282.97 6.21393e+44 0
8539.61 5.64397e+44 0
8801.8 5.33085e+44 0
9075.13 5.00232e+44 0
9359.59 4.68674e+44 0
9655.18 4.4004e+44 0
9961.89 4.13419e+44 0
10279.7 3.87066e+44 0
10614.3 3.71479e+44 0
10965.5 3.42248e+44 0
11327.9 3.13613e+44 0
11706.9 2.93894e+44 0
12102.6 2.68951e+44 0
12515 2.54115e+44 0
12949.7 2.36577e+44 0
13406.5 2.18614e+44 0
13885.7 2.03158e+44 0
14387 1.88954e+44 0
14910.6 1.73808e+44 0
15462 1.60737e+44 0
16041.1 1.4626e+44 0
16648.1 1.35161e+44 0
17293.9 1.26505e+44 0
17978.7 1.15907e+44 0
18702.3 1.06399e+44 0
19464.9 9.63183e+43 0
20271.9 8.86599e+43 0
21128.9 8.06452e+43 0
22035.9 7.30084e+43 0
23004.1 6.63629e+43 0
24039 6.01386e+43 0
25140.6 5.43074e+43 0
26314.6 4.90672e+43 0
27566.4 4.36535e+43 0
28901.8 3.8851e+43 0
30331.8 3.46311e+43 0
31867.8 3.07684e+43 0
33515.4 2.71921e+43 0
35285.8 2.42048e+43 0
37190.5 2.13493e+43 0
39240.8 1.8854e+43 0
41520.8 1.73924e+43 0
44103.6 1.55792e+43 0
47735.4 1.91562e+43 0
