8.17402 2.13419e+45 0
8.52964 1.99656e+45 0
8.90073 1.87054e+45 0
9.28796 1.75013e+45 0
9.69204 1.63671e+45 0
10.1137 1.53289e+45 0
10.5537 1.43775e+45 0
11.0129 1.35046e+45 0
11.492 1.26525e+45 0
11.9919 1.18681e+45 0
12.5137 1.11484e+45 0
13.0581 1.04874e+45 0
13.6262 9.85976e+44 0
14.219 9.26597e+44 0
14.8376 8.72034e+44 0
15.4831 8.21836e+44 0
16.1567 7.74709e+44 0
16.8596 7.29562e+44 0
17.5931 6.88002e+44 0
18.3585 6.49696e+44 0
19.1572 6.13554e+44 0
19.9907 5.78751e+44 0
20.8604 5.46664e+44 0
21.7679 5.17044e+44 0
22.715 4.88597e+44 0
23.7032 4.61477e+44 0
24.7344 4.36443e+44 0
25.8105 4.13303e+44 0
26.9334 3.90369e+44 0
28.1052 3.69078e+44 0
29.3279 3.49405e+44 0
30.6039 3.30522e+44 0
31.9353 3.12346e+44 0
33.3247 2.9556e+44 0
34.7745 2.79815e+44 0
36.2874 2.64273e+44 0
37.8661 2.49927e+44 0
39.5135 2.36633e+44 0
41.2325 2.23347e+44 0
43.0264 2.11092e+44 0
44.8983 1.9975e+44 0
46.8516 1.88416e+44 0
48.8899 1.77967e+44 0
51.0169 1.68207e+44 0
53.2365 1.58569e+44 0
55.5526 1.49688e+44 0
57.9694 1.41237e+44 0
60.4914 1.33074e+44 0
63.1231 1.25557e+44 0
65.8694 1.18213e+44 0
68.7351 1.11333e+44 0
71.7254 1.04887e+44 0
74.8459 9.8609e+43 0
78.1021 9.28388e+43 0
81.5 8.7208e+43 0
85.0457 8.19702e+43 0
88.7457 7.69845e+43 0
92.6067 7.22488e+43 0
96.6356 6.7817e+43 0
100.84 6.35533e+43 0
105.227 5.96029e+43 0
109.805 5.57804e+43 0
114.582 5.22517e+43 0
119.567 4.88397e+43 0
124.769 4.56843e+43 0
130.197 4.2652e+43 0
135.861 3.98302e+43 0
141.772 3.7147e+43 0
147.94 3.46246e+43 0
154.376 3.22603e+43 0
161.092 3.00081e+43 0
168.101 2.79154e+43 0
175.414 2.59257e+43 0
183.046 2.40588e+43 0
191.009 2.2317e+43 0
199.319 2.06644e+43 0
207.991 1.91148e+43 0
217.04 1.76664e+43 0
226.482 1.63101e+43 0
236.336 1.5028e+43 0
246.617 1.38282e+43 0
257.347 1.27054e+43 0
268.543 1.16542e+43 0
280.226 1.06698e+43 0
292.417 9.74806e+42 0
305.139 8.88536e+42 0
318.415 8.07837e+42 0
332.267 7.32386e+42 0
346.723 6.61444e+42 0
361.807 5.95266e+42 0
377.548 5.35148e+42 0
393.974 4.81102e+42 0
411.114 4.32514e+42 0
429 3.88832e+42 0
447.664 3.49563e+42 0
467.139 3.1426e+42 0
487.463 2.82521e+42 0
508.67 2.53989e+42 0
530.8 2.28337e+42 0
553.893 2.05277e+42 0
577.991 1.84545e+42 0
603.137 1.65907e+42 0
629.377 1.49152e+42 0
656.758 1.34088e+42 0
685.331 1.20546e+42 0
715.147 1.08372e+42 0
746.26 9.74271e+41 0
778.726 8.75876e+41 0
812.605 7.87419e+41 0
847.958 7.07895e+41 0
884.849 6.36402e+41 0
923.345 5.7213e+41 0
963.516 5.14348e+41 0
1005.43 4.62402e+41 0
1049.18 4.15703e+41 0
1094.82 3.7372e+41 0
1142.45 3.35976e+41 0
1192.16 3.02045e+41 0
1244.02 2.7154e+41 0
1298.14 2.44117e+41 0
1354.62 2.19463e+41 0
1413.55 1.97298e+41 0
1475.05 1.77372e+41 0
1539.23 1.59459e+41 0
1606.19 1.43355e+41 0
1676.07 1.28877e+41 0
1748.99 1.15861e+41 0
1825.08 1.0416e+41 0
1904.48 9.36404e+40 0
1987.34 8.41834e+40 0
2073.8 7.56814e+40 0
2164.02 6.80381e+40 0
2258.17 6.11667e+40 0
2356.41 5.49893e+40 0
2458.93 4.94357e+40 0
2565.91 4.4443e+40 0
2677.54 3.99546e+40 0
2794.02 3.59194e+40 0
2915.58 3.22918e+40 0
3042.43 2.90305e+40 0
3174.79 2.60986e+40 0
3312.91 2.34629e+40 0
3457.04 2.10932e+40 0
3607.44 1.8963e+40 0
3764.39 1.70478e+40 0
3928.16 1.53261e+40 0
4099.06 1.37783e+40 0
4277.39 1.23868e+40 0
4463.48 1.11358e+40 0
4657.67 1.00111e+40 0
4860.3 9.00008e+39 0
5071.75 8.09113e+39 0
5292.4 7.27398e+39 0
5522.65 6.53936e+39 0
5762.92 5.87893e+39 0
6013.64 5.28519e+39 0
6275.27 4.75142e+39 0
6548.28 4.27156e+39 0
6833.17 3.84016e+39 0
7130.45 3.45233e+39 0
7440.67 3.10367e+39 0
7764.38 2.79022e+39 0
8102.17 2.50843e+39 0
8454.66 2.25509e+39 0
8822.49 2.02734e+39 0
9206.32 1.82259e+39 0
9606.85 1.63852e+39 0
10024.8 1.47304e+39 0
10460.9 1.32428e+39 0
10916 1.19053e+39 0
11391 1.0703e+39 0
11886.5 9.62204e+38 0
12403.7 8.65027e+38 0
12943.3 7.77665e+38 0
13506.4 6.99126e+38 0
14094 6.28519e+38 0
14707.2 5.65043e+38 0
15347 5.07977e+38 0
16014.7 4.56675e+38 0
16711.4 4.10554e+38 0
17438.5 3.6909e+38 0
18197.2 3.31815e+38 0
18988.8 2.98304e+38 0
19815 2.68177e+38 0
20677 2.41093e+38 0
21576.6 2.16744e+38 0
22515.3 1.94854e+38 0
23494.9 1.75175e+38 0
24517 1.57484e+38 0
25583.6 1.41579e+38 0
26696.7 1.2728e+38 0
27858.1 1.14426e+38 0
29070.1 1.0287e+38 0
30334.8 9.24806e+37 0
31654.6 8.31406e+37 0
33031.8 7.47439e+37 0
34468.8 6.71953e+37 0
35968.4 6.0409e+37 0
37533.2 5.43081e+37 0
39166.2 4.88233e+37 0
