102.769 1.28082e+48 1.28082e+47
108.461 1.1871e+48 1.1871e+47
114.468 1.16141e+48 1.16141e+47
120.808 8.78562e+47 8.78562e+46
127.498 8.13195e+47 8.13195e+46
134.56 7.29517e+47 7.29517e+46
142.012 8.22075e+47 8.22075e+46
149.877 6.45258e+47 6.45258e+46
158.178 5.89783e+47 5.89783e+46
166.938 6.36653e+47 6.36653e+46
176.184 5.60395e+47 5.60395e+46
185.942 4.64882e+47 4.64882e+46
196.24 4.36685e+47 4.36685e+46
207.108 3.43948e+47 3.43948e+46
218.579 2.87799e+47 2.87799e+46
230.684 3.2881e+47 3.2881e+46
243.461 2.76644e+47 2.76644e+46
256.944 2.51553e+47 2.51553e+46
271.175 2.0587e+47 2.0587e+46
286.194 1.85258e+47 1.85258e+46
302.044 1.93412e+47 1.93412e+46
318.772 1.76177e+47 1.76177e+46
336.427 1.37388e+47 1.37388e+46
355.06 1.24489e+47 1.24489e+46
374.724 1.33605e+47 1.33605e+46
395.478 1.15166e+47 1.15166e+46
417.381 8.99371e+46 8.99371e+45
440.497 9.00312e+46 9.00312e+45
464.893 6.61782e+46 6.61782e+45
490.641 7.08399e+46 7.08399e+45
517.814 5.83344e+46 5.83344e+45
546.492 4.04452e+46 4.04452e+45
576.759 5.29363e+46 5.29363e+45
608.702 4.92259e+46 4.92259e+45
642.414 3.95503e+46 3.95503e+45
677.994 3.40722e+46 3.40722e+45
715.543 3.44293e+46 3.44293e+45
755.173 2.93376e+46 2.93376e+45
796.997 2.36837e+46 2.36837e+45
841.138 2.1264e+46 2.1264e+45
887.723 1.8962e+46 1.8962e+45
936.888 1.76988e+46 1.76988e+45
988.777 1.62236e+46 1.62236e+45
1043.54 1.47885e+46 1.47885e+45
1101.33 1.18446e+46 1.18446e+45
1162.33 8.95528e+45 8.95528e+44
1226.7 9.8134e+45 9.8134e+44
1294.64 5.8958e+45 5.8958e+44
1366.34 6.92596e+45 6.92596e+44
1442.02 6.86399e+45 6.86399e+44
1521.88 6.73689e+45 6.73689e+44
1606.17 4.52127e+45 4.52127e+44
1695.13 4.02975e+45 4.02975e+44
1789.01 3.90488e+45 3.90488e+44
1888.09 2.66648e+45 2.66648e+44
1992.66 3.26623e+45 3.26623e+44
2103.02 2.56003e+45 2.56003e+44
2219.49 2.0972e+45 2.0972e+44
2342.42 1.99758e+45 1.99758e+44
2472.15 1.78662e+45 1.78662e+44
2609.06 1.58422e+45 1.58422e+44
2753.56 9.96588e+44 9.96588e+43
2906.07 1.0909e+45 1.0909e+44
3067.01 7.71971e+44 7.71971e+43
3236.88 9.66341e+44 9.66341e+43
3416.15 8.10436e+44 8.10436e+43
3605.35 7.11225e+44 7.11225e+43
3805.02 6.44026e+44 6.44026e+43
4015.76 5.69092e+44 5.69092e+43
4238.17 4.392e+44 4.392e+43
4472.89 3.85879e+44 3.85879e+43
4720.62 3.51098e+44 3.51098e+43
4982.06 2.65138e+44 2.65138e+43
5257.99 1.99252e+44 1.99252e+43
5549.19 2.24676e+44 2.24676e+43
5856.53 1.94622e+44 1.94622e+43
6180.88 1.50292e+44 1.50292e+43
6523.2 1.42919e+44 1.42919e+43
6884.48 1.31826e+44 1.31826e+43
7265.77 9.78578e+43 9.78578e+42
7668.18 9.1497e+43 9.1497e+42
8092.87 9.19486e+43 9.19486e+42
8541.08 7.82418e+43 7.82418e+42
9014.11 5.98306e+43 5.98306e+42
9513.35 5.41434e+43 5.41434e+42
10040.2 4.62101e+43 4.62101e+42
10596.3 4.43699e+43 4.43699e+42
11183.2 3.70546e+43 3.70546e+42
11802.5 2.57004e+43 2.57004e+42
12456.2 3.1292e+43 3.1292e+42
13146.1 2.90351e+43 2.90351e+42
13874.1 2.53464e+43 2.53464e+42
14642.5 1.77221e+43 1.77221e+42
15453.5 1.82791e+43 1.82791e+42
16309.4 1.43697e+43 1.43697e+42
17212.6 1.43668e+43 1.43668e+42
18165.9 1.27015e+43 1.27015e+42
19172 1.05421e+43 1.05421e+42
20233.8 8.81227e+42 8.81227e+41
21354.5 6.7286e+42 6.7286e+41
22537.2 6.48268e+42 6.48268e+41
23785.4 6.10305e+42 6.10305e+41
25102.7 4.94126e+42 4.94126e+41
26493 4.45792e+42 4.45792e+41
27960.2 3.5934e+42 3.5934e+41
29508.8 3.43496e+42 3.43496e+41
31143.1 3.24096e+42 3.24096e+41
32867.9 2.25353e+42 2.25353e+41
34688.2 2.39385e+42 2.39385e+41
36609.4 2.1735e+42 2.1735e+41
38637 1.69719e+42 1.69719e+41
40776.8 1.31604e+42 1.31604e+41
43035.2 1.27079e+42 1.27079e+41
45418.6 9.89164e+41 9.89164e+40
47934.1 9.34458e+41 9.34458e+40
50588.8 8.28231e+41 8.28231e+40
53390.6 9.03427e+41 9.03427e+40
56347.6 6.38613e+41 6.38613e+40
59468.3 5.83439e+41 5.83439e+40
62761.9 4.76152e+41 4.76152e+40
66237.9 4.08481e+41 4.08481e+40
69906.4 3.83552e+41 3.83552e+40
73778.1 3.69475e+41 3.69475e+40
77864.2 2.99149e+41 2.99149e+40
82176.6 2.4093e+41 2.4093e+40
86727.8 2.12266e+41 2.12266e+40
91531.1 1.84624e+41 1.84624e+40
96600.4 1.76413e+41 1.76413e+40
101951 1.41098e+41 1.41098e+40
107597 1.31646e+41 1.31646e+40
113556 1.33642e+41 1.33642e+40
119845 1.01669e+41 1.01669e+40
126483 8.04082e+40 8.04082e+39
133488 7.62393e+40 7.62393e+39
140881 6.80409e+40 6.80409e+39
148683 5.69651e+40 5.69651e+39
156918 5.83068e+40 5.83068e+39
165609 4.493e+40 4.493e+39
174781 3.83676e+40 3.83676e+39
184461 4.0965e+40 4.0965e+39
