8.17402 2.42388e+47 0
8.52964 2.27961e+47 0
8.90073 2.13248e+47 0
9.28796 1.98646e+47 0
9.69204 1.84434e+47 0
10.1137 1.70551e+47 0
10.5537 1.57195e+47 0
11.0129 1.44495e+47 0
11.492 1.32591e+47 0
11.9919 1.21551e+47 0
12.5137 1.11335e+47 0
13.0581 1.0193e+47 0
13.6262 9.34055e+46 0
14.219 8.56868e+46 0
14.8376 7.86964e+46 0
15.4831 7.2355e+46 0
16.1567 6.65861e+46 0
16.8596 6.13528e+46 0
17.5931 5.66037e+46 0
18.3585 5.22685e+46 0
19.1572 4.83189e+46 0
19.9907 4.47128e+46 0
20.8604 4.14335e+46 0
21.7679 3.84488e+46 0
22.715 3.57153e+46 0
23.7032 3.32008e+46 0
24.7344 3.09008e+46 0
25.8105 2.88017e+46 0
26.9334 2.68825e+46 0
28.1052 2.51249e+46 0
29.3279 2.35034e+46 0
30.6039 2.20171e+46 0
31.9353 2.06364e+46 0
33.3247 1.936e+46 0
34.7745 1.81803e+46 0
36.2874 1.70948e+46 0
37.8661 1.60932e+46 0
39.5135 1.51501e+46 0
41.2325 1.42733e+46 0
43.0264 1.34644e+46 0
44.8983 1.27172e+46 0
46.8516 1.20213e+46 0
48.8899 1.13725e+46 0
51.0169 1.07655e+46 0
53.2365 1.01913e+46 0
55.5526 9.65347e+45 0
57.9694 9.15208e+45 0
60.4914 8.68208e+45 0
63.1231 8.23272e+45 0
65.8694 7.81e+45 0
68.7351 7.41622e+45 0
71.7254 7.04877e+45 0
74.8459 6.70174e+45 0
78.1021 6.37385e+45 0
81.5 6.05833e+45 0
85.0457 5.76011e+45 0
88.7457 5.48101e+45 0
92.6067 5.21335e+45 0
96.6356 4.95639e+45 0
100.84 4.71555e+45 0
105.227 4.48982e+45 0
109.805 4.27577e+45 0
114.582 4.07211e+45 0
119.567 3.87522e+45 0
124.769 3.68879e+45 0
130.197 3.51308e+45 0
135.861 3.34113e+45 0
141.772 3.17867e+45 0
147.94 3.02595e+45 0
154.376 2.87559e+45 0
161.092 2.73401e+45 0
168.101 2.60041e+45 0
175.414 2.47435e+45 0
183.046 2.35314e+45 0
191.009 2.23594e+45 0
199.319 2.12575e+45 0
207.991 2.01818e+45 0
217.04 1.91594e+45 0
226.482 1.81952e+45 0
236.336 1.7285e+45 0
246.617 1.64005e+45 0
257.347 1.55569e+45 0
268.543 1.47531e+45 0
280.226 1.39728e+45 0
292.417 1.32379e+45 0
305.139 1.25193e+45 0
318.415 1.18431e+45 0
332.267 1.12085e+45 0
346.723 1.05992e+45 0
361.807 1.00168e+45 0
377.548 9.46035e+44 0
393.974 8.92777e+44 0
411.114 8.41983e+44 0
429 7.93518e+44 0
447.664 7.48325e+44 0
467.139 7.05269e+44 0
487.463 6.64259e+44 0
508.67 6.24911e+44 0
530.8 5.87807e+44 0
553.893 5.52006e+44 0
577.991 5.18107e+44 0
603.137 4.8612e+44 0
629.377 4.56528e+44 0
656.758 4.27953e+44 0
685.331 4.00826e+44 0
715.147 3.75035e+44 0
746.26 3.50586e+44 0
778.726 3.27912e+44 0
812.605 3.06228e+44 0
847.958 2.85392e+44 0
884.849 2.65369e+44 0
923.345 2.46125e+44 0
963.516 2.28362e+44 0
1005.43 2.1117e+44 0
1049.18 1.94464e+44 0
1094.82 1.78179e+44 0
1142.45 1.62907e+44 0
1192.16 1.47882e+44 0
1244.02 1.32842e+44 0
1298.14 1.19041e+44 0
1354.62 1.06689e+44 0
1413.55 9.56351e+43 0
1475.05 8.57441e+43 0
1539.23 7.68935e+43 0
1606.19 6.89732e+43 0
1676.07 6.1884e+43 0
1748.99 5.55373e+43 0
1825.08 4.98537e+43 0
1904.48 4.4762e+43 0
1987.34 4.0199e+43 0
2073.8 3.61082e+43 0
2164.02 3.24392e+43 0
2258.17 2.91474e+43 0
2356.41 2.61928e+43 0
2458.93 2.35402e+43 0
2565.91 2.11579e+43 0
2677.54 1.9018e+43 0
2794.02 1.70953e+43 0
2915.58 1.53676e+43 0
3042.43 1.38148e+43 0
3174.79 1.24192e+43 0
3312.91 1.11647e+43 0
3457.04 1.0037e+43 0
3607.44 9.02324e+42 0
3764.39 8.11191e+42 0
3928.16 7.29265e+42 0
4099.06 6.55613e+42 0
4277.39 5.894e+42 0
4463.48 5.29874e+42 0
4657.67 4.7636e+42 0
4860.3 4.28251e+42 0
5071.75 3.85e+42 0
5292.4 3.46118e+42 0
5522.65 3.11162e+42 0
5762.92 2.79737e+42 0
6013.64 2.51485e+42 0
6275.27 2.26087e+42 0
6548.28 2.03254e+42 0
6833.17 1.82726e+42 0
7130.45 1.64272e+42 0
7440.67 1.47682e+42 0
7764.38 1.32767e+42 0
8102.17 1.19358e+42 0
8454.66 1.07304e+42 0
8822.49 9.64669e+41 0
9206.32 8.67244e+41 0
9606.85 7.79659e+41 0
10024.8 7.00918e+41 0
10460.9 6.3013e+41 0
10916 5.66491e+41 0
11391 5.09279e+41 0
11886.5 4.57845e+41 0
12403.7 4.11606e+41 0
12943.3 3.70036e+41 0
13506.4 3.32665e+41 0
14094 2.99068e+41 0
14707.2 2.68864e+41 0
15347 2.41711e+41 0
16014.7 2.173e+41 0
16711.4 1.95354e+41 0
17438.5 1.75624e+41 0
18197.2 1.57887e+41 0
18988.8 1.41942e+41 0
19815 1.27607e+41 0
20677 1.14719e+41 0
21576.6 1.03133e+41 0
22515.3 9.27175e+40 0
23494.9 8.33536e+40 0
24517 7.49355e+40 0
25583.6 6.73675e+40 0
26696.7 6.05638e+40 0
27858.1 5.44473e+40 0
29070.1 4.89485e+40 0
30334.8 4.4005e+40 0
31654.6 3.95608e+40 0
33031.8 3.55654e+40 0
34468.8 3.19735e+40 0
35968.4 2.87444e+40 0
37533.2 2.58414e+40 0
39166.2 2.32316e+40 0
