102.769 1.26897e+48 0
108.461 1.15821e+48 0
114.468 1.05642e+48 0
120.808 9.6294e+47 0
127.498 8.77166e+47 0
134.56 7.98518e+47 0
142.012 7.26458e+47 0
149.877 6.60479e+47 0
158.178 6.00113e+47 0
166.938 5.44918e+47 0
176.184 4.94486e+47 0
185.942 4.48438e+47 0
196.24 4.06418e+47 0
207.108 3.68101e+47 0
218.579 3.33183e+47 0
230.684 3.01382e+47 0
243.461 2.72438e+47 0
256.944 2.46112e+47 0
271.175 2.22182e+47 0
286.194 2.00444e+47 0
302.044 1.80709e+47 0
318.772 1.62805e+47 0
336.427 1.46573e+47 0
355.06 1.31866e+47 0
374.724 1.18549e+47 0
395.478 1.065e+47 0
417.381 9.56044e+46 0
440.497 8.57587e+46 0
464.893 7.68679e+46 0
490.641 6.88451e+46 0
517.814 6.16107e+46 0
546.492 5.50923e+46 0
576.759 4.92234e+46 0
608.702 4.39428e+46 0
642.414 3.91957e+46 0
677.994 3.49315e+46 0
715.543 3.11036e+46 0
755.173 2.7671e+46 0
796.997 2.45943e+46 0
841.138 2.18401e+46 0
887.723 1.93755e+46 0
936.888 1.71732e+46 0
988.777 1.52061e+46 0
1043.54 1.34512e+46 0
1101.33 1.18874e+46 0
1162.33 1.04943e+46 0
1226.7 9.2558e+45 0
1294.64 8.15546e+45 0
1366.34 7.17823e+45 0
1442.02 6.31241e+45 0
1521.88 5.54617e+45 0
1606.17 4.86825e+45 0
1695.13 4.26895e+45 0
1789.01 3.74094e+45 0
1888.09 3.27615e+45 0
1992.66 2.86712e+45 0
2103.02 2.50729e+45 0
2219.49 2.19128e+45 0
2342.42 1.91502e+45 0
2472.15 1.67358e+45 0
2609.06 1.46258e+45 0
2753.56 1.27819e+45 0
2906.07 1.11704e+45 0
3067.01 9.76209e+44 0
3236.88 8.53133e+44 0
3416.15 7.45574e+44 0
3605.35 6.51576e+44 0
3805.02 5.69428e+44 0
4015.76 4.97638e+44 0
4238.17 4.34898e+44 0
4472.89 3.80068e+44 0
4720.62 3.32151e+44 0
4982.06 2.90275e+44 0
5257.99 2.53679e+44 0
5549.19 2.21696e+44 0
5856.53 1.93746e+44 0
6180.88 1.69319e+44 0
6523.2 1.47972e+44 0
6884.48 1.29317e+44 0
7265.77 1.13013e+44 0
7668.18 9.87648e+43 0
8092.87 8.6313e+43 0
8541.08 7.54311e+43 0
9014.11 6.59211e+43 0
9513.35 5.76101e+43 0
10040.2 5.03469e+43 0
10596.3 4.39994e+43 0
11183.2 3.84522e+43 0
11802.5 3.36043e+43 0
12456.2 2.93676e+43 0
13146.1 2.56651e+43 0
13874.1 2.24294e+43 0
14642.5 1.96016e+43 0
15453.5 1.71303e+43 0
16309.4 1.49706e+43 0
17212.6 1.30832e+43 0
18165.9 1.14337e+43 0
19172 9.99222e+42 0
20233.8 8.73245e+42 0
21354.5 7.6315e+42 0
22537.2 6.66936e+42 0
23785.4 5.82852e+42 0
25102.7 5.09369e+42 0
26493 4.4515e+42 0
27960.2 3.89028e+42 0
29508.8 3.39981e+42 0
31143.1 2.97118e+42 0
32867.9 2.59659e+42 0
34688.2 2.26922e+42 0
36609.4 1.98313e+42 0
38637 1.73311e+42 0
40776.8 1.5146e+42 0
43035.2 1.32365e+42 0
45418.6 1.15677e+42 0
47934.1 1.01093e+42 0
50588.8 8.83478e+41 0
53390.6 7.72093e+41 0
56347.6 6.74751e+41 0
59468.3 5.89682e+41 0
62761.9 5.15338e+41 0
66237.9 4.50366e+41 0
69906.4 3.93586e+41 0
73778.1 3.43965e+41 0
77864.2 3.00599e+41 0
82176.6 2.62701e+41 0
86727.8 2.29581e+41 0
91531.1 2.00637e+41 0
96600.4 1.75341e+41 0
101951 1.53235e+41 0
107597 1.33916e+41 0
113556 1.17033e+41 0
119845 1.02278e+41 0
126483 8.93831e+40 0
133488 7.8114e+40 0
140881 6.82658e+40 0
148683 5.96592e+40 0
156918 5.21376e+40 0
165609 4.55644e+40 0
174781 3.98198e+40 0
184461 3.47995e+40 0
