5.817 7.96029e+49 7.96029e+48
6.7555 1.24991e+50 1.24991e+49
7.691 1.90217e+50 1.90217e+49
8.624 2.84939e+50 2.84939e+49
9.5555 3.93026e+50 3.93026e+49
10.487 4.87433e+50 4.87433e+49
11.419 5.65547e+50 5.65547e+49
12.4455 7.39327e+50 7.39327e+49
13.569 7.60574e+50 7.60575e+49
14.6975 7.50844e+50 7.50844e+49
15.8325 7.36136e+50 7.36136e+49
16.977 7.01978e+50 7.01978e+49
18.1345 6.61258e+50 6.61258e+49
19.3085 6.26049e+50 6.26049e+49
20.603 6.96635e+50 6.96635e+49
22.025 6.73768e+50 6.73768e+49
23.4815 6.49695e+50 6.49695e+49
24.977 6.03424e+50 6.03424e+49
26.5165 5.43631e+50 5.43631e+49
28.104 4.84349e+50 4.84349e+49
29.8655 4.88066e+50 4.88066e+49
31.815 4.23625e+50 4.23625e+49
33.7325 3.31553e+50 3.31553e+49
35.38 2.26861e+50 2.26861e+49
36.8375 2.07012e+50 2.07012e+49
38.409 2.12804e+50 2.12804e+49
40.098 1.92783e+50 1.92783e+49
41.8125 1.74733e+50 1.74733e+49
43.5515 1.59551e+50 1.59551e+49
45.413 1.6325e+50 1.6325e+49
47.398 1.52519e+50 1.52519e+49
49.408 1.44735e+50 1.44735e+49
51.4415 1.38457e+50 1.38457e+49
53.601 1.46948e+50 1.46948e+49
55.8865 1.43123e+50 1.43123e+49
58.1935 1.39379e+50 1.39379e+49
60.5205 1.33826e+50 1.33826e+49
62.973 1.37421e+50 1.37421e+49
65.549 1.27472e+50 1.27472e+49
68.14 1.16889e+50 1.16889e+49
70.8525 1.14107e+50 1.14107e+49
73.684 1.01767e+50 1.01767e+49
76.5225 9.21772e+49 9.21772e+48
79.4735 9.2897e+49 9.2897e+48
82.5335 8.933e+49 8.933e+48
85.591 8.60329e+49 8.60329e+48
88.7545 8.68165e+49 8.68165e+48
92.024 7.97412e+49 7.97413e+48
95.292 7.25447e+49 7.25447e+48
98.6685 7.02424e+49 7.02424e+48
102.154 6.3925e+49 6.3925e+48
105.641 5.80954e+49 5.80954e+48
109.238 5.59742e+49 5.59742e+48
112.949 5.08283e+49 5.08283e+48
116.773 4.94357e+49 4.94357e+48
120.714 4.58698e+49 4.58698e+48
124.772 4.5029e+49 4.5029e+48
128.951 4.16198e+49 4.16198e+48
133.249 4.04935e+49 4.04935e+48
137.668 3.77486e+49 3.77486e+48
142.097 3.57087e+49 3.57087e+48
146.648 3.56701e+49 3.56701e+48
151.322 3.37167e+49 3.37167e+48
156.118 3.28935e+49 3.28935e+48
161.15 3.13787e+49 3.13787e+48
166.307 2.82099e+49 2.82099e+48
171.591 2.61857e+49 2.61857e+48
177.001 2.31926e+49 2.31926e+48
182.538 2.13921e+49 2.13921e+48
188.203 1.89603e+49 1.89603e+48
193.997 1.75494e+49 1.75494e+48
200.035 1.63362e+49 1.63362e+48
206.205 1.48201e+49 1.48201e+48
212.507 1.40859e+49 1.40859e+48
219.055 1.33695e+49 1.33695e+48
225.738 1.21451e+49 1.21451e+48
232.556 1.12631e+49 1.12631e+48
239.626 1.02951e+49 1.02951e+48
246.949 9.29237e+48 9.29237e+47
254.41 8.07157e+48 8.07157e+47
262.01 7.19016e+48 7.19016e+47
269.869 6.34555e+48 6.34555e+47
277.987 5.57933e+48 5.57933e+47
286.246 4.81903e+48 4.81903e+47
294.649 4.35933e+48 4.35933e+47
303.316 4.011e+48 4.011e+47
312.247 3.72786e+48 3.72786e+47
321.445 3.46858e+48 3.46858e+47
330.911 3.20744e+48 3.20744e+47
340.646 2.94036e+48 2.94036e+47
350.652 2.67265e+48 2.67265e+47
360.932 2.4176e+48 2.4176e+47
371.487 2.18198e+48 2.18198e+47
382.316 1.97819e+48 1.97819e+47
393.423 1.79834e+48 1.79834e+47
404.81 1.62996e+48 1.62996e+47
416.475 1.46681e+48 1.46681e+47
428.546 1.32786e+48 1.32786e+47
441.023 1.17662e+48 1.17662e+47
453.785 1.05747e+48 1.05747e+47
466.833 9.74432e+47 9.74432e+46
480.167 9.11062e+47 9.11062e+46
493.913 8.57726e+47 8.57726e+46
508.073 7.77527e+47 7.77527e+46
522.522 6.93879e+47 6.93879e+46
537.387 6.24619e+47 6.24619e+46
552.669 5.49742e+47 5.49742e+46
568.368 4.92519e+47 4.92519e+46
584.484 4.39237e+47 4.39237e+46
601.02 4.07267e+47 4.07267e+46
617.974 3.81715e+47 3.81715e+46
635.346 3.66e+47 3.66e+46
653.263 3.48202e+47 3.48202e+46
671.595 3.21242e+47 3.21242e+46
690.344 2.93851e+47 2.93851e+46
709.635 2.65845e+47 2.65845e+46
729.466 2.40159e+47 2.40159e+46
749.834 2.17394e+47 2.17394e+46
770.609 1.95399e+47 1.95399e+46
791.785 1.77774e+47 1.77774e+46
813.487 1.6191e+47 1.6191e+46
835.711 1.4763e+47 1.4763e+46
858.451 1.36293e+47 1.36293e+46
881.828 1.28339e+47 1.28339e+46
905.835 1.19856e+47 1.19856e+46
936.256 1.63945e+47 1.63945e+46
973.439 1.5118e+47 1.5118e+46
1496.16 1.17378e+48 1.17378e+47
