166.189 1.36773e+50 1.36773e+49
235.272 1.03596e+49 1.03596e+48
269.401 5.72277e+48 5.72277e+47
303.344 3.34875e+48 3.34875e+47
337.115 2.0988e+48 2.0988e+47
370.724 1.38368e+48 1.38368e+47
404.185 9.53089e+47 9.53089e+46
437.508 6.8413e+47 6.8413e+46
470.707 4.9872e+47 4.9872e+46
503.794 3.76798e+47 3.76798e+46
536.781 2.97842e+47 2.97842e+46
569.678 2.3332e+47 2.3332e+46
607.958 2.39085e+47 2.39085e+46
651.613 1.88011e+47 1.88011e+46
695.186 1.50425e+47 1.50425e+46
738.707 1.22729e+47 1.22729e+46
782.204 1.02033e+47 1.02033e+46
825.707 8.55075e+46 8.55075e+45
869.243 7.44457e+46 7.44457e+45
912.841 6.66222e+46 6.66222e+45
956.531 5.81756e+46 5.81756e+45
1000.34 5.17418e+46 5.17418e+45
1044.3 4.64241e+46 4.64241e+45
1093.98 5.03608e+46 5.03608e+45
1149.48 4.31355e+46 4.31355e+45
1205.37 3.80963e+46 3.80963e+45
1261.7 3.35128e+46 3.35128e+45
1318.52 2.95007e+46 2.95007e+45
1375.9 2.75721e+46 2.75721e+45
1433.88 2.62999e+46 2.62999e+45
1492.41 2.46007e+46 2.46007e+45
1557.18 2.63215e+46 2.63215e+45
1627.82 2.20891e+46 2.20891e+45
1697.94 1.8731e+46 1.8731e+45
1767.05 1.6428e+46 1.6428e+45
1834.61 1.44565e+46 1.44565e+45
1900.1 1.26068e+46 1.26068e+45
1963.03 1.12339e+46 1.12339e+45
2028.07 1.18785e+46 1.18785e+45
2095.57 1.06004e+46 1.06004e+45
2161.71 9.41929e+45 9.41929e+44
2227.89 8.59794e+45 8.59794e+44
2294.91 8.03284e+45 8.03284e+44
2362.93 7.61902e+45 7.61902e+44
2436.89 8.23685e+45 8.23685e+44
2516.88 7.72933e+45 7.72933e+44
2597.97 7.15633e+45 7.15633e+44
2680.09 6.45963e+45 6.45963e+44
2763.18 5.6862e+45 5.6862e+44
2847.17 5.11069e+45 5.11069e+44
2937.34 5.36253e+45 5.36253e+44
3033.71 4.95319e+45 4.95319e+44
3130.94 4.54567e+45 4.54567e+44
3228.93 4.38095e+45 4.38095e+44
3333.09 4.73796e+45 4.73796e+44
3443.39 4.40179e+45 4.40179e+44
3554.24 4.024e+45 4.024e+44
3665.51 3.72764e+45 3.72764e+44
3782.66 3.8059e+45 3.8059e+44
3905.54 3.49273e+45 3.49273e+44
4028.47 3.17658e+45 3.17658e+44
4151.4 2.84597e+45 2.84597e+44
4279.91 2.73941e+45 2.73941e+44
4414 2.43068e+45 2.43068e+44
4548.08 2.2e+45 2.2e+44
4687.74 2.15907e+45 2.15907e+44
4832.98 1.93774e+45 1.93774e+44
4978.21 1.71966e+45 1.71966e+44
5129.02 1.62365e+45 1.62365e+44
5285.4 1.4313e+45 1.4313e+44
5447.36 1.40375e+45 1.40375e+44
5614.9 1.33504e+45 1.33504e+44
5782.42 1.25975e+45 1.25975e+44
5955.52 1.23384e+45 1.23384e+44
6134.19 1.10987e+45 1.10987e+44
6318.44 1.05291e+45 1.05291e+44
6508.25 9.58079e+44 9.58079e+43
6703.63 9.37673e+44 9.37673e+43
6910.17 9.06094e+44 9.06094e+43
7122.27 8.13345e+44 8.13345e+43
7339.93 7.51595e+44 7.51595e+43
7563.16 6.68319e+44 6.68319e+43
7791.96 6.48187e+44 6.48187e+43
8031.89 6.39734e+44 6.39734e+43
8282.97 6.26939e+44 6.26939e+43
8539.61 5.71286e+44 5.71286e+43
8801.8 5.29336e+44 5.29336e+43
9075.13 4.8236e+44 4.8236e+43
9359.59 4.4184e+44 4.4184e+43
9655.18 4.13904e+44 4.13904e+43
9961.89 3.91008e+44 3.91008e+43
10279.7 3.6826e+44 3.6826e+43
10614.3 3.58328e+44 3.58328e+43
10965.5 3.33769e+44 3.33769e+43
11327.9 3.02379e+44 3.02379e+43
11706.9 2.75398e+44 2.75398e+43
12102.6 2.49324e+44 2.49324e+43
12515 2.47969e+44 2.47969e+43
12949.7 2.47694e+44 2.47694e+43
13406.5 2.36171e+44 2.36171e+43
13885.7 2.18826e+44 2.18826e+43
14387 1.98087e+44 1.98087e+43
14910.6 1.74769e+44 1.74769e+43
15462 1.60633e+44 1.60633e+43
16041.1 1.49194e+44 1.49194e+43
16648.1 1.37953e+44 1.37953e+43
17293.9 1.31116e+44 1.31116e+43
17978.7 1.22928e+44 1.22928e+43
18702.3 1.12433e+44 1.12433e+43
19464.9 9.94401e+43 9.94401e+42
20271.9 8.89036e+43 8.89036e+42
21128.9 7.84339e+43 7.84339e+42
22035.9 6.96583e+43 6.96583e+42
23004.1 6.458e+43 6.458e+42
24039 5.99791e+43 5.99791e+42
25140.6 5.40995e+43 5.40995e+42
26314.6 4.82639e+43 4.82639e+42
27566.4 4.27862e+43 4.27862e+42
28901.8 3.80249e+43 3.80249e+42
30331.8 3.45952e+43 3.45952e+42
31867.8 3.09406e+43 3.09406e+42
33515.4 2.66702e+43 2.66702e+42
35285.8 2.40915e+43 2.40915e+42
37190.5 2.14989e+43 2.14989e+42
39240.8 1.82637e+43 1.82637e+42
41520.8 1.6206e+43 1.6206e+42
44103.6 1.45438e+43 1.45438e+42
47735.4 1.81347e+43 1.81347e+42
