166.189 1.39601e+50 0
235.272 1.14615e+49 0
269.401 6.42085e+48 0
303.344 3.80844e+48 0
337.115 2.40982e+48 0
370.724 1.59649e+48 0
404.185 1.1102e+48 0
437.508 8.07651e+47 0
470.707 5.95985e+47 0
503.794 4.53371e+47 0
536.781 3.57924e+47 0
569.678 2.78695e+47 0
607.958 2.84328e+47 0
651.613 2.24556e+47 0
695.186 1.80359e+47 0
738.707 1.47593e+47 0
782.204 1.24239e+47 0
825.707 1.05369e+47 0
869.243 9.24999e+46 0
912.841 8.31394e+46 0
956.531 7.26776e+46 0
1000.34 6.47546e+46 0
1044.3 5.85583e+46 0
1093.98 6.47529e+46 0
1149.48 5.72589e+46 0
1205.37 5.13002e+46 0
1261.7 4.57214e+46 0
1318.52 4.12772e+46 0
1375.9 3.81398e+46 0
1433.88 3.5043e+46 0
1492.41 3.18668e+46 0
1557.18 3.42206e+46 0
1627.82 3.01457e+46 0
1697.94 2.65241e+46 0
1767.05 2.33398e+46 0
1834.61 2.07008e+46 0
1900.1 1.83917e+46 0
1963.03 1.62964e+46 0
2028.07 1.67195e+46 0
2095.57 1.48084e+46 0
2161.71 1.34244e+46 0
2227.89 1.25174e+46 0
2294.91 1.17956e+46 0
2362.93 1.11347e+46 0
2436.89 1.19251e+46 0
2516.88 1.11286e+46 0
2597.97 1.03527e+46 0
2680.09 9.59335e+45 0
2763.18 8.851e+45 0
2847.17 8.19816e+45 0
2937.34 8.54394e+45 0
3033.71 7.85645e+45 0
3130.94 7.22611e+45 0
3228.93 6.70256e+45 0
3333.09 6.8421e+45 0
3443.39 6.21634e+45 0
3554.24 5.70146e+45 0
3665.51 5.29805e+45 0
3782.66 5.4026e+45 0
3905.54 4.94511e+45 0
4028.47 4.50642e+45 0
4151.4 4.09504e+45 0
4279.91 4.05638e+45 0
4414 3.69523e+45 0
4548.08 3.37917e+45 0
4687.74 3.32257e+45 0
4832.98 3.00357e+45 0
4978.21 2.73212e+45 0
5129.02 2.67928e+45 0
5285.4 2.43855e+45 0
5447.36 2.38756e+45 0
5614.9 2.17814e+45 0
5782.42 1.98471e+45 0
5955.52 1.9344e+45 0
6134.19 1.76737e+45 0
6318.44 1.70884e+45 0
6508.25 1.5552e+45 0
6703.63 1.49891e+45 0
6910.17 1.43151e+45 0
7122.27 1.28898e+45 0
7339.93 1.21716e+45 0
7563.16 1.09704e+45 0
7791.96 1.04588e+45 0
8031.89 9.99211e+44 0
8282.97 9.52727e+44 0
8539.61 8.65341e+44 0
8801.8 8.17333e+44 0
9075.13 7.66961e+44 0
9359.59 7.18577e+44 0
9655.18 6.74675e+44 0
9961.89 6.33859e+44 0
10279.7 5.93454e+44 0
10614.3 5.69556e+44 0
10965.5 5.24739e+44 0
11327.9 4.80836e+44 0
11706.9 4.50602e+44 0
12102.6 4.12359e+44 0
12515 3.89612e+44 0
12949.7 3.62723e+44 0
13406.5 3.35182e+44 0
13885.7 3.11484e+44 0
14387 2.89706e+44 0
14910.6 2.66485e+44 0
15462 2.46445e+44 0
16041.1 2.24248e+44 0
16648.1 2.0723e+44 0
17293.9 1.93959e+44 0
17978.7 1.7771e+44 0
18702.3 1.63132e+44 0
19464.9 1.47676e+44 0
20271.9 1.35934e+44 0
21128.9 1.23646e+44 0
22035.9 1.11937e+44 0
23004.1 1.01748e+44 0
24039 9.22053e+43 0
25140.6 8.32648e+43 0
26314.6 7.52304e+43 0
27566.4 6.693e+43 0
28901.8 5.95669e+43 0
30331.8 5.30969e+43 0
31867.8 4.71745e+43 0
33515.4 4.16913e+43 0
35285.8 3.71111e+43 0
37190.5 3.2733e+43 0
39240.8 2.89072e+43 0
41520.8 2.66662e+43 0
44103.6 2.38862e+43 0
47735.4 2.93705e+43 0
