8.17402 7.64155e+46 0
8.52964 7.07683e+46 0
8.90073 6.56307e+46 0
9.28796 6.09529e+46 0
9.69204 5.66353e+46 0
10.1137 5.26672e+46 0
10.5537 4.90217e+46 0
11.0129 4.56952e+46 0
11.492 4.26569e+46 0
11.9919 3.98792e+46 0
12.5137 3.72867e+46 0
13.0581 3.48896e+46 0
13.6262 3.26942e+46 0
14.219 3.06812e+46 0
14.8376 2.88336e+46 0
15.4831 2.71283e+46 0
16.1567 2.55405e+46 0
16.8596 2.40791e+46 0
17.5931 2.27323e+46 0
18.3585 2.14665e+46 0
19.1572 2.02874e+46 0
19.9907 1.91834e+46 0
20.8604 1.81633e+46 0
21.7679 1.72192e+46 0
22.715 1.63305e+46 0
23.7032 1.54845e+46 0
24.7344 1.46932e+46 0
25.8105 1.39592e+46 0
26.9334 1.32772e+46 0
28.1052 1.26404e+46 0
29.3279 1.20346e+46 0
30.6039 1.14701e+46 0
31.9353 1.09267e+46 0
33.3247 1.04107e+46 0
34.7745 9.92227e+45 0
36.2874 9.46661e+45 0
37.8661 9.03842e+45 0
39.5135 8.61787e+45 0
41.2325 8.2187e+45 0
43.0264 7.84599e+45 0
44.8983 7.4975e+45 0
46.8516 7.16726e+45 0
48.8899 6.8534e+45 0
51.0169 6.55376e+45 0
53.2365 6.26245e+45 0
55.5526 5.98469e+45 0
57.9694 5.72298e+45 0
60.4914 5.47426e+45 0
63.1231 5.22912e+45 0
65.8694 4.99555e+45 0
68.7351 4.7769e+45 0
71.7254 4.57181e+45 0
74.8459 4.37575e+45 0
78.1021 4.18807e+45 0
81.5 4.00328e+45 0
85.0457 3.82684e+45 0
88.7457 3.66146e+45 0
92.6067 3.5001e+45 0
96.6356 3.34256e+45 0
100.84 3.19495e+45 0
105.227 3.05658e+45 0
109.805 2.92465e+45 0
114.582 2.79811e+45 0
119.567 2.67389e+45 0
124.769 2.55586e+45 0
130.197 2.44471e+45 0
135.861 2.33367e+45 0
141.772 2.2288e+45 0
147.94 2.13057e+45 0
154.376 2.03177e+45 0
161.092 1.93909e+45 0
168.101 1.85185e+45 0
175.414 1.76982e+45 0
183.046 1.69043e+45 0
191.009 1.61298e+45 0
199.319 1.54061e+45 0
207.991 1.46903e+45 0
217.04 1.40106e+45 0
226.482 1.33729e+45 0
236.336 1.27736e+45 0
246.617 1.21853e+45 0
257.347 1.16237e+45 0
268.543 1.10886e+45 0
280.226 1.05639e+45 0
292.417 1.00721e+45 0
305.139 9.58456e+44 0
318.415 9.1276e+44 0
332.267 8.70094e+44 0
346.723 8.28853e+44 0
361.807 7.89211e+44 0
377.548 7.51102e+44 0
393.974 7.14334e+44 0
411.114 6.79016e+44 0
429 6.45044e+44 0
447.664 6.13393e+44 0
467.139 5.82961e+44 0
487.463 5.53687e+44 0
508.67 5.25223e+44 0
530.8 4.98188e+44 0
553.893 4.71675e+44 0
577.991 4.46321e+44 0
603.137 4.22175e+44 0
629.377 3.99755e+44 0
656.758 3.77723e+44 0
685.331 3.56547e+44 0
715.147 3.36151e+44 0
746.26 3.16577e+44 0
778.726 2.98293e+44 0
812.605 2.80549e+44 0
847.958 2.63234e+44 0
884.849 2.46344e+44 0
923.345 2.29876e+44 0
963.516 2.14559e+44 0
1005.43 1.99512e+44 0
1049.18 1.84674e+44 0
1094.82 1.70009e+44 0
1142.45 1.56129e+44 0
1192.16 1.42293e+44 0
1244.02 1.28261e+44 0
1298.14 1.15308e+44 0
1354.62 1.03662e+44 0
1413.55 9.31932e+43 0
1475.05 8.37813e+43 0
1539.23 7.53199e+43 0
1606.19 6.77132e+43 0
1676.07 6.08745e+43 0
1748.99 5.47266e+43 0
1825.08 4.91996e+43 0
1904.48 4.42308e+43 0
1987.34 3.97638e+43 0
2073.8 3.57479e+43 0
2164.02 3.21376e+43 0
2258.17 2.88919e+43 0
2356.41 2.5974e+43 0
2458.93 2.33508e+43 0
2565.91 2.09925e+43 0
2677.54 1.88724e+43 0
2794.02 1.69664e+43 0
2915.58 1.52529e+43 0
3042.43 1.37125e+43 0
3174.79 1.23276e+43 0
3312.91 1.10826e+43 0
3457.04 9.96333e+42 0
3607.44 8.9571e+42 0
3764.39 8.05249e+42 0
3928.16 7.23925e+42 0
4099.06 6.50813e+42 0
4277.39 5.85085e+42 0
4463.48 5.25995e+42 0
4657.67 4.72873e+42 0
4860.3 4.25116e+42 0
5071.75 3.82182e+42 0
5292.4 3.43584e+42 0
5522.65 3.08885e+42 0
5762.92 2.77689e+42 0
6013.64 2.49644e+42 0
6275.27 2.24432e+42 0
6548.28 2.01766e+42 0
6833.17 1.81389e+42 0
7130.45 1.6307e+42 0
7440.67 1.46601e+42 0
7764.38 1.31795e+42 0
8102.17 1.18485e+42 0
8454.66 1.06519e+42 0
8822.49 9.57608e+41 0
9206.32 8.60896e+41 0
9606.85 7.73952e+41 0
10024.8 6.95788e+41 0
10460.9 6.25517e+41 0
10916 5.62344e+41 0
11391 5.05552e+41 0
11886.5 4.54494e+41 0
12403.7 4.08593e+41 0
12943.3 3.67328e+41 0
13506.4 3.3023e+41 0
14094 2.96879e+41 0
14707.2 2.66896e+41 0
15347 2.39941e+41 0
16014.7 2.15709e+41 0
16711.4 1.93924e+41 0
17438.5 1.74339e+41 0
18197.2 1.56732e+41 0
18988.8 1.40903e+41 0
19815 1.26673e+41 0
20677 1.13879e+41 0
21576.6 1.02378e+41 0
22515.3 9.20389e+40 0
23494.9 8.27435e+40 0
24517 7.4387e+40 0
25583.6 6.68744e+40 0
26696.7 6.01205e+40 0
27858.1 5.40487e+40 0
29070.1 4.85902e+40 0
30334.8 4.36829e+40 0
31654.6 3.92712e+40 0
33031.8 3.53051e+40 0
34468.8 3.17395e+40 0
35968.4 2.8534e+40 0
37533.2 2.56523e+40 0
39166.2 2.30616e+40 0
