5.817 2.19148e+49 0
6.7555 2.72717e+49 0
7.691 3.53633e+49 0
8.624 5.11324e+49 0
9.5555 7.08108e+49 0
10.487 8.80686e+49 0
11.419 1.03432e+50 0
12.4455 1.41028e+50 0
13.569 1.54511e+50 0
14.6975 1.61347e+50 0
15.8325 1.66231e+50 0
16.977 1.66832e+50 0
18.1345 1.65197e+50 0
19.3085 1.6248e+50 0
20.603 1.84387e+50 0
22.025 1.7938e+50 0
23.4815 1.75127e+50 0
24.977 1.68623e+50 0
26.5165 1.61536e+50 0
28.104 1.55037e+50 0
29.8655 1.68788e+50 0
31.815 1.56223e+50 0
33.7325 1.27119e+50 0
35.38 8.95578e+49 0
36.8375 8.45755e+49 0
38.409 9.11982e+49 0
40.098 8.79098e+49 0
41.8125 8.53844e+49 0
43.5515 8.33762e+49 0
45.413 9.01416e+49 0
47.398 8.72526e+49 0
49.408 8.43054e+49 0
51.4415 8.13653e+49 0
53.601 8.64281e+49 0
55.8865 8.35392e+49 0
58.1935 8.06305e+49 0
60.5205 7.72794e+49 0
62.973 7.98007e+49 0
65.549 7.45712e+49 0
68.14 6.88564e+49 0
70.8525 6.79023e+49 0
73.684 6.1117e+49 0
76.5225 5.48586e+49 0
79.4735 5.29866e+49 0
82.5335 4.74986e+49 0
85.591 4.26883e+49 0
88.7545 4.10359e+49 0
92.024 3.67709e+49 0
95.292 3.3072e+49 0
98.6685 3.16543e+49 0
102.154 2.84248e+49 0
105.641 2.55749e+49 0
109.238 2.44706e+49 0
112.949 2.1981e+49 0
116.773 2.08932e+49 0
120.714 1.87474e+49 0
124.772 1.77932e+49 0
128.951 1.59823e+49 0
133.249 1.51122e+49 0
137.668 1.3551e+49 0
142.097 1.21618e+49 0
146.648 1.14234e+49 0
151.322 1.01904e+49 0
156.118 9.52437e+48 0
161.15 8.86222e+48 0
166.307 7.88913e+48 0
171.591 7.30429e+48 0
177.001 6.4597e+48 0
182.538 5.94497e+48 0
188.203 5.25009e+48 0
193.997 4.81652e+48 0
200.035 4.39727e+48 0
206.205 3.86494e+48 0
212.507 3.52834e+48 0
219.055 3.21031e+48 0
225.738 2.81574e+48 0
232.556 2.54967e+48 0
239.626 2.29966e+48 0
246.949 2.06632e+48 0
254.41 1.79993e+48 0
262.01 1.61921e+48 0
269.869 1.45366e+48 0
277.987 1.30459e+48 0
286.246 1.14244e+48 0
294.649 1.03006e+48 0
303.316 9.2713e+47 0
312.247 8.32988e+47 0
321.445 7.48341e+47 0
330.911 6.7191e+47 0
340.646 6.02603e+47 0
350.652 5.39609e+47 0
360.932 4.83104e+47 0
371.487 4.32674e+47 0
382.316 3.89436e+47 0
393.423 3.51324e+47 0
404.81 3.1641e+47 0
416.475 2.84311e+47 0
428.546 2.58961e+47 0
441.023 2.31291e+47 0
453.785 2.07069e+47 0
466.833 1.86048e+47 0
480.167 1.67687e+47 0
493.913 1.53662e+47 0
508.073 1.38649e+47 0
522.522 1.25159e+47 0
537.387 1.14767e+47 0
552.669 1.02943e+47 0
568.368 9.3818e+46 0
584.484 8.43073e+46 0
601.02 7.71685e+46 0
617.974 6.98307e+46 0
635.346 6.42086e+46 0
653.263 5.90948e+46 0
671.595 5.36063e+46 0
690.344 4.89383e+46 0
709.635 4.46072e+46 0
729.466 4.07008e+46 0
749.834 3.71436e+46 0
770.609 3.36095e+46 0
791.785 3.0866e+46 0
813.487 2.84677e+46 0
835.711 2.62829e+46 0
858.451 2.43857e+46 0
881.828 2.27912e+46 0
905.835 2.08919e+46 0
936.256 2.76929e+46 0
973.439 2.46845e+46 0
1496.16 1.85816e+47 0
