5.817 1.39175e+50 0
6.7555 2.25611e+50 0
7.691 3.54398e+50 0
8.624 5.41994e+50 0
9.5555 7.53009e+50 0
10.487 9.44855e+50 0
11.419 1.11269e+51 0
12.4455 1.4775e+51 0
13.569 1.511e+51 0
14.6975 1.44936e+51 0
15.8325 1.3772e+51 0
16.977 1.28652e+51 0
18.1345 1.19786e+51 0
19.3085 1.11626e+51 0
20.603 1.20066e+51 0
22.025 1.09991e+51 0
23.4815 1.01313e+51 0
24.977 9.31541e+50 0
26.5165 8.57284e+50 0
28.104 7.86456e+50 0
29.8655 8.14911e+50 0
31.815 7.20774e+50 0
33.7325 5.61969e+50 0
35.38 3.77111e+50 0
36.8375 3.39134e+50 0
38.409 3.48471e+50 0
40.098 3.21888e+50 0
41.8125 3.01302e+50 0
43.5515 2.83294e+50 0
45.413 2.94478e+50 0
47.398 2.74528e+50 0
49.408 2.54924e+50 0
51.4415 2.33458e+50 0
53.601 2.32132e+50 0
55.8865 2.10672e+50 0
58.1935 1.95128e+50 0
60.5205 1.83654e+50 0
62.973 1.89803e+50 0
65.549 1.80225e+50 0
68.14 1.70036e+50 0
70.8525 1.69906e+50 0
73.684 1.52537e+50 0
76.5225 1.35554e+50 0
79.4735 1.30541e+50 0
82.5335 1.18327e+50 0
85.591 1.08305e+50 0
88.7545 1.05963e+50 0
92.024 9.66931e+49 0
95.292 8.92668e+49 0
98.6685 8.8803e+49 0
102.154 8.33672e+49 0
105.641 7.79902e+49 0
109.238 7.70145e+49 0
112.949 7.09395e+49 0
116.773 6.8759e+49 0
120.714 6.25445e+49 0
124.772 5.97637e+49 0
128.951 5.36515e+49 0
133.249 5.03369e+49 0
137.668 4.45571e+49 0
142.097 3.94586e+49 0
146.648 3.68074e+49 0
151.322 3.30075e+49 0
156.118 3.1361e+49 0
161.15 2.98589e+49 0
166.307 2.73349e+49 0
171.591 2.62983e+49 0
177.001 2.44281e+49 0
182.538 2.35751e+49 0
188.203 2.1472e+49 0
193.997 1.98273e+49 0
200.035 1.79044e+49 0
206.205 1.55475e+49 0
212.507 1.42231e+49 0
219.055 1.31935e+49 0
225.738 1.18844e+49 0
232.556 1.10068e+49 0
239.626 1.00584e+49 0
246.949 9.06464e+48 0
254.41 7.86125e+48 0
262.01 7.02749e+48 0
269.869 6.30201e+48 0
277.987 5.70601e+48 0
286.246 5.07742e+48 0
294.649 4.64442e+48 0
303.316 4.19618e+48 0
312.247 3.72773e+48 0
321.445 3.28543e+48 0
330.911 2.9206e+48 0
340.646 2.64657e+48 0
350.652 2.43304e+48 0
360.932 2.24143e+48 0
371.487 2.05981e+48 0
382.316 1.89937e+48 0
393.423 1.7479e+48 0
404.81 1.58727e+48 0
416.475 1.41569e+48 0
428.546 1.26296e+48 0
441.023 1.09868e+48 0
453.785 9.62268e+47 0
466.833 8.58336e+47 0
480.167 7.85265e+47 0
493.913 7.46017e+47 0
508.073 7.03789e+47 0
522.522 6.57381e+47 0
537.387 6.11387e+47 0
552.669 5.45631e+47 0
568.368 4.9114e+47 0
584.484 4.35931e+47 0
601.02 3.9404e+47 0
617.974 3.508e+47 0
635.346 3.16402e+47 0
653.263 2.85623e+47 0
671.595 2.55e+47 0
690.344 2.30338e+47 0
709.635 2.09307e+47 0
729.466 1.92233e+47 0
749.834 1.78048e+47 0
770.609 1.64598e+47 0
791.785 1.55128e+47 0
813.487 1.46991e+47 0
835.711 1.38986e+47 0
858.451 1.31077e+47 0
881.828 1.23072e+47 0
905.835 1.12143e+47 0
936.256 1.46079e+47 0
973.439 1.27972e+47 0
1496.16 9.28055e+47 0
