116.996 8.13053e+47 0
122.689 7.58499e+47 0
128.659 7.07243e+47 0
134.919 6.59104e+47 0
141.485 6.1391e+47 0
148.369 5.71496e+47 0
155.589 5.31708e+47 0
163.16 4.94396e+47 0
171.099 4.5942e+47 0
179.425 4.26646e+47 0
188.156 3.95949e+47 0
197.311 3.67209e+47 0
206.913 3.40312e+47 0
216.981 3.15152e+47 0
227.539 2.91629e+47 0
238.611 2.69647e+47 0
250.222 2.49116e+47 0
262.398 2.29954e+47 0
275.166 2.1208e+47 0
288.556 1.95421e+47 0
302.597 1.79906e+47 0
317.321 1.65469e+47 0
332.762 1.52049e+47 0
348.954 1.39586e+47 0
365.934 1.28026e+47 0
383.741 1.17316e+47 0
402.413 1.07406e+47 0
421.995 9.82494e+46 0
442.529 8.98001e+46 0
464.062 8.20143e+46 0
486.644 7.485e+46 0
510.324 6.82664e+46 0
535.156 6.22244e+46 0
561.197 5.66863e+46 0
588.505 5.1616e+46 0
617.141 4.69787e+46 0
647.171 4.27413e+46 0
678.663 3.88725e+46 0
711.686 3.53423e+46 0
746.317 3.21228e+46 0
782.633 2.91877e+46 0
820.716 2.65126e+46 0
860.651 2.40748e+46 0
902.531 2.18535e+46 0
946.448 1.98296e+46 0
992.502 1.79856e+46 0
1040.8 1.63057e+46 0
1091.44 1.47755e+46 0
1144.55 1.33819e+46 0
1200.25 1.21129e+46 0
1258.65 1.09578e+46 0
1319.9 9.90665e+45 0
1384.12 8.95061e+45 0
1451.47 8.08146e+45 0
1522.1 7.29173e+45 0
1596.17 6.57457e+45 0
1673.84 5.92373e+45 0
1755.28 5.33344e+45 0
1840.7 4.79845e+45 0
1930.26 4.3139e+45 0
2024.19 3.87537e+45 0
2122.69 3.47878e+45 0
2225.98 3.1204e+45 0
2334.29 2.7968e+45 0
2447.88 2.50484e+45 0
2566.99 2.24166e+45 0
2691.9 2.00461e+45 0
2822.89 1.79129e+45 0
2960.25 1.59951e+45 0
3104.3 1.42724e+45 0
3255.36 1.27264e+45 0
3413.76 1.13404e+45 0
3579.87 1.0099e+45 0
3754.07 8.98822e+44 0
3936.74 7.99535e+44 0
4128.31 7.10874e+44 0
4329.19 6.31784e+44 0
4539.85 5.61302e+44 0
4760.76 4.98554e+44 0
4992.41 4.42748e+44 0
5235.34 3.93162e+44 0
5490.1 3.49128e+44 0
5757.24 3.10026e+44 0
6037.39 2.75303e+44 0
6331.17 2.4447e+44 0
6639.25 2.17089e+44 0
6962.31 1.92775e+44 0
7301.09 1.71185e+44 0
7656.36 1.52012e+44 0
8028.92 1.34987e+44 0
8419.61 1.19868e+44 0
8829.31 1.06443e+44 0
9258.94 9.45216e+43 0
9709.48 8.39352e+43 0
10181.9 7.45345e+43 0
10677.4 6.61867e+43 0
11197 5.87739e+43 0
11741.8 5.21913e+43 0
12313.2 4.63459e+43 0
12912.3 4.11551e+43 0
13540.6 3.65458e+43 0
14199.5 3.24527e+43 0
14890.5 2.8818e+43 0
15615 2.55904e+43 0
16374.9 2.27243e+43 0
17171.7 2.01792e+43 0
18007.2 1.79191e+43 0
18883.5 1.59122e+43 0
19802.3 1.41301e+43 0
20765.9 1.25475e+43 0
21776.4 1.11422e+43 0
22836 9.89427e+42 0
23947.2 8.78612e+42 0
25112.5 7.80208e+42 0
26334.5 6.92825e+42 0
27615.9 6.15229e+42 0
28959.7 5.46324e+42 0
30368.9 4.85136e+42 0
31846.6 4.30801e+42 0
33396.3 3.82552e+42 0
35021.3 3.39706e+42 0
36725.5 3.01659e+42 0
38512.5 2.67874e+42 0
40386.5 2.37872e+42 0
42351.7 2.1123e+42 0
44412.6 1.87573e+42 0
46573.7 1.66565e+42 0
48840 1.4791e+42 0
