8.17402 1.54214e+47 0
8.52964 1.45938e+47 0
8.90073 1.36843e+47 0
9.28796 1.27381e+47 0
9.69204 1.17929e+47 0
10.1137 1.08435e+47 0
10.5537 9.91245e+46 0
11.0129 9.01311e+46 0
11.492 8.16312e+46 0
11.9919 7.37156e+46 0
12.5137 6.64215e+46 0
13.0581 5.97248e+46 0
13.6262 5.3693e+46 0
14.219 4.82704e+46 0
14.8376 4.33954e+46 0
15.4831 3.90127e+46 0
16.1567 3.50727e+46 0
16.8596 3.15306e+46 0
17.5931 2.83462e+46 0
18.3585 2.54834e+46 0
19.1572 2.29098e+46 0
19.9907 2.0596e+46 0
20.8604 1.8516e+46 0
21.7679 1.6646e+46 0
22.715 1.49648e+46 0
23.7032 1.34535e+46 0
24.7344 1.20948e+46 0
25.8105 1.08733e+46 0
26.9334 9.77516e+45 0
28.1052 8.78793e+45 0
29.3279 7.90041e+45 0
30.6039 7.10252e+45 0
31.9353 6.38521e+45 0
33.3247 5.74035e+45 0
34.7745 5.16061e+45 0
36.2874 4.63942e+45 0
37.8661 4.17087e+45 0
39.5135 3.74964e+45 0
41.2325 3.37095e+45 0
43.0264 3.03051e+45 0
44.8983 2.72445e+45 0
46.8516 2.4493e+45 0
48.8899 2.20193e+45 0
51.0169 1.97955e+45 0
53.2365 1.77963e+45 0
55.5526 1.5999e+45 0
57.9694 1.43832e+45 0
60.4914 1.29306e+45 0
63.1231 1.16247e+45 0
65.8694 1.04507e+45 0
68.7351 9.39522e+44 0
71.7254 8.44637e+44 0
74.8459 7.59334e+44 0
78.1021 6.82646e+44 0
81.5 6.13703e+44 0
85.0457 5.51723e+44 0
88.7457 4.96003e+44 0
92.6067 4.4591e+44 0
96.6356 4.00876e+44 0
100.84 3.6039e+44 0
105.227 3.23993e+44 0
109.805 2.91272e+44 0
114.582 2.61855e+44 0
119.567 2.3541e+44 0
124.769 2.11635e+44 0
130.197 1.90261e+44 0
135.861 1.71046e+44 0
141.772 1.53772e+44 0
147.94 1.38242e+44 0
154.376 1.2428e+44 0
161.092 1.11729e+44 0
168.101 1.00445e+44 0
175.414 9.03005e+43 0
183.046 8.11808e+43 0
191.009 7.2982e+43 0
199.319 6.56114e+43 0
207.991 5.8985e+43 0
217.04 5.30279e+43 0
226.482 4.76725e+43 0
236.336 4.28579e+43 0
246.617 3.85295e+43 0
257.347 3.46383e+43 0
268.543 3.114e+43 0
280.226 2.79951e+43 0
292.417 2.51678e+43 0
305.139 2.2626e+43 0
318.415 2.03409e+43 0
332.267 1.82866e+43 0
346.723 1.64398e+43 0
361.807 1.47795e+43 0
377.548 1.32868e+43 0
393.974 1.1945e+43 0
411.114 1.07386e+43 0
429 9.65407e+42 0
447.664 8.67908e+42 0
467.139 7.80255e+42 0
487.463 7.01455e+42 0
508.67 6.30612e+42 0
530.8 5.66924e+42 0
553.893 5.09669e+42 0
577.991 4.58196e+42 0
603.137 4.11921e+42 0
629.377 3.70319e+42 0
656.758 3.3292e+42 0
685.331 2.99297e+42 0
715.147 2.6907e+42 0
746.26 2.41896e+42 0
778.726 2.17466e+42 0
812.605 1.95503e+42 0
847.958 1.75759e+42 0
884.849 1.58008e+42 0
923.345 1.4205e+42 0
963.516 1.27704e+42 0
1005.43 1.14807e+42 0
1049.18 1.03212e+42 0
1094.82 9.27885e+41 0
1142.45 8.34175e+41 0
1192.16 7.49928e+41 0
1244.02 6.7419e+41 0
1298.14 6.06102e+41 0
1354.62 5.44889e+41 0
1413.55 4.89859e+41 0
1475.05 4.40386e+41 0
1539.23 3.9591e+41 0
1606.19 3.55926e+41 0
1676.07 3.1998e+41 0
1748.99 2.87664e+41 0
1825.08 2.58612e+41 0
1904.48 2.32494e+41 0
1987.34 2.09014e+41 0
2073.8 1.87904e+41 0
2164.02 1.68927e+41 0
2258.17 1.51867e+41 0
2356.41 1.36529e+41 0
2458.93 1.22741e+41 0
2565.91 1.10345e+41 0
2677.54 9.92006e+40 0
2794.02 8.9182e+40 0
2915.58 8.01752e+40 0
3042.43 7.2078e+40 0
3174.79 6.47986e+40 0
3312.91 5.82544e+40 0
3457.04 5.23711e+40 0
3607.44 4.70819e+40 0
3764.39 4.2327e+40 0
3928.16 3.80523e+40 0
4099.06 3.42092e+40 0
4277.39 3.07543e+40 0
4463.48 2.76483e+40 0
4657.67 2.4856e+40 0
4860.3 2.23457e+40 0
5071.75 2.0089e+40 0
5292.4 1.80601e+40 0
5522.65 1.62362e+40 0
5762.92 1.45964e+40 0
6013.64 1.31223e+40 0
6275.27 1.1797e+40 0
6548.28 1.06056e+40 0
6833.17 9.53449e+39 0
7130.45 8.57157e+39 0
7440.67 7.7059e+39 0
7764.38 6.92766e+39 0
8102.17 6.22801e+39 0
8454.66 5.59902e+39 0
8822.49 5.03355e+39 0
9206.32 4.5252e+39 0
9606.85 4.06819e+39 0
10024.8 3.65732e+39 0
10460.9 3.28796e+39 0
10916 2.9559e+39 0
11391 2.65737e+39 0
11886.5 2.38899e+39 0
12403.7 2.14772e+39 0
12943.3 1.93082e+39 0
13506.4 1.73582e+39 0
14094 1.56051e+39 0
14707.2 1.40291e+39 0
15347 1.26122e+39 0
16014.7 1.13385e+39 0
16711.4 1.01934e+39 0
17438.5 9.16391e+38 0
18197.2 8.23842e+38 0
18988.8 7.40639e+38 0
19815 6.65839e+38 0
20677 5.98594e+38 0
21576.6 5.3814e+38 0
22515.3 4.83792e+38 0
23494.9 4.34932e+38 0
24517 3.91007e+38 0
25583.6 3.51518e+38 0
26696.7 3.16016e+38 0
27858.1 2.84101e+38 0
29070.1 2.55409e+38 0
30334.8 2.29614e+38 0
31654.6 2.06425e+38 0
33031.8 1.85577e+38 0
34468.8 1.66835e+38 0
35968.4 1.49986e+38 0
37533.2 1.34838e+38 0
39166.2 1.2122e+38 0
