5.47365 3.2561e+49 0
5.73295 3.10206e+49 0
6.00453 2.95496e+49 0
6.28897 2.8145e+49 0
6.58689 2.68038e+49 0
6.89893 2.55232e+49 0
7.22574 2.43006e+49 0
7.56804 2.31334e+49 0
7.92655 2.20191e+49 0
8.30205 2.09555e+49 0
8.69533 1.99403e+49 0
9.10725 1.89715e+49 0
9.53868 1.8047e+49 0
9.99054 1.71648e+49 0
10.4638 1.63232e+49 0
10.9595 1.55204e+49 0
11.4787 1.47546e+49 0
12.0224 1.40242e+49 0
12.592 1.33277e+49 0
13.1885 1.26636e+49 0
13.8132 1.20304e+49 0
14.4676 1.14267e+49 0
15.153 1.08513e+49 0
15.8708 1.03028e+49 0
16.6226 9.78006e+48 0
17.4101 9.28184e+48 0
18.2348 8.80706e+48 0
19.0986 8.35464e+48 0
20.0034 7.92357e+48 0
20.951 7.51288e+48 0
21.9435 7.12163e+48 0
22.983 6.74894e+48 0
24.0717 6.39399e+48 0
25.212 6.05595e+48 0
26.4064 5.73408e+48 0
27.6573 5.42766e+48 0
28.9675 5.13598e+48 0
30.3397 4.8584e+48 0
31.777 4.59429e+48 0
33.2823 4.34305e+48 0
34.859 4.10411e+48 0
36.5103 3.87693e+48 0
38.2399 3.66098e+48 0
40.0514 3.45576e+48 0
41.9487 3.26082e+48 0
43.9359 3.07571e+48 0
46.0172 2.9e+48 0
48.1971 2.73328e+48 0
50.4803 2.57514e+48 0
52.8717 2.42521e+48 0
55.3763 2.28311e+48 0
57.9996 2.1485e+48 0
60.7471 2.02102e+48 0
63.6248 1.90034e+48 0
66.6389 1.78616e+48 0
69.7957 1.67816e+48 0
73.102 1.57605e+48 0
76.565 1.47955e+48 0
80.192 1.38839e+48 0
83.9909 1.3023e+48 0
87.9697 1.22103e+48 0
92.137 1.14434e+48 0
96.5017 1.07201e+48 0
101.073 1.0038e+48 0
105.861 9.39518e+47 0
110.876 8.78951e+47 0
116.128 8.21908e+47 0
121.63 7.68203e+47 0
127.392 7.17659e+47 0
133.426 6.70109e+47 0
139.747 6.2539e+47 0
146.367 5.8335e+47 0
153.301 5.43842e+47 0
160.563 5.06727e+47 0
168.169 4.71874e+47 0
176.136 4.39155e+47 0
184.48 4.08453e+47 0
193.219 3.79654e+47 0
202.372 3.52651e+47 0
211.959 3.27343e+47 0
221.999 3.03633e+47 0
232.516 2.81433e+47 0
243.531 2.60656e+47 0
255.067 2.41221e+47 0
267.15 2.23054e+47 0
279.806 2.06083e+47 0
293.061 1.9024e+47 0
306.943 1.75462e+47 0
321.484 1.61689e+47 0
336.713 1.48865e+47 0
352.664 1.36937e+47 0
369.37 1.25854e+47 0
386.868 1.15567e+47 0
405.195 1.06033e+47 0
424.39 9.72067e+46 0
444.494 8.90466e+46 0
465.551 8.15125e+46 0
487.605 7.45654e+46 0
510.703 6.81678e+46 0
534.896 6.22835e+46 0
560.236 5.68778e+46 0
586.775 5.19171e+46 0
614.571 4.73694e+46 0
643.685 4.32039e+46 0
674.178 3.93914e+46 0
706.115 3.59041e+46 0
739.565 3.27158e+46 0
774.599 2.98021e+46 0
811.294 2.714e+46 0
849.726 2.47082e+46 0
889.979 2.24869e+46 0
932.14 2.04581e+46 0
976.297 1.86052e+46 0
1022.55 1.6913e+46 0
1070.99 1.53678e+46 0
1121.72 1.3957e+46 0
1174.86 1.26692e+46 0
1230.51 1.14938e+46 0
1288.81 1.04215e+46 0
1349.86 9.44363e+45 0
1413.8 8.55218e+45 0
1480.78 7.73993e+45 0
1550.93 7.00024e+45 0
1624.4 6.32701e+45 0
1701.35 5.71464e+45 0
1781.94 5.15796e+45 0
1866.36 4.65225e+45 0
1954.77 4.19315e+45 0
