8.17402 9.62374e+45 0
8.52964 9.2578e+45 0
8.90073 8.90391e+45 0
9.28796 8.56221e+45 0
9.69204 8.23278e+45 0
10.1137 7.91567e+45 0
10.5537 7.61084e+45 0
11.0129 7.31822e+45 0
11.492 7.03768e+45 0
11.9919 6.76906e+45 0
12.5137 6.51213e+45 0
13.0581 6.26663e+45 0
13.6262 6.03225e+45 0
14.219 5.80863e+45 0
14.8376 5.59539e+45 0
15.4831 5.39209e+45 0
16.1567 5.19828e+45 0
16.8596 5.01348e+45 0
17.5931 4.83721e+45 0
18.3585 4.66897e+45 0
19.1572 4.50827e+45 0
19.9907 4.35462e+45 0
20.8604 4.20754e+45 0
21.7679 4.06659e+45 0
22.715 3.93134e+45 0
23.7032 3.80139e+45 0
24.7344 3.67636e+45 0
25.8105 3.55591e+45 0
26.9334 3.43972e+45 0
28.1052 3.3275e+45 0
29.3279 3.21899e+45 0
30.6039 3.11395e+45 0
31.9353 3.01217e+45 0
33.3247 2.91345e+45 0
34.7745 2.81761e+45 0
36.2874 2.72451e+45 0
37.8661 2.634e+45 0
39.5135 2.54596e+45 0
41.2325 2.46027e+45 0
43.0264 2.37683e+45 0
44.8983 2.29555e+45 0
46.8516 2.21636e+45 0
48.8899 2.13919e+45 0
51.0169 2.06397e+45 0
53.2365 1.99065e+45 0
55.5526 1.91919e+45 0
57.9694 1.84955e+45 0
60.4914 1.78168e+45 0
63.1231 1.71557e+45 0
65.8694 1.65117e+45 0
68.7351 1.58847e+45 0
71.7254 1.52744e+45 0
74.8459 1.46805e+45 0
78.1021 1.41029e+45 0
81.5 1.35414e+45 0
85.0457 1.29957e+45 0
88.7457 1.24656e+45 0
92.6067 1.19509e+45 0
96.6356 1.14513e+45 0
100.84 1.09666e+45 0
105.227 1.04965e+45 0
109.805 1.00406e+45 0
114.582 9.59886e+44 0
119.567 9.1708e+44 0
124.769 8.75615e+44 0
130.197 8.35459e+44 0
135.861 7.9658e+44 0
141.772 7.58945e+44 0
147.94 7.22522e+44 0
154.376 6.87278e+44 0
161.092 6.53182e+44 0
168.101 6.20202e+44 0
175.414 5.88308e+44 0
183.046 5.57472e+44 0
191.009 5.27665e+44 0
199.319 4.98863e+44 0
207.991 4.71041e+44 0
217.04 4.44179e+44 0
226.482 4.18256e+44 0
236.336 3.93256e+44 0
246.617 3.69164e+44 0
257.347 3.45968e+44 0
268.543 3.23657e+44 0
280.226 3.02224e+44 0
292.417 2.81661e+44 0
305.139 2.61964e+44 0
318.415 2.43127e+44 0
332.267 2.25146e+44 0
346.723 2.08018e+44 0
361.807 1.91736e+44 0
377.548 1.76295e+44 0
393.974 1.61687e+44 0
411.114 1.47903e+44 0
429 1.34931e+44 0
447.664 1.22757e+44 0
467.139 1.11364e+44 0
487.463 1.00732e+44 0
508.67 9.08414e+43 0
530.8 8.16663e+43 0
553.893 7.31812e+43 0
577.991 6.53579e+43 0
603.137 5.81669e+43 0
629.377 5.15779e+43 0
656.758 4.55598e+43 0
685.331 4.00809e+43 0
715.147 3.511e+43 0
746.26 3.06158e+43 0
778.726 2.65679e+43 0
812.605 2.29365e+43 0
847.958 1.96927e+43 0
884.849 1.68084e+43 0
923.345 1.42568e+43 0
963.516 1.20117e+43 0
1005.43 1.0048e+43 0
1049.18 8.34158e+42 0
1094.82 6.86906e+42 0
1142.45 5.60801e+42 0
1192.16 4.53688e+42 0
1244.02 3.63506e+42 0
1298.14 2.88293e+42 0
1354.62 2.26195e+42 0
1413.55 1.75471e+42 0
1475.05 1.34508e+42 0
1539.23 1.01823e+42 0
1606.19 7.60738e+41 0
1676.07 5.60576e+41 0
1748.99 4.07157e+41 0
1825.08 2.91288e+41 0
1904.48 2.05122e+41 0
1987.34 1.42076e+41 0
2073.8 9.67199e+40 0
2164.02 6.46645e+40 0
2258.17 4.24247e+40 0
2356.41 2.72904e+40 0
2458.93 1.71972e+40 0
2565.91 1.06064e+40 0
2677.54 6.39632e+39 0
2794.02 3.76804e+39 0
2915.58 2.16608e+39 0
3042.43 1.21378e+39 0
3174.79 6.6226e+38 0
3312.91 3.51424e+38 0
3457.04 1.81141e+38 0
3607.44 9.05804e+37 0
3764.39 4.38842e+37 0
3928.16 2.05702e+37 0
4099.06 9.31525e+36 0
4277.39 4.06934e+36 0
4463.48 1.71216e+36 0
4657.67 6.92702e+35 0
4860.3 2.69018e+35 0
5071.75 0 0
5292.4 0 0
5522.65 0 0
5762.92 0 0
6013.64 0 0
6275.27 0 0
6548.28 0 0
6833.17 0 0
7130.45 0 0
7440.67 0 0
7764.38 0 0
8102.17 0 0
8454.66 0 0
8822.49 0 0
9206.32 0 0
9606.85 0 0
10024.8 0 0
10460.9 0 0
10916 0 0
11391 0 0
11886.5 0 0
12403.7 0 0
12943.3 0 0
13506.4 0 0
14094 0 0
14707.2 0 0
15347 0 0
16014.7 0 0
16711.4 0 0
17438.5 0 0
18197.2 0 0
18988.8 0 0
19815 0 0
20677 0 0
21576.6 0 0
22515.3 0 0
23494.9 0 0
24517 0 0
25583.6 0 0
26696.7 0 0
27858.1 0 0
29070.1 0 0
30334.8 0 0
31654.6 0 0
33031.8 0 0
34468.8 0 0
35968.4 0 0
37533.2 0 0
39166.2 0 0
