8.17402 2.17761e+46 0
8.52964 2.03214e+46 0
8.90073 1.8963e+46 0
9.28796 1.76946e+46 0
9.69204 1.65103e+46 0
10.1137 1.54045e+46 0
10.5537 1.4372e+46 0
11.0129 1.34081e+46 0
11.492 1.25082e+46 0
11.9919 1.1668e+46 0
12.5137 1.08837e+46 0
13.0581 1.01515e+46 0
13.6262 9.46801e+45 0
14.219 8.82999e+45 0
14.8376 8.23443e+45 0
15.4831 7.67853e+45 0
16.1567 7.15966e+45 0
16.8596 6.67537e+45 0
17.5931 6.22338e+45 0
18.3585 5.80155e+45 0
19.1572 5.40787e+45 0
19.9907 5.04049e+45 0
20.8604 4.69766e+45 0
21.7679 4.37776e+45 0
22.715 4.07927e+45 0
23.7032 3.80076e+45 0
24.7344 3.54091e+45 0
25.8105 3.29849e+45 0
26.9334 3.07234e+45 0
28.1052 2.86138e+45 0
29.3279 2.6646e+45 0
30.6039 2.48105e+45 0
31.9353 2.30987e+45 0
33.3247 2.15022e+45 0
34.7745 2.00135e+45 0
36.2874 1.86253e+45 0
37.8661 1.73309e+45 0
39.5135 1.61242e+45 0
41.2325 1.49993e+45 0
43.0264 1.39506e+45 0
44.8983 1.29732e+45 0
46.8516 1.20623e+45 0
48.8899 1.12135e+45 0
51.0169 1.04225e+45 0
53.2365 9.68562e+44 0
55.5526 8.99914e+44 0
57.9694 8.35971e+44 0
60.4914 7.76418e+44 0
63.1231 7.20961e+44 0
65.8694 6.69325e+44 0
68.7351 6.21254e+44 0
71.7254 5.76509e+44 0
74.8459 5.34865e+44 0
78.1021 4.96114e+44 0
81.5 4.60062e+44 0
85.0457 4.26525e+44 0
88.7457 3.95335e+44 0
92.6067 3.66332e+44 0
96.6356 3.39368e+44 0
100.84 3.14306e+44 0
105.227 2.91015e+44 0
109.805 2.69376e+44 0
114.582 2.49276e+44 0
119.567 2.30609e+44 0
124.769 2.13279e+44 0
130.197 1.97193e+44 0
135.861 1.82265e+44 0
141.772 1.68417e+44 0
147.94 1.55573e+44 0
154.376 1.43664e+44 0
161.092 1.32626e+44 0
168.101 1.22397e+44 0
175.414 1.12922e+44 0
183.046 1.04148e+44 0
191.009 9.60244e+43 0
199.319 8.85068e+43 0
207.991 8.1552e+43 0
217.04 7.512e+43 0
226.482 6.91736e+43 0
236.336 6.36782e+43 0
246.617 5.86013e+43 0
257.347 5.39128e+43 0
268.543 4.95845e+43 0
280.226 4.55903e+43 0
292.417 4.19057e+43 0
305.139 3.8508e+43 0
318.415 3.53759e+43 0
332.267 3.24898e+43 0
346.723 2.98314e+43 0
361.807 2.73836e+43 0
377.548 2.51304e+43 0
393.974 2.30572e+43 0
411.114 2.11502e+43 0
429 1.93967e+43 0
447.664 1.77849e+43 0
467.139 1.63038e+43 0
487.463 1.49433e+43 0
508.67 1.36938e+43 0
530.8 1.25467e+43 0
553.893 1.14939e+43 0
577.991 1.05278e+43 0
603.137 9.64162e+42 0
629.377 8.82887e+42 0
656.758 8.08367e+42 0
685.331 7.40053e+42 0
715.147 6.77442e+42 0
746.26 6.20068e+42 0
778.726 5.67504e+42 0
812.605 5.19354e+42 0
847.958 4.75253e+42 0
884.849 4.34867e+42 0
923.345 3.97889e+42 0
963.516 3.64035e+42 0
1005.43 3.33044e+42 0
1049.18 3.04677e+42 0
1094.82 2.78715e+42 0
1142.45 2.54955e+42 0
1192.16 2.33212e+42 0
1244.02 2.13317e+42 0
1298.14 1.95114e+42 0
1354.62 1.7846e+42 0
1413.55 1.63223e+42 0
1475.05 1.49285e+42 0
1539.23 1.36534e+42 0
1606.19 1.2487e+42 0
1676.07 1.14201e+42 0
1748.99 1.04442e+42 0
1825.08 9.55162e+41 0
1904.48 8.73521e+41 0
1987.34 7.9885e+41 0
2073.8 7.30556e+41 0
2164.02 6.68096e+41 0
2258.17 6.10972e+41 0
2356.41 5.58729e+41 0
2458.93 5.10951e+41 0
2565.91 4.67255e+41 0
2677.54 4.27295e+41 0
2794.02 3.90751e+41 0
2915.58 3.57331e+41 0
3042.43 3.26769e+41 0
3174.79 2.98819e+41 0
3312.91 2.7326e+41 0
3457.04 2.49886e+41 0
3607.44 2.28512e+41 0
3764.39 2.08965e+41 0
3928.16 1.9109e+41 0
4099.06 1.74744e+41 0
4277.39 1.59796e+41 0
4463.48 1.46127e+41 0
4657.67 1.33626e+41 0
4860.3 1.22195e+41 0
5071.75 1.11742e+41 0
5292.4 1.02183e+41 0
5522.65 9.3442e+40 0
5762.92 8.54484e+40 0
6013.64 7.81386e+40 0
6275.27 7.14541e+40 0
6548.28 6.53415e+40 0
6833.17 5.97517e+40 0
7130.45 5.46401e+40 0
7440.67 4.99658e+40 0
7764.38 4.56914e+40 0
8102.17 4.17826e+40 0
8454.66 3.82082e+40 0
8822.49 3.49396e+40 0
9206.32 3.19506e+40 0
9606.85 2.92173e+40 0
10024.8 2.67178e+40 0
10460.9 2.44321e+40 0
10916 2.2342e+40 0
11391 2.04307e+40 0
11886.5 1.86829e+40 0
12403.7 1.70846e+40 0
12943.3 1.56231e+40 0
13506.4 1.42865e+40 0
14094 1.30643e+40 0
14707.2 1.19467e+40 0
15347 1.09247e+40 0
16014.7 9.99011e+39 0
16711.4 9.13547e+39 0
17438.5 8.35395e+39 0
18197.2 7.63928e+39 0
18988.8 6.98576e+39 0
19815 6.38814e+39 0
20677 5.84164e+39 0
21576.6 5.3419e+39 0
22515.3 4.88491e+39 0
23494.9 4.46701e+39 0
24517 4.08487e+39 0
25583.6 3.73542e+39 0
26696.7 3.41586e+39 0
27858.1 3.12364e+39 0
29070.1 2.85642e+39 0
30334.8 2.61206e+39 0
31654.6 2.3886e+39 0
33031.8 2.18426e+39 0
34468.8 1.9974e+39 0
35968.4 1.82653e+39 0
37533.2 1.67027e+39 0
39166.2 1.52738e+39 0
