10.2564 6.83202e+45
10.7822 5.61168e+45
11.335 4.62504e+45
11.9162 9.01583e+45
12.5271 7.29039e+45
13.1694 1.13372e+46
13.8446 9.06032e+45
14.5545 1.21897e+46
15.3007 1.50183e+46
16.0852 1.14004e+46
16.9099 1.32046e+46
17.7769 1.44924e+46
18.6883 1.47542e+46
19.6465 1.95279e+46
20.6538 1.85064e+46
21.7127 2.18379e+46
22.8259 1.97515e+46
23.9963 2.10358e+46
25.2266 2.16888e+46
26.52 2.17374e+46
27.8797 2.12712e+46
29.3091 2.31531e+46
30.8118 2.12761e+46
32.3915 2.19753e+46
34.0523 1.96489e+46
35.7982 1.92103e+46
37.6336 1.86986e+46
39.5631 1.74652e+46
41.5916 1.94393e+46
43.724 2.12459e+46
45.9658 2.27703e+46
48.3225 2.37371e+46
50.8001 2.44174e+46
53.4046 2.48351e+46
56.1427 2.62776e+46
59.0213 2.7535e+46
62.0473 2.82743e+46
65.2286 2.85816e+46
68.5729 2.92851e+46
72.0887 2.8901e+46
75.7848 2.88829e+46
79.6704 2.85664e+46
83.7551 2.80136e+46
88.0494 2.77419e+46
92.5637 2.72333e+46
97.3096 2.65377e+46
102.299 2.53252e+46
107.544 2.3916e+46
113.058 2.24356e+46
118.854 2.12551e+46
124.948 2.03107e+46
131.354 1.91411e+46
138.089 1.80686e+46
145.169 1.71375e+46
152.612 1.62592e+46
160.436 1.5387e+46
168.662 1.45426e+46
177.31 1.36316e+46
186.401 1.29389e+46
195.957 1.22825e+46
206.004 1.15458e+46
216.566 1.08684e+46
227.67 1.03365e+46
239.343 9.68928e+45
251.614 9.1958e+45
264.515 8.65758e+45
278.077 8.20829e+45
292.334 7.71387e+45
307.322 7.32649e+45
323.079 6.87997e+45
339.644 6.49004e+45
357.058 6.14354e+45
375.365 5.78328e+45
394.61 5.46365e+45
414.842 5.16872e+45
436.111 4.89138e+45
458.471 4.61559e+45
481.978 4.35737e+45
506.689 4.10655e+45
532.668 3.88138e+45
559.978 3.65984e+45
588.689 3.45842e+45
618.871 3.26045e+45
650.602 3.08389e+45
683.959 2.90944e+45
719.026 2.75517e+45
755.891 2.5974e+45
794.647 2.44956e+45
835.389 2.31915e+45
878.221 2.19045e+45
923.248 2.07103e+45
970.584 1.95321e+45
1020.35 1.84081e+45
1072.66 1.7423e+45
1127.66 1.64525e+45
1185.47 1.55194e+45
1246.25 1.46584e+45
1310.15 1.38937e+45
1377.32 1.31125e+45
1447.94 1.23825e+45
1522.18 1.16932e+45
1600.22 1.10518e+45
1682.27 1.04251e+45
1768.52 9.84736e+44
1859.19 9.29809e+44
1954.52 8.79014e+44
2054.73 8.31282e+44
2160.07 7.84024e+44
2270.82 7.40853e+44
2387.25 7.00163e+44
2509.65 6.62119e+44
2638.32 6.24258e+44
2773.59 5.9081e+44
2915.79 5.57742e+44
3065.29 5.27388e+44
3222.45 4.9791e+44
3387.67 4.70485e+44
3561.36 4.44413e+44
3743.95 4.1991e+44
3935.91 3.96298e+44
4137.71 3.75078e+44
4349.85 3.54013e+44
4572.88 3.34641e+44
4807.33 3.15864e+44
5053.81 2.9842e+44
5312.92 2.82279e+44
5585.32 2.66786e+44
5871.69 2.5156e+44
6172.74 2.38088e+44
6489.22 2.24659e+44
6821.93 2.12486e+44
7171.7 2.00384e+44
7539.4 1.89415e+44
7925.95 1.79153e+44
8332.32 1.69168e+44
8759.53 1.59762e+44
9208.64 1.51039e+44
9680.78 1.42785e+44
10177.1 1.34747e+44
10698.9 1.27216e+44
11247.5 1.20398e+44
11824.1 1.13723e+44
12430.4 1.07282e+44
13067.7 1.01378e+44
13737.7 9.58056e+43
14442 9.0513e+43
15182.5 8.54108e+43
15960.9 8.07474e+43
16779.2 7.63082e+43
17639.5 7.20888e+43
18543.9 6.81123e+43
19494.7 6.43625e+43
20494.2 6.08098e+43
21545 5.7405e+43
22649.6 5.42547e+43
23810.9 5.12633e+43
25031.7 4.84589e+43
26315.1 4.58155e+43
27664.3 4.32766e+43
29082.7 4.08948e+43
30573.8 3.86501e+43
32141.3 3.64587e+43
33789.3 3.44615e+43
35521.7 3.25647e+43
37342.9 3.08254e+43
39257.5 2.91195e+43
41270.3 2.75492e+43
43386.3 2.59969e+43
45610.7 2.46141e+43
47949.2 2.32569e+43
50407.6 2.19926e+43
52992.1 2.08115e+43
55709.1 2.16076e+43
58565.3 2.67775e+43
61568 2.89726e+43
64724.7 2.95165e+43
68043.2 2.92476e+43
71531.8 2.84567e+43
75199.3 2.73299e+43
79054.9 2.49404e+43
83108.1 2.32032e+43
87369.2 2.1896e+43
91848.7 2.14894e+43
96557.9 2.68942e+43
101508 2.85116e+43
106713 2.8569e+43
112184 2.77508e+43
117936 2.63757e+43
123983 2.39224e+43
130339 2.24043e+43
137022 2.09309e+43
144047 1.95824e+43
151433 1.82867e+43
159197 1.70975e+43
167359 1.60229e+43
175940 1.49561e+43
184961 1.39903e+43
194444 1.3105e+43
204413 1.22979e+43
214893 1.1494e+43
225911 1.08038e+43
237494 1.01194e+43
249671 9.48779e+42
262471 8.86498e+42
275929 8.32688e+42
290076 7.82782e+42
304948 7.33336e+42
320583 6.87595e+42
337020 6.44934e+42
354299 6.05697e+42
372465 5.69052e+42
391561 5.32898e+42
411637 5.01522e+42
432742 4.70516e+42
454929 4.41849e+42
478254 0
