# Light Curve Count Rate
# Time (sec) 	 Rate (c/s)
0 0
0.1 0
0.2 0
0.3 0
0.4 0
0.5 0
0.6 0
0.7 0
0.8 0
0.9 0
1 0
1.1 0
1.2 0
1.3 0
1.4 0
1.5 0
1.6 0
1.7 0
1.8 0
1.9 0
2 0
2.1 0
2.2 0
2.3 0
2.4 0
2.5 0
2.6 0
2.7 0
2.8 0
2.9 0
3 0
3.1 0
3.2 0
3.3 0
3.4 0
3.5 0
3.6 0
3.7 0
3.8 0
3.9 0
4 0
4.1 0
4.2 0
4.3 0
4.4 0
4.5 0
4.6 0
4.7 0
4.8 0
4.9 0
5 0
5.1 0
5.2 0
5.3 0
5.4 0
5.5 0
5.6 0
5.7 0
5.8 0
5.9 0
6 0
6.1 0
6.2 0
6.3 0
6.4 0
6.5 0
6.6 0
6.7 0
6.8 0
6.9 0
7 0
7.1 0
7.2 0
7.3 0
7.4 0
7.5 0
7.6 0
7.7 0
7.8 0
7.9 0
8 0
8.1 0
8.2 0
8.3 0
8.4 0
8.5 0
8.6 0
8.7 0
8.8 0
8.9 0
9 0
9.1 0
9.2 0
9.3 0
9.4 0
9.5 0
9.6 0
9.7 0
9.8 0
9.9 0
10 0
10.1 0
10.2 0
10.3 0
10.4 0
10.5 0
10.6 0
10.7 0
10.8 0
10.9 0
11 0
11.1 0
11.2 0
11.3 0
11.4 0
11.5 0
11.6 0
11.7 0
11.8 0
11.9 0
12 0
12.1 0
12.2 0
12.3 0
12.4 0
12.5 0
12.6 0
12.7 0
12.8 0
12.9 0
13 0
13.1 0
13.2 0
13.3 0
13.4 0
13.5 0
13.6 0
13.7 0
13.8 0
13.9 0
14 0
14.1 0
14.2 0
14.3 0
14.4 0
14.5 0
14.6 0
14.7 0
14.8 0
14.9 0
15 0
15.1 0
15.2 0
15.3 3.02181e+43
15.4 6.41632e+43
15.5 8.50092e+43
15.6 9.95274e+43
15.7 1.08728e+44
15.8 1.1059e+44
15.9 1.15128e+44
16 1.11458e+44
16.1 1.07803e+44
16.2 8.71683e+43
16.3 7.14105e+43
16.4 5.92378e+43
16.5 4.96847e+43
16.6 4.20823e+43
16.7 3.59565e+43
16.8 3.09653e+43
16.9 2.68574e+43
17 2.34457e+43
17.1 2.05886e+43
17.2 1.81778e+43
17.3 1.61293e+43
17.4 1.43777e+43
17.5 1.28708e+43
17.6 1.15675e+43
17.7 1.04345e+43
17.8 9.44477e+42
17.9 8.57643e+42
18 7.81138e+42
18.1 7.13472e+42
18.2 6.53404e+42
18.3 5.99896e+42
18.4 5.52076e+42
18.5 5.09208e+42
18.6 4.70667e+42
18.7 4.35921e+42
18.8 4.04513e+42
18.9 3.76052e+42
19 3.502e+42
19.1 3.26665e+42
19.2 3.05192e+42
19.3 2.85562e+42
19.4 2.6758e+42
19.5 2.51077e+42
19.6 2.35904e+42
19.7 2.21929e+42
19.8 2.09037e+42
19.9 1.97125e+42
20 1.80857e+42
20.1 1.70921e+42
20.2 1.56387e+42
20.3 1.48093e+42
20.4 1.40376e+42
20.5 1.33186e+42
20.6 1.26478e+42
20.7 1.14827e+42
20.8 1.09227e+42
20.9 9.86245e+41
21 9.39626e+41
21.1 8.95899e+41
21.2 8.04276e+41
21.3 7.67949e+41
21.4 7.33777e+41
21.5 7.01603e+41
21.6 6.71283e+41
21.7 5.92702e+41
21.8 5.67782e+41
21.9 5.44239e+41
22 4.75027e+41
22.1 4.55844e+41
22.2 4.37681e+41
22.3 3.76443e+41
22.4 3.61823e+41
22.5 3.4795e+41
22.6 3.34778e+41
22.7 3.22262e+41
22.8 2.67397e+41
22.9 2.57635e+41
23 2.48342e+41
23.1 1.9927e+41
23.2 1.92246e+41
23.3 1.85549e+41
23.4 1.79159e+41
23.5 1.73059e+41
23.6 1.28328e+41
23.7 1.24051e+41
23.8 1.19962e+41
23.9 7.96561e+40
24 7.70846e+40
24.1 7.46227e+40
24.2 7.22644e+40
24.3 3.70417e+40
24.4 3.58953e+40
24.5 3.47957e+40
24.6 3.37406e+40
24.7 3.27277e+40
24.8 3.17549e+40
24.9 0
25 0
25.1 0
25.2 0
25.3 0
25.4 0
25.5 0
25.6 0
25.7 0
25.8 0
25.9 0
26 0
26.1 0
26.2 0
26.3 0
26.4 0
26.5 0
26.6 0
26.7 0
26.8 0
26.9 0
27 0
27.1 0
27.2 0
27.3 0
27.4 0
27.5 0
27.6 0
27.7 0
27.8 0
27.9 0
28 0
28.1 0
28.2 0
28.3 0
28.4 0
28.5 0
28.6 0
28.7 0
28.8 0
28.9 0
29 0
29.1 0
29.2 0
29.3 0
29.4 0
29.5 0
29.6 0
29.7 0
29.8 0
29.9 0
