# Light Curve Count Rate
# Time (sec) 	 Rate (c/s)
0 0
0.1 0
0.2 0
0.3 0
0.4 0
0.5 0
0.6 1.77308e+42
0.7 3.68473e+42
0.8 2.96863e+42
0.9 2.40353e+43
1 1.7896e+43
1.1 2.27582e+43
1.2 6.60105e+43
1.3 5.24688e+43
1.4 4.23929e+43
1.5 3.4741e+43
1.6 1.61506e+44
1.7 1.5286e+44
1.8 1.29303e+44
1.9 1.10349e+44
2 2.22598e+44
2.1 3.81605e+44
2.2 3.32801e+44
2.3 2.91979e+44
2.4 2.57569e+44
2.5 2.28361e+44
2.6 5.54165e+44
2.7 6.8361e+44
2.8 6.15024e+44
2.9 7.4492e+44
3 1.16709e+45
3.1 1.06315e+45
3.2 9.71202e+44
3.3 8.89563e+44
3.4 8.16828e+44
3.5 1.41763e+45
3.6 1.44434e+45
3.7 1.33801e+45
3.8 1.2419e+45
3.9 1.17871e+45
4 1.97307e+45
4.1 1.84426e+45
4.2 1.72644e+45
4.3 2.14404e+45
4.4 2.44228e+45
4.5 2.29945e+45
4.6 2.16755e+45
4.7 2.5183e+45
4.8 2.89273e+45
4.9 2.73985e+45
5 2.59759e+45
5.1 2.72319e+45
5.2 3.35823e+45
5.3 3.19645e+45
5.4 3.04491e+45
5.5 2.98179e+45
5.6 3.81963e+45
5.7 4.32868e+45
5.8 4.47131e+45
5.9 4.2842e+45
6 4.10743e+45
6.1 4.40154e+45
6.2 4.75275e+45
6.3 4.5689e+45
6.4 4.39445e+45
6.5 4.61144e+45
6.6 5.04346e+45
6.7 4.86219e+45
6.8 4.68957e+45
6.9 4.85212e+45
7 5.35582e+45
7.1 5.17626e+45
7.2 5.00469e+45
7.3 5.10709e+45
7.4 5.66829e+45
7.5 5.49049e+45
7.6 5.32011e+45
7.7 5.40383e+45
7.8 5.96289e+45
7.9 5.78735e+45
8 5.61866e+45
8.1 5.71128e+45
8.2 6.24193e+45
8.3 6.06891e+45
8.4 5.90229e+45
8.5 6.01608e+45
8.6 6.50747e+45
8.7 6.33718e+45
8.8 6.17284e+45
8.9 6.30847e+45
9 6.76142e+45
9.1 6.59394e+45
9.2 6.43202e+45
9.3 6.58135e+45
9.4 7.0054e+45
9.5 6.84078e+45
9.6 6.68133e+45
9.7 6.82941e+45
9.8 7.24083e+45
9.9 7.07906e+45
10 6.92213e+45
10.1 7.04869e+45
10.2 7.46897e+45
10.3 7.30998e+45
10.4 7.15558e+45
10.5 7.23621e+45
10.6 7.69081e+45
10.7 7.53464e+45
10.8 7.38265e+45
10.9 7.38902e+45
11 7.89579e+45
11.1 8.23401e+45
11.2 8.34899e+45
11.3 8.1916e+45
11.4 8.03828e+45
11.5 8.22233e+45
11.6 8.47945e+45
11.7 8.32628e+45
11.8 8.17668e+45
11.9 8.18529e+45
12 8.60618e+45
12.1 8.45682e+45
12.2 8.31111e+45
12.3 8.16857e+45
12.4 8.72422e+45
12.5 8.58454e+45
12.6 8.44219e+45
12.7 8.30316e+45
12.8 8.66443e+45
12.9 8.71853e+45
13 8.57938e+45
13.1 8.44322e+45
13.2 8.57671e+45
13.3 8.84858e+45
13.4 8.71258e+45
13.5 8.57935e+45
13.6 8.49489e+45
13.7 8.97603e+45
13.8 8.84283e+45
13.9 8.71245e+45
14 8.58459e+45
14.1 8.89875e+45
14.2 8.97002e+45
14.3 8.84217e+45
14.4 8.71695e+45
14.5 8.77928e+45
14.6 9.09489e+45
14.7 9.23452e+45
14.8 9.44827e+45
14.9 9.32122e+45
15 9.19639e+45
15.1 9.07389e+45
15.2 9.46105e+45
15.3 9.41325e+45
15.4 9.29129e+45
15.5 9.17137e+45
15.6 9.21749e+45
15.7 9.49953e+45
15.8 9.38013e+45
15.9 9.2629e+45
16 9.14755e+45
16.1 9.41914e+45
16.2 9.471e+45
16.3 9.35615e+45
16.4 9.2432e+45
16.5 9.1523e+45
16.6 9.56295e+45
16.7 9.45034e+45
16.8 9.3396e+45
16.9 9.23064e+45
17 9.31209e+45
17.1 9.53919e+45
17.2 9.43058e+45
17.3 9.32368e+45
17.4 9.21846e+45
17.5 9.45583e+45
17.6 9.52331e+45
17.7 9.41836e+45
17.8 9.315e+45
17.9 9.21321e+45
18 9.56341e+45
18.1 9.51388e+45
18.2 9.41229e+45
18.3 9.31224e+45
18.4 9.26358e+45
18.5 9.60437e+45
18.6 9.50467e+45
18.7 9.40631e+45
18.8 9.30935e+45
18.9 9.34892e+45
19 9.59244e+45
19.1 9.49585e+45
19.2 9.40052e+45
19.3 9.30649e+45
19.4 9.42037e+45
19.5 9.58706e+45
19.6 9.49335e+45
19.7 9.40082e+45
19.8 9.30951e+45
19.9 9.45793e+45
20 9.58704e+45
20.1 9.49602e+45
20.2 9.40611e+45
20.3 9.31734e+45
20.4 9.48303e+45
20.5 9.58694e+45
20.6 9.49847e+45
20.7 9.41106e+45
20.8 9.3247e+45
20.9 9.49351e+45
21 9.58691e+45
21.1 9.50085e+45
21.2 9.41581e+45
21.3 9.33176e+45
21.4 9.49016e+45
21.5 9.58704e+45
21.6 9.50329e+45
21.7 9.42052e+45
21.8 9.33865e+45
21.9 9.47368e+45
22 9.58744e+45
22.1 9.50589e+45
22.2 9.42526e+45
22.3 9.34548e+45
22.4 9.44719e+45
22.5 9.59311e+45
22.6 9.5136e+45
22.7 9.43496e+45
22.8 9.35713e+45
22.9 9.39054e+45
23 9.60312e+45
23.1 9.52553e+45
23.2 9.44876e+45
23.3 9.37278e+45
23.4 9.32511e+45
23.5 9.61292e+45
23.6 9.53718e+45
23.7 9.46222e+45
23.8 9.38799e+45
23.9 9.31462e+45
24 9.55689e+45
24.1 9.54865e+45
24.2 9.4754e+45
24.3 9.40286e+45
24.4 9.33113e+45
24.5 9.46348e+45
24.6 9.56003e+45
24.7 9.48842e+45
24.8 9.4175e+45
24.9 9.34735e+45
25 9.3605e+45
25.1 9.5714e+45
25.2 9.50135e+45
25.3 9.43199e+45
25.4 9.36335e+45
25.5 9.29536e+45
25.6 9.53573e+45
25.7 9.51427e+45
25.8 9.4464e+45
25.9 9.37922e+45
26 9.31265e+45
26.1 9.40881e+45
26.2 9.52722e+45
26.3 9.46079e+45
26.4 9.39502e+45
26.5 9.32983e+45
26.6 9.27354e+45
26.7 9.54028e+45
26.8 9.47522e+45
26.9 9.41079e+45
27 9.3469e+45
27.1 9.28372e+45
27.2 9.39994e+45
27.3 9.48973e+45
27.4 9.4266e+45
27.5 9.36397e+45
27.6 9.30204e+45
27.7 9.24377e+45
27.8 9.50436e+45
27.9 9.44246e+45
28 9.38107e+45
28.1 9.32033e+45
28.2 9.26003e+45
28.3 9.33926e+45
28.4 9.45844e+45
28.5 9.39824e+45
28.6 9.33863e+45
28.7 9.27948e+45
28.8 9.22088e+45
28.9 9.4176e+45
29 9.41548e+45
29.1 9.35701e+45
29.2 9.29893e+45
29.3 9.2414e+45
29.4 9.23111e+45
29.5 9.43286e+45
29.6 9.37545e+45
29.7 9.31846e+45
29.8 9.26191e+45
29.9 0
