# Light Curve Count Rate
# Time (sec) 	 Rate (c/s)
0 0
0.1 0
0.2 0
0.3 0
0.4 1.18773e+41
0.5 1.25409e+42
0.6 3.18533e+42
0.7 5.99066e+42
0.8 8.02036e+42
0.9 1.07985e+43
1 1.20283e+43
1.1 1.42395e+43
1.2 1.53055e+43
1.3 1.62784e+43
1.4 1.77147e+43
1.5 1.8099e+43
1.6 1.85452e+43
1.7 1.95175e+43
1.8 2.00268e+43
1.9 2.03972e+43
2 2.07161e+43
2.1 2.0894e+43
2.2 2.14203e+43
2.3 2.16906e+43
2.4 2.1928e+43
2.5 2.21983e+43
2.6 2.28293e+43
2.7 2.35877e+43
2.8 2.42152e+43
2.9 2.47462e+43
3 2.52391e+43
3.1 2.57869e+43
3.2 2.65308e+43
3.3 2.6996e+43
3.4 2.7386e+43
3.5 2.76746e+43
3.6 2.80986e+43
3.7 2.85716e+43
3.8 2.90842e+43
3.9 2.93852e+43
4 2.95859e+43
4.1 2.9676e+43
4.2 2.97602e+43
4.3 2.97631e+43
4.4 2.9702e+43
4.5 2.96663e+43
4.6 3.00117e+43
4.7 3.0215e+43
4.8 3.01821e+43
4.9 3.00617e+43
5 2.98713e+43
5.1 3.02855e+43
5.2 3.01257e+43
5.3 3.00022e+43
5.4 2.98931e+43
5.5 3.04356e+43
5.6 3.02785e+43
5.7 3.00473e+43
5.8 3.03582e+43
5.9 3.04757e+43
6 3.01549e+43
6.1 3.03677e+43
6.2 3.0415e+43
6.3 2.99697e+43
6.4 3.03508e+43
6.5 3.00284e+43
6.6 2.97776e+43
6.7 3.00819e+43
6.8 2.94942e+43
6.9 2.98984e+43
7 2.94525e+43
7.1 2.94596e+43
7.2 2.93255e+43
7.3 2.90187e+43
7.4 2.91699e+43
7.5 2.86567e+43
7.6 2.89444e+43
7.7 2.83169e+43
7.8 2.86601e+43
7.9 2.80126e+43
8 2.83241e+43
8.1 2.77235e+43
8.2 2.79575e+43
8.3 2.74912e+43
8.4 2.75407e+43
8.5 2.7275e+43
8.6 2.70401e+43
8.7 2.70391e+43
8.8 2.64941e+43
8.9 2.68507e+43
9 2.61659e+43
9.1 2.64127e+43
9.2 2.60032e+43
9.3 2.57739e+43
9.4 2.58567e+43
9.5 2.52294e+43
9.6 2.55914e+43
9.7 2.51309e+43
9.8 2.48861e+43
9.9 2.50568e+43
10 2.44911e+43
10.1 2.46189e+43
10.2 2.44267e+43
10.3 2.38933e+43
10.4 2.4284e+43
10.5 2.3851e+43
10.6 2.34408e+43
10.7 2.38382e+43
10.8 2.33463e+43
10.9 1.08433e+44
11 1.37783e+44
11.1 1.36742e+44
11.2 1.34215e+44
11.3 1.32721e+44
11.4 1.30595e+44
11.5 1.28874e+44
11.6 1.26969e+44
11.7 1.25218e+44
11.8 1.23332e+44
11.9 1.21709e+44
12 1.19658e+44
12.1 1.18331e+44
12.2 1.15979e+44
12.3 1.15123e+44
12.4 1.12686e+44
12.5 1.1169e+44
12.6 1.09732e+44
12.7 1.08087e+44
12.8 1.06915e+44
12.9 1.04745e+44
13 1.0396e+44
13.1 1.02144e+44
13.2 1.0037e+44
13.3 9.96277e+43
13.4 9.76802e+43
13.5 9.63302e+43
13.6 9.53504e+43
13.7 9.35271e+43
13.8 9.23852e+43
13.9 9.13957e+43
14 8.96859e+43
14.1 1.32419e+44
14.2 1.94523e+44
14.3 1.92586e+44
14.4 1.91649e+44
14.5 1.89652e+44
14.6 1.87449e+44
14.7 1.86485e+44
14.8 1.84264e+44
14.9 1.82318e+44
15 1.81003e+44
15.1 1.78458e+44
15.2 1.77494e+44
15.3 1.74981e+44
15.4 1.73611e+44
15.5 1.7142e+44
15.6 1.69852e+44
15.7 1.67771e+44
15.8 1.66205e+44
15.9 1.64055e+44
16 1.6269e+44
16.1 1.60281e+44
16.2 1.59267e+44
16.3 1.56677e+44
16.4 1.55719e+44
16.5 1.53443e+44
16.6 1.51859e+44
16.7 1.50317e+44
16.8 1.47957e+44
16.9 1.47272e+44
17 1.44976e+44
17.1 1.43363e+44
17.2 1.42129e+44
17.3 1.39951e+44
17.4 1.38837e+44
17.5 1.37266e+44
17.6 1.35197e+44
17.7 1.34328e+44
17.8 1.32643e+44
17.9 1.30673e+44
18 1.2983e+44
18.1 1.28256e+44
18.2 1.26394e+44
18.3 1.25362e+44
18.4 1.24102e+44
18.5 1.22331e+44
18.6 1.20918e+44
18.7 1.20161e+44
18.8 1.1847e+44
18.9 1.1681e+44
19 1.16113e+44
19.1 1.14816e+44
19.2 1.13238e+44
19.3 1.11747e+44
19.4 1.1134e+44
19.5 1.09828e+44
19.6 1.08345e+44
19.7 1.07076e+44
19.8 1.06585e+44
19.9 1.05171e+44
20 1.03785e+44
20.1 1.02486e+44
20.2 1.02158e+44
20.3 1.00823e+44
20.4 9.95183e+43
20.5 9.82391e+43
20.6 9.77698e+43
20.7 9.67819e+43
20.8 9.55544e+43
20.9 9.43478e+43
21 9.33763e+43
21.1 9.29869e+43
21.2 9.18281e+43
21.3 9.06916e+43
21.4 8.9574e+43
21.5 8.89138e+43
21.6 8.83628e+43
21.7 8.72941e+43
21.8 8.62397e+43
21.9 8.52024e+43
22 8.45722e+43
22.1 8.40972e+43
22.2 8.31043e+43
22.3 8.21244e+43
22.4 8.116e+43
22.5 8.03071e+43
22.6 8.0161e+43
22.7 7.92368e+43
22.8 7.83244e+43
22.9 7.7426e+43
23 7.65382e+43
23.1 7.60903e+43
23.2 7.56583e+43
23.3 7.48074e+43
23.4 7.39693e+43
23.5 7.31463e+43
23.6 7.23324e+43
23.7 7.20014e+43
23.8 7.15578e+43
23.9 7.07745e+43
24 7.00051e+43
24.1 6.92439e+43
24.2 6.84967e+43
24.3 6.79997e+43
24.4 6.77972e+43
24.5 6.70768e+43
24.6 6.6364e+43
24.7 6.5664e+43
24.8 6.49719e+43
24.9 6.42897e+43
25 6.41329e+43
25.1 6.36931e+43
25.2 6.30363e+43
25.3 6.23867e+43
25.4 6.17461e+43
25.5 6.11164e+43
25.6 6.04928e+43
25.7 6.0378e+43
25.8 5.99805e+43
25.9 5.93783e+43
26 5.8786e+43
26.1 5.81995e+43
26.2 5.7623e+43
26.3 5.70526e+43
26.4 5.66913e+43
26.5 5.66172e+43
26.6 5.60647e+43
26.7 8.57122e+43
26.8 1.21042e+44
26.9 1.20548e+44
27 1.19539e+44
27.1 1.18542e+44
27.2 1.1756e+44
27.3 1.16958e+44
27.4 1.1649e+44
27.5 1.1553e+44
27.6 1.14582e+44
27.7 1.13643e+44
27.8 1.12839e+44
27.9 1.12636e+44
28 1.11723e+44
28.1 1.10821e+44
28.2 1.09933e+44
28.3 1.09049e+44
28.4 1.08638e+44
28.5 1.08115e+44
28.6 1.0725e+44
28.7 1.06404e+44
28.8 1.05562e+44
28.9 1.04732e+44
29 1.04434e+44
29.1 1.03862e+44
29.2 1.03055e+44
29.3 1.02253e+44
29.4 1.01461e+44
29.5 1.00676e+44
29.6 1.00241e+44
29.7 9.98778e+43
29.8 9.91123e+43
29.9 0
