0.00104573 7.18852e+50 0
0.00114138 6.70184e+50 0
0.00124578 6.24568e+50 0
0.00135973 5.8184e+50 0
0.0014841 5.41845e+50 0
0.00161984 5.04432e+50 0
0.001768 4.69456e+50 0
0.00192971 4.36781e+50 0
0.00210622 4.06271e+50 0
0.00229887 3.778e+50 0
0.00250913 3.51244e+50 0
0.00273864 3.26487e+50 0
0.00298913 3.03416e+50 0
0.00326253 2.81925e+50 0
0.00356094 2.61912e+50 0
0.00388665 2.43281e+50 0
0.00424215 2.2597e+50 0
0.00463016 2.09876e+50 0
0.00505366 1.9489e+50 0
0.0055159 1.80942e+50 0
0.00602042 1.67964e+50 0
0.00657109 1.5589e+50 0
0.00717212 1.44664e+50 0
0.00782813 1.34226e+50 0
0.00854413 1.24522e+50 0
0.00932564 1.15512e+50 0
0.0101786 1.07139e+50 0
0.0111096 9.93569e+49 0
0.0121258 9.21259e+49 0
0.0132349 8.54115e+49 0
0.0144454 7.91748e+49 0
0.0157667 7.33808e+49 0
0.0172088 6.80029e+49 0
0.0187828 6.30079e+49 0
0.0205008 5.83709e+49 0
0.0223759 5.40659e+49 0
0.0244226 5.00698e+49 0
0.0266564 4.6361e+49 0
0.0290946 4.2919e+49 0
0.0317558 3.97247e+49 0
0.0346604 3.67611e+49 0
0.0378306 3.40113e+49 0
0.0412908 3.14607e+49 0
0.0450675 2.90947e+49 0
0.0491897 2.69003e+49 0
0.0536889 2.48652e+49 0
0.0585996 2.29782e+49 0
0.0639595 2.12288e+49 0
0.0698096 1.96069e+49 0
0.0761949 1.81038e+49 0
0.0831641 1.67108e+49 0
0.0907708 1.542e+49 0
0.0990733 1.42242e+49 0
0.108135 1.31165e+49 0
0.118026 1.20907e+49 0
0.128821 1.1141e+49 0
0.140604 1.02617e+49 0
0.153465 9.44796e+48 0
0.167501 8.69499e+48 0
0.182822 7.99841e+48 0
0.199544 7.35422e+48 0
0.217796 6.7586e+48 0
0.237717 6.20805e+48 0
0.25946 5.69932e+48 0
0.283192 5.22939e+48 0
0.309094 4.79544e+48 0
0.337366 4.39486e+48 0
0.368223 4.02521e+48 0
0.401903 3.68425e+48 0
0.438664 3.36986e+48 0
0.478787 3.08011e+48 0
0.522579 2.81318e+48 0
0.570378 2.56739e+48 0
0.622548 2.34118e+48 0
0.67949 2.13309e+48 0
0.741641 1.94179e+48 0
0.809476 1.76602e+48 0
0.883516 1.60462e+48 0
0.964327 1.45651e+48 0
1.05253 1.32069e+48 0
1.1488 1.19625e+48 0
1.25388 1.08231e+48 0
1.36857 9.78087e+47 0
1.49374 8.82832e+47 0
1.63037 7.95861e+47 0
1.77949 7.16538e+47 0
1.94226 6.44269e+47 0
2.11991 5.78505e+47 0
2.31381 5.18737e+47 0
2.52544 4.64489e+47 0
2.75644 4.15321e+47 0
3.00856 3.70823e+47 0
3.28374 3.30615e+47 0
3.58409 2.9434e+47 0
3.91191 2.61671e+47 0
4.26972 2.323e+47 0
4.66026 2.0594e+47 0
5.08651 1.82328e+47 0
5.55176 1.61216e+47 0
6.05956 1.42374e+47 0
6.6138 1.25591e+47 0
7.21874 1.10668e+47 0
7.87901 9.74232e+46 0
8.59967 8.56885e+46 0
9.38625 7.53086e+46 0
10.2448 6.61411e+46 0
11.1818 5.80556e+46 0
12.2046 5.09334e+46 0
13.3209 4.46667e+46 0
14.5393 3.91579e+46 0
15.8692 3.4319e+46 0
17.3207 3.00713e+46 0
18.9049 2.63446e+46 0
20.6341 2.30761e+46 0
22.5214 2.02103e+46 0
24.5814 1.76982e+46 0
26.8297 1.54964e+46 0
29.2837 1.35669e+46 0
31.9622 1.18761e+46 0
34.8857 1.03947e+46 0
38.0765 9.09675e+45 0
41.5592 7.95969e+45 0
45.3605 6.96362e+45 0
49.5094 6.09114e+45 0
54.0379 5.32697e+45 0
58.9805 4.65774e+45 0
64.3753 4.07171e+45 0
70.2634 3.55858e+45 0
76.6901 3.10935e+45 0
83.7047 2.71611e+45 0
91.3608 2.37192e+45 0
99.7173 2.07071e+45 0
108.838 1.80715e+45 0
118.793 1.57658e+45 0
129.659 1.37491e+45 0
141.518 1.19855e+45 0
154.462 1.04436e+45 0
168.59 9.09587e+44 0
184.011 7.91813e+44 0
200.841 6.88925e+44 0
219.211 5.9907e+44 0
239.262 5.20622e+44 0
261.146 4.52159e+44 0
285.032 3.92434e+44 0
311.103 3.40354e+44 0
339.559 2.94961e+44 0
370.617 2.55418e+44 0
404.516 2.20989e+44 0
441.515 1.91031e+44 0
481.899 1.6498e+44 0
525.976 1.42342e+44 0
574.085 1.22685e+44 0
626.595 1.05631e+44 0
683.907 9.08468e+43 0
746.461 7.8043e+43 0
814.737 6.69651e+43 0
889.258 5.73906e+43 0
970.596 4.91248e+43 0
1059.37 4.19971e+43 0
1156.27 3.58585e+43 0
1262.03 3.05785e+43 0
1377.46 2.60432e+43 0
1503.45 2.21528e+43 0
1640.97 1.88204e+43 0
1791.06 1.597e+43 0
1954.88 1.35354e+43 0
2133.69 1.14591e+43 0
2328.85 9.69071e+42 0
2541.86 8.18679e+42 0
2774.35 6.90951e+42 0
3028.11 5.82614e+42 0
3305.09 4.9084e+42 0
3607.39 4.1319e+42 0
3937.34 3.47563e+42 0
4297.48 2.92157e+42 0
4690.55 2.45424e+42 0
5119.58 2.06044e+42 0
5587.85 1.72886e+42 0
6098.95 1.4499e+42 0
6656.79 1.21537e+42 0
7265.66 1.01832e+42 0
7930.23 8.52872e+41 0
8655.57 7.14025e+41 0
9447.27 5.97567e+41 0
10311.4 4.99935e+41 0
11254.5 4.18123e+41 0
12283.9 3.49595e+41 0
13407.5 2.92217e+41 0
14633.8 2.44193e+41 0
15972.3 2.04011e+41 0
17433.2 1.70401e+41 0
19027.8 1.42297e+41 0
20768.2 1.18804e+41 0
22667.8 9.91695e+40 0
24741.1 8.27648e+40 0
27004.1 6.90618e+40 0
29474.1 5.76179e+40 0
32170 4.80625e+40 0
35112.4 4.00858e+40 0
38324 3.34282e+40 0
