# Internal Shock Dynamics
# t_e (s) 	 t_a (s) 	 delt_a (s) 	 B_eq (G) 	 Gamma_e 	 E_syn (keV) 	 Gamma_r 	 L_diss (erg/s) 	 nu_c (Hz) 	 nu_m (Hz) 	 shell_index 	 a_syn 	 tau 	 relvel

144.171 	 27.6224 	 0.666658 	 8137.97 	 2.76928 	 9.7249e-06 	 9.34947 	 7.18664e+44 	 6.99757e+12 	 1.74701e+11 	 1347 	 0.133347 	 14985.7 	 0.0147439
144.175 	 27.6225 	 0.676504 	 13667.4 	 7.81144 	 0.000129005 	 9.28133 	 2.04158e+45 	 1.43452e+12 	 2.33449e+12 	 1346 	 0.133347 	 14953.1 	 0.021628
144.343 	 27.6234 	 0.667644 	 20167.9 	 17.058 	 0.000914426 	 9.34941 	 4.35372e+45 	 4.58386e+11 	 1.64271e+13 	 1348 	 0.133347 	 14912.7 	 0.0298889
144.369 	 27.6236 	 0.677614 	 24530.7 	 25.2474 	 0.00241884 	 9.28139 	 6.67981e+45 	 2.47289e+11 	 4.37714e+13 	 1345 	 0.133347 	 14874.5 	 0.0354731
144.635 	 27.6251 	 0.669317 	 32227.2 	 43.7733 	 0.00962211 	 9.34932 	 1.09724e+46 	 1.11781e+11 	 1.72857e+14 	 1349 	 0.133347 	 14811 	 0.0454047
144.684 	 27.6254 	 0.67942 	 34893.3 	 51.3581 	 0.0142372 	 9.28148 	 1.37348e+46 	 8.5467e+10 	 2.57635e+14 	 1344 	 0.133347 	 14767.1 	 0.0488349
145.04 	 27.6275 	 0.671638 	 44416.9 	 83.7233 	 0.0485137 	 9.3492 	 2.05835e+46 	 4.24018e+10 	 8.7154e+14 	 1350 	 0.133347 	 14683.1 	 0.0612576
145.124 	 27.628 	 0.681944 	 44733.9 	 85.0439 	 0.0500489 	 9.2816 	 2.29541e+46 	 4.02618e+10 	 9.05668e+14 	 1343 	 0.133347 	 14630.8 	 0.0616965
145.563 	 27.6305 	 0.674631 	 56726.4 	 137.77 	 0.16777 	 9.34906 	 3.31769e+46 	 2.01749e+10 	 3.014e+15 	 1351 	 0.133347 	 14528.9 	 0.0774111
145.692 	 27.6313 	 0.685193 	 54069.7 	 125.441 	 0.131617 	 9.28178 	 3.41187e+46 	 2.25847e+10 	 2.38164e+15 	 1342 	 0.133347 	 14466.6 	 0.0740441
146.197 	 27.6342 	 0.678263 	 69095.7 	 206.596 	 0.459522 	 9.34891 	 4.86714e+46 	 1.10446e+10 	 8.25547e+15 	 1352 	 0.133347 	 14351 	 0.0938267
146.392 	 27.6353 	 0.6892 	 62861.8 	 171.558 	 0.28622 	 9.28201 	 4.69482e+46 	 1.42053e+10 	 5.17912e+15 	 1341 	 0.133347 	 14274.2 	 0.0858674
146.943 	 27.6385 	 0.682525 	 81470.1 	 290.823 	 1.07364 	 9.34876 	 6.69485e+46 	 6.65381e+09 	 1.92886e+16 	 1353 	 0.133347 	 14150.8 	 0.110463
147.225 	 27.6401 	 0.69396 	 71093.3 	 222.499 	 0.544487 	 9.2823 	 6.11663e+46 	 9.68605e+09 	 9.8521e+15 	 1340 	 0.133347 	 14055.7 	 0.0971593
147.796 	 27.6435 	 0.687398 	 93798 	 390.997 	 2.23428 	 9.34862 	 8.78554e+46 	 4.29837e+09 	 4.01409e+16 	 1354 	 0.133347 	 13930.4 	 0.127278
148.191 	 27.6457 	 0.699481 	 78723.8 	 277.226 	 0.93604 	 9.28266 	 7.64402e+46 	 7.02153e+09 	 1.69363e+16 	 1339 	 0.133347 	 13812.5 	 0.107916
148.759 	 27.649 	 0.692891 	 106026 	 507.581 	 4.25613 	 9.34851 	 1.11204e+47 	 2.92909e+09 	 7.64663e+16 	 1355 	 0.133347 	 13691.1 	 0.144227
149.293 	 27.6521 	 0.705768 	 85758.2 	 334.988 	 1.48894 	 9.28311 	 9.25026e+46 	 5.3352e+09 	 2.6939e+16 	 1338 	 0.133347 	 13546.3 	 0.118136
149.828 	 27.6552 	 0.698981 	 118087 	 640.728 	 7.55333 	 9.34844 	 1.38291e+47 	 2.08334e+09 	 1.35705e+17 	 1356 	 0.134862 	 13435.1 	 0.161266
150.534 	 27.6593 	 0.712842 	 92189.4 	 395.008 	 2.22568 	 9.28366 	 1.09068e+47 	 4.2099e+09 	 4.02661e+16 	 1337 	 0.133347 	 13258.5 	 0.127822
151.001 	 27.662 	 0.705659 	 129959 	 790.93 	 12.6669 	 9.34843 	 3.00548e+47 	 1.53353e+09 	 2.27577e+17 	 1357 	 0.243972 	 13164.2 	 0.178347
151.915 	 27.6672 	 0.720707 	 98015.7 	 456.552 	 3.16137 	 9.28433 	 1.25863e+47 	 3.42687e+09 	 5.71903e+16 	 1336 	 0.133347 	 12951.4 	 0.136978
152.279 	 27.6693 	 0.712913 	 141580 	 958.128 	 20.2507 	 9.3485 	 5.58101e+47 	 1.16205e+09 	 3.63827e+17 	 1358 	 0.3846 	 12880.5 	 0.195426
153.439 	 27.676 	 0.729368 	 103213 	 518.676 	 4.297 	 9.28512 	 1.42552e+47 	 2.86549e+09 	 7.77275e+16 	 1335 	 0.133347 	 12627 	 0.145609
153.657 	 27.6773 	 0.720729 	 152901 	 1142.2 	 31.0807 	 9.34865 	 8.96687e+47 	 9.02664e+08 	 5.58391e+17 	 1359 	 0.53346 	 12585.9 	 0.212458
155.105 	 27.6856 	 0.73883 	 107816 	 580.982 	 5.63235 	 9.28605 	 1.58959e+47 	 2.44995e+09 	 1.01872e+17 	 1334 	 0.133347 	 12287.7 	 0.153725
155.137 	 27.6858 	 0.729106 	 163897 	 1343.22 	 46.0763 	 9.34892 	 1.27818e+48 	 7.16158e+08 	 8.27777e+17 	 1360 	 0.665932 	 12282 	 0.229396
156.71 	 27.6948 	 0.728139 	 169801 	 1477.34 	 58.1367 	 9.41234 	 1.53259e+48 	 6.45728e+08 	 1.03741e+18 	 1361 	 0.733168 	 12001.6 	 0.239959
156.912 	 27.6959 	 0.739152 	 116560 	 698.311 	 8.85668 	 9.34923 	 2.41381e+47 	 1.93726e+09 	 1.59108e+17 	 1333 	 0.166106 	 11936.5 	 0.167913
158.379 	 27.7043 	 0.737573 	 180176 	 1706.45 	 82.3019 	 9.41191 	 1.91503e+48 	 5.26748e+08 	 1.46869e+18 	 1362 	 0.817957 	 11685.4 	 0.256732
158.865 	 27.7071 	 0.750186 	 119872 	 760.922 	 10.8154 	 9.34969 	 3.29281e+47 	 1.72907e+09 	 1.94287e+17 	 1332 	 0.209513 	 11574.9 	 0.17493
160.144 	 27.7144 	 0.747527 	 190091 	 1950.79 	 113.474 	 9.4116 	 2.27306e+48 	 4.3668e+08 	 2.02502e+18 	 1363 	 0.876273 	 11365 	 0.273291
160.967 	 27.7191 	 0.762042 	 122642 	 822.093 	 12.9168 	 9.3503 	 4.28885e+47 	 1.56467e+09 	 2.32021e+17 	 1331 	 0.254824 	 11204.7 	 0.181466
162.005 	 27.725 	 0.758002 	 199575 	 2210.83 	 153.011 	 9.41143 	 2.60715e+48 	 3.6698e+08 	 2.73063e+18 	 1364 	 0.91542 	 11041.9 	 0.289597
163.221 	 27.7319 	 0.774727 	 124862 	 881.019 	 15.1047 	 9.35109 	 5.3561e+47 	 1.43455e+09 	 2.71298e+17 	 1330 	 0.299972 	 10828.2 	 0.187536
163.961 	 27.7362 	 0.768982 	 208565 	 2484.94 	 202.013 	 9.41142 	 2.9185e+48 	 3.12423e+08 	 3.60513e+18 	 1365 	 0.941387 	 10717.3 	 0.305612
165.627 	 27.7456 	 0.788242 	 126576 	 937.624 	 17.3446 	 9.35206 	 6.45682e+47 	 1.33024e+09 	 3.11497e+17 	 1329 	 0.343668 	 10447.5 	 0.193155
166.011 	 27.7478 	 0.78046 	 217063 	 2772.69 	 261.759 	 9.41158 	 3.21097e+48 	 2.69056e+08 	 4.67127e+18 	 1366 	 0.958713 	 10392.8 	 0.321303
168.151 	 27.7599 	 0.782503 	 220963 	 2962.38 	 306.099 	 9.47136 	 3.41169e+48 	 2.53729e+08 	 5.42808e+18 	 1367 	 0.966475 	 10095.4 	 0.33111
168.188 	 27.7601 	 0.792636 	 131896 	 1056.05 	 23.074 	 9.41183 	 9.32755e+47 	 1.16268e+09 	 4.11762e+17 	 1328 	 0.438072 	 10064.6 	 0.204416
170.374 	 27.7725 	 0.794923 	 228578 	 3270.66 	 385.955 	 9.47075 	 3.67951e+48 	 2.22101e+08 	 6.84462e+18 	 1368 	 0.975689 	 9774.88 	 0.346229
170.895 	 27.7754 	 0.807753 	 132537 	 1107.62 	 25.507 	 9.41228 	 1.04555e+48 	 1.1034e+09 	 4.55158e+17 	 1327 	 0.474742 	 9682.62 	 0.209075
172.687 	 27.7856 	 0.807816 	 235669 	 3589.81 	 479.358 	 9.47034 	 3.93298e+48 	 1.96232e+08 	 8.50142e+18 	 1369 	 0.982051 	 9457.31 	 0.360936
173.76 	 27.7916 	 0.823717 	 132779 	 1156.37 	 27.8544 	 9.41295 	 1.14947e+48 	 1.05526e+09 	 4.9701e+17 	 1326 	 0.50748 	 9301.94 	 0.213336
175.091 	 27.7991 	 0.821175 	 242203 	 3917.72 	 586.747 	 9.47014 	 4.17172e+48 	 1.74942e+08 	 1.04062e+19 	 1370 	 0.986503 	 9143.54 	 0.375207
176.785 	 27.8086 	 0.840532 	 132612 	 1201.5 	 30.0363 	 9.41384 	 1.24098e+48 	 1.01728e+09 	 5.3589e+17 	 1325 	 0.53582 	 8924.23 	 0.217216
177.583 	 27.8131 	 0.834989 	 248207 	 4254.01 	 708.953 	 9.47016 	 4.3971e+48 	 1.57217e+08 	 1.25735e+19 	 1371 	 0.989679 	 8834.38 	 0.389022
179.973 	 27.8264 	 0.85821 	 132103 	 1243.56 	 32.0561 	 9.41497 	 1.32076e+48 	 9.87142e+08 	 5.71859e+17 	 1324 	 0.560427 	 8550.81 	 0.220732
180.166 	 27.8275 	 0.849259 	 253657 	 4596.53 	 845.912 	 9.47042 	 4.60825e+48 	 1.42391e+08 	 1.50021e+19 	 1372 	 0.991976 	 8530.31 	 0.402361
182.827 	 27.8424 	 0.853974 	 255132 	 4813.15 	 938.384 	 9.52593 	 4.75743e+48 	 1.38393e+08 	 1.65451e+19 	 1373 	 0.993044 	 8254.67 	 0.410459
183.314 	 27.8451 	 0.866642 	 134674 	 1349.52 	 38.715 	 9.47082 	 1.59556e+48 	 9.13624e+08 	 6.86576e+17 	 1323 	 0.624218 	 8184.05 	 0.229446
185.573 	 27.8577 	 0.86911 	 259653 	 5162.45 	 1098.6 	 9.52543 	 4.94502e+48 	 1.26757e+08 	 1.93709e+19 	 1374 	 0.994453 	 7963.08 	 0.422969
186.817 	 27.8646 	 0.885937 	 133416 	 1384.43 	 40.3661 	 9.47147 	 1.64624e+48 	 8.99232e+08 	 7.15808e+17 	 1322 	 0.639853 	 7824.43 	 0.232182
188.407 	 27.8735 	 0.884683 	 263627 	 5513.52 	 1272.24 	 9.5252 	 5.11761e+48 	 1.16885e+08 	 2.24333e+19 	 1375 	 0.995511 	 7677.97 	 0.434962
190.487 	 27.885 	 0.906102 	 131895 	 1415.88 	 41.7434 	 9.47238 	 1.68357e+48 	 8.89744e+08 	 7.4016e+17 	 1321 	 0.652635 	 7472.58 	 0.234608
191.33 	 27.8897 	 0.900694 	 267080 	 5865.67 	 1458.82 	 9.52523 	 5.27591e+48 	 1.08449e+08 	 2.5723e+19 	 1376 	 0.996317 	 7399.54 	 0.446427
194.326 	 27.9062 	 0.927148 	 130141 	 1443.96 	 42.8438 	 9.47356 	 1.70841e+48 	 8.84636e+08 	 7.59576e+17 	 1320 	 0.662885 	 7129.27 	 0.23674
194.341 	 27.9063 	 0.917139 	 269981 	 6215.43 	 1655.82 	 9.52553 	 5.41823e+48 	 1.01259e+08 	 2.91958e+19 	 1377 	 0.996936 	 7128.08 	 0.457358
197.426 	 27.9234 	 0.923949 	 269470 	 6422.31 	 1774.15 	 9.57743 	 5.51491e+48 	 1.00341e+08 	 3.11127e+19 	 1378 	 0.997216 	 6883.3 	 0.463585
198.321 	 27.9283 	 0.938859 	 131086 	 1535.8 	 49.0887 	 9.526 	 1.92106e+48 	 8.4418e+08 	 8.65502e+17 	 1319 	 0.70441 	 6796.44 	 0.243715
200.599 	 27.9409 	 0.941233 	 271499 	 6764.45 	 1982.95 	 9.57702 	 5.63128e+48 	 9.45371e+07 	 3.47759e+19 	 1379 	 0.997634 	 6626.74 	 0.473586
202.489 	 27.9512 	 0.961546 	 128833 	 1556.52 	 49.5598 	 9.52675 	 1.91712e+48 	 8.47772e+08 	 8.73739e+17 	 1318 	 0.70915 	 6473.4 	 0.245208
203.863 	 27.9588 	 0.958953 	 273031 	 7100.65 	 2197.27 	 9.5769 	 5.73263e+48 	 8.95509e+07 	 3.85349e+19 	 1380 	 0.997966 	 6377.39 	 0.483038
206.832 	 27.975 	 0.985125 	 126431 	 1574.12 	 49.7473 	 9.52778 	 1.90333e+48 	 8.54589e+08 	 8.7695e+17 	 1317 	 0.712216 	 6160.62 	 0.246458
207.218 	 27.9771 	 0.977108 	 274084 	 7429.54 	 2414.84 	 9.57706 	 5.81938e+48 	 8.52639e+07 	 4.235e+19 	 1381 	 0.99823 	 6135.31 	 0.491941
210.655 	 27.9959 	 0.985599 	 272084 	 7603.4 	 2523.61 	 9.6262 	 5.86896e+48 	 8.56625e+07 	 4.40316e+19 	 1382 	 0.998337 	 5917.03 	 0.496521
211.342 	 27.9996 	 0.999391 	 126439 	 1654.27 	 55.2317 	 9.57742 	 2.06643e+48 	 8.30214e+08 	 9.68584e+17 	 1316 	 0.741776 	 5859.01 	 0.252275
214.178 	 28.0151 	 1.00461 	 272336 	 7912.53 	 2735.37 	 9.6257 	 5.9294e+48 	 8.22224e+07 	 4.77288e+19 	 1383 	 0.998525 	 5689.82 	 0.504463
216.026 	 28.0251 	 1.02465 	 123703 	 1664.95 	 54.7403 	 9.57807 	 2.02893e+48 	 8.4336e+08 	 9.59901e+17 	 1315 	 0.741284 	 5568.47 	 0.252982
217.796 	 28.0348 	 1.02407 	 272129 	 8208.86 	 2941.79 	 9.62549 	 5.9751e+48 	 7.93076e+07 	 5.13317e+19 	 1384 	 0.998678 	 5469.71 	 0.511855
220.894 	 28.0516 	 1.05083 	 120877 	 1672.67 	 53.9925 	 9.579 	 1.98411e+48 	 8.59426e+08 	 9.46696e+17 	 1314 	 0.739511 	 5288.75 	 0.253486
221.511 	 28.055 	 1.04399 	 271498 	 8492.08 	 3141.01 	 9.62558 	 6.0073e+48 	 7.68437e+07 	 5.48075e+19 	 1385 	 0.998803 	 5256.56 	 0.5187
225.315 	 28.0755 	 1.05423 	 268189 	 8613.76 	 3207.67 	 9.67195 	 6.01043e+48 	 7.81813e+07 	 5.57023e+19 	 1386 	 0.998839 	 5064.35 	 0.521571
225.939 	 28.0789 	 1.0677 	 120208 	 1741.42 	 58.4826 	 9.62587 	 2.10329e+48 	 8.46457e+08 	 1.02043e+18 	 1313 	 0.761098 	 5020.33 	 0.258291
229.213 	 28.0966 	 1.07507 	 266842 	 8865.91 	 3380.96 	 9.6714 	 6.01747e+48 	 7.63237e+07 	 5.87148e+19 	 1387 	 0.99893 	 4865.1 	 0.52745
231.165 	 28.1071 	 1.09561 	 117182 	 1742.92 	 57.1124 	 9.62645 	 2.04051e+48 	 8.67777e+08 	 9.96464e+17 	 1312 	 0.756908 	 4763.07 	 0.258335
233.213 	 28.1181 	 1.0964 	 265106 	 9100.62 	 3539.07 	 9.67115 	 6.01176e+48 	 7.48345e+07 	 6.14622e+19 	 1388 	 0.999004 	 4672.39 	 0.532787
236.585 	 28.1362 	 1.1245 	 114110 	 1741.68 	 55.5411 	 9.62731 	 1.97268e+48 	 8.92092e+08 	 9.6896e+17 	 1311 	 0.751588 	 4516.44 	 0.258212
237.321 	 28.1402 	 1.11823 	 262993 	 9316.51 	 3679.42 	 9.67119 	 5.99361e+48 	 7.36892e+07 	 6.38994e+19 	 1389 	 0.999064 	 4486.03 	 0.537587
241.532 	 28.1628 	 1.1304 	 258541 	 9367.92 	 3673.67 	 9.71482 	 5.95208e+48 	 7.59009e+07 	 6.35129e+19 	 1390 	 0.999063 	 4317.86 	 0.538716
242.196 	 28.1663 	 1.14409 	 112947 	 1798.95 	 58.9189 	 9.67144 	 2.05364e+48 	 8.88693e+08 	 1.0232e+18 	 1310 	 0.767442 	 4280.61 	 0.262127
245.847 	 28.1859 	 1.15327 	 255810 	 9543.67 	 3772.3 	 9.71426 	 5.91109e+48 	 7.52813e+07 	 6.52219e+19 	 1391 	 0.999105 	 4143.94 	 0.542553
248.001 	 28.1973 	 1.17483 	 109774 	 1792.22 	 56.8392 	 9.67198 	 1.97296e+48 	 9.18017e+08 	 9.87027e+17 	 1309 	 0.760273 	 4055.39 	 0.26161
250.281 	 28.2095 	 1.17671 	 252758 	 9698.76 	 3849.33 	 9.71399 	 5.85965e+48 	 7.49634e+07 	 6.65555e+19 	 1392 	 0.999137 	 3975.82 	 0.545857
254.016 	 28.2294 	 1.2066 	 106595 	 1783.16 	 54.641 	 9.67279 	 1.8895e+48 	 9.50519e+08 	 9.48776e+17 	 1308 	 0.752052 	 3840.09 	 0.260952
254.84 	 28.2338 	 1.20073 	 249378 	 9830.58 	 3901.79 	 9.714 	 5.79711e+48 	 7.49611e+07 	 6.74626e+19 	 1393 	 0.99916 	 3813.31 	 0.548632
259.52 	 28.2586 	 1.21514 	 243988 	 9800.77 	 3810.31 	 9.75492 	 5.71582e+48 	 7.81533e+07 	 6.56045e+19 	 1394 	 0.999133 	 3666.39 	 0.547989
260.239 	 28.2624 	 1.22913 	 105095 	 1829.67 	 56.9619 	 9.71422 	 1.93916e+48 	 9.5578e+08 	 9.84858e+17 	 1307 	 0.763626 	 3634.72 	 0.264074
264.326 	 28.2841 	 1.2404 	 240107 	 9887.97 	 3816.5 	 9.75434 	 5.63418e+48 	 7.86974e+07 	 6.57151e+19 	 1395 	 0.999142 	 3514.68 	 0.5498
266.677 	 28.2965 	 1.26294 	 101880 	 1815.7 	 54.3819 	 9.7147 	 1.84677e+48 	 9.93726e+08 	 9.40204e+17 	 1306 	 0.753727 	 3438.97 	 0.263073
269.275 	 28.3103 	 1.26635 	 235940 	 9950.14 	 3797.46 	 9.75404 	 5.5428e+48 	 7.95772e+07 	 6.53892e+19 	 1396 	 0.999143 	 3368 	 0.551082
273.349 	 28.3318 	 1.2979 	 98680.9 	 1799.62 	 51.7493 	 9.71545 	 1.7531e+48 	 1.03543e+09 	 8.94619e+17 	 1305 	 0.74269 	 3252.21 	 0.26195
274.375 	 28.3373 	 1.29302 	 231505 	 9987.17 	 3753.85 	 9.75401 	 5.44229e+48 	 8.08002e+07 	 6.46384e+19 	 1397 	 0.999137 	 3226.15 	 0.551837
279.628 	 28.3649 	 1.31019 	 225369 	 9871.09 	 3583.88 	 9.79224 	 5.32674e+48 	 8.53003e+07 	 6.14708e+19 	 1398 	 0.999082 	 3097.48 	 0.549377
280.257 	 28.3682 	 1.32373 	 96937.8 	 1835.38 	 53.0864 	 9.75417 	 1.77615e+48 	 1.05009e+09 	 9.14091e+17 	 1304 	 0.750486 	 3074.27 	 0.26435
285.04 	 28.3934 	 1.33843 	 220534 	 9861.44 	 3499.93 	 9.79162 	 5.21042e+48 	 8.72338e+07 	 6.00346e+19 	 1399 	 0.999059 	 2964.81 	 0.549152
287.41 	 28.4058 	 1.36101 	 93762.4 	 1815.48 	 50.2423 	 9.75458 	 1.67776e+48 	 1.09773e+09 	 8.65083e+17 	 1303 	 0.737923 	 2904.86 	 0.262916
290.631 	 28.4228 	 1.36754 	 215486 	 9827.71 	 3396.35 	 9.79127 	 5.08702e+48 	 8.95704e+07 	 5.826e+19 	 1400 	 0.999027 	 2836.43 	 0.548395
294.832 	 28.4448 	 1.39961 	 90598.2 	 1793.02 	 47.3561 	 9.75523 	 1.57805e+48 	 1.1506e+09 	 8.15333e+17 	 1302 	 0.723827 	 2743.35 	 0.261369
296.416 	 28.4531 	 1.39758 	 210214 	 9767.7 	 3272.87 	 9.79115 	 4.95581e+48 	 9.23766e+07 	 5.61426e+19 	 1401 	 0.998984 	 2712.13 	 0.547104
302.405 	 28.4844 	 1.41834 	 203511 	 9566.34 	 3050.25 	 9.82669 	 4.81156e+48 	 9.885e+07 	 5.21345e+19 	 1402 	 0.998883 	 2598.8 	 0.542751
302.536 	 28.4851 	 1.42932 	 88700.7 	 1819.01 	 47.8944 	 9.79121 	 1.58017e+48 	 1.17561e+09 	 8.21571e+17 	 1301 	 0.728206 	 2589.42 	 0.263088
308.6 	 28.5168 	 1.45046 	 197946 	 9462.06 	 2902.3 	 9.82599 	 4.66825e+48 	 1.0272e+08 	 4.96093e+19 	 1403 	 0.998813 	 2482.21 	 0.540447
310.524 	 28.5268 	 1.47068 	 85577.4 	 1792.79 	 44.8863 	 9.79149 	 1.47756e+48 	 1.23649e+09 	 7.69949e+17 	 1300 	 0.712206 	 2442.99 	 0.261247
315.033 	 28.5504 	 1.48374 	 192207 	 9333.7 	 2742.08 	 9.82551 	 4.519e+48 	 1.07221e+08 	 4.68729e+19 	 1404 	 0.998727 	 2369.21 	 0.537596
318.834 	 28.5701 	 1.51364 	 82488.9 	 1764.8 	 41.9282 	 9.79198 	 1.37572e+48 	 1.30338e+09 	 7.19172e+17 	 1299 	 0.694696 	 2303.38 	 0.259295
320.908 	 23.8803 	 0.836766 	 4387.98 	 5.22932 	 2.66431e-05 	 13.3224 	 1.10209e+45 	 2.83334e+13 	 3.35893e+11 	 1151 	 0.133347 	 1746.4 	 0.01767
320.996 	 23.8806 	 0.827093 	 6425.4 	 11.2194 	 0.000180659 	 13.402 	 2.32139e+45 	 9.23616e+12 	 2.26405e+12 	 1153 	 0.133347 	 1745.4 	 0.0242727
321.426 	 23.8818 	 0.838204 	 7888.96 	 16.9614 	 0.000503941 	 13.3225 	 3.60944e+45 	 4.85896e+12 	 6.35317e+12 	 1150 	 0.133347 	 1737.05 	 0.0290552
321.567 	 23.8822 	 0.828679 	 10252.6 	 28.6748 	 0.00188302 	 13.402 	 5.84794e+45 	 2.26478e+12 	 2.35983e+13 	 1154 	 0.133347 	 1735.45 	 0.0367865
321.724 	 28.5852 	 1.5183 	 186310 	 9182.03 	 2572.21 	 9.82525 	 4.36438e+48 	 1.1243e+08 	 4.39703e+19 	 1405 	 0.99862 	 2259.65 	 0.534194
322.244 	 23.8841 	 0.840475 	 11239 	 34.6144 	 0.00299008 	 13.3227 	 7.42794e+45 	 1.67135e+12 	 3.76952e+13 	 1149 	 0.133347 	 1724.32 	 0.0401027
322.398 	 23.8845 	 0.830986 	 14104 	 54.5669 	 0.00938033 	 13.402 	 1.09567e+46 	 8.65149e+11 	 1.17556e+14 	 1155 	 0.133347 	 1722.59 	 0.0495169
323.348 	 23.8871 	 0.843541 	 14453.5 	 57.6697 	 0.0106738 	 13.323 	 1.24635e+46 	 7.80132e+11 	 1.3456e+14 	 1148 	 0.133347 	 1708.47 	 0.0507961
323.501 	 23.8876 	 0.834046 	 17978.1 	 89.3164 	 0.0320351 	 13.402 	 1.76379e+46 	 4.14655e+11 	 4.0147e+14 	 1156 	 0.133347 	 1706.77 	 0.0624355
324.747 	 23.891 	 0.847423 	 17516.3 	 85.4909 	 0.0284279 	 13.3234 	 1.85836e+46 	 4.34286e+11 	 3.58366e+14 	 1147 	 0.133347 	 1689.54 	 0.0611209
324.862 	 23.8914 	 0.83782 	 21861.9 	 133.274 	 0.0867354 	 13.4021 	 2.58572e+46 	 2.28526e+11 	 1.08698e+15 	 1157 	 0.133347 	 1688.28 	 0.0755126
326.439 	 23.8958 	 0.852118 	 20415.1 	 117.435 	 0.0625214 	 13.3238 	 2.56425e+46 	 2.71297e+11 	 7.88127e+14 	 1146 	 0.133347 	 1667.67 	 0.0710654
326.478 	 23.8959 	 0.842298 	 25741.2 	 186.751 	 0.200529 	 13.4021 	 3.55632e+46 	 1.38511e+11 	 2.51305e+15 	 1158 	 0.133347 	 1667.26 	 0.0887171
327.486 	 28.6151 	 1.5583 	 79453.5 	 1735.86 	 39.0742 	 9.79267 	 1.27614e+48 	 1.37613e+09 	 6.70172e+17 	 1298 	 0.675915 	 2170.27 	 0.257233
328.337 	 23.9011 	 0.837527 	 27844.5 	 221.203 	 0.306128 	 13.4814 	 4.20443e+46 	 1.10684e+11 	 3.81387e+15 	 1159 	 0.133347 	 1647.42 	 0.096256
328.434 	 23.9013 	 0.847717 	 24899.1 	 176.993 	 0.174228 	 13.4022 	 3.94533e+46 	 1.51094e+11 	 2.18343e+15 	 1145 	 0.133347 	 1642.96 	 0.0864732
328.695 	 28.6215 	 1.55423 	 180271 	 9007.96 	 2395.34 	 9.82519 	 4.20493e+48 	 1.18439e+08 	 4.09472e+19 	 1406 	 0.99849 	 2153.38 	 0.530235
330.447 	 23.9069 	 0.843369 	 31675.1 	 290.221 	 0.599439 	 13.4809 	 5.40403e+46 	 7.41503e+10 	 7.46831e+15 	 1160 	 0.133347 	 1621.95 	 0.109679
330.732 	 23.9077 	 0.854081 	 27433 	 218.096 	 0.291473 	 13.4023 	 4.87007e+46 	 1.11297e+11 	 3.65271e+15 	 1144 	 0.133347 	 1615.58 	 0.0955803
332.803 	 23.9135 	 0.849887 	 35443.8 	 368.983 	 1.0842 	 13.4805 	 6.72525e+46 	 5.21143e+10 	 1.35083e+16 	 1161 	 0.133347 	 1594.49 	 0.123138
333.343 	 23.915 	 0.861301 	 29787.4 	 261.52 	 0.455071 	 13.4025 	 5.84216e+46 	 8.54854e+10 	 5.70281e+15 	 1143 	 0.133347 	 1585.66 	 0.104281
335.402 	 23.9207 	 0.857072 	 39148.1 	 457.727 	 1.84275 	 13.4801 	 8.15992e+46 	 3.80306e+10 	 2.29599e+16 	 1162 	 0.133347 	 1565.23 	 0.136598
335.965 	 28.6592 	 1.58135 	 173127 	 8713.43 	 2159.47 	 9.85726 	 4.03469e+48 	 1.29168e+08 	 3.67949e+19 	 1407 	 0.998263 	 2055.84 	 0.523375
336.267 	 23.9231 	 0.869381 	 31950.2 	 306.572 	 0.670787 	 13.4028 	 6.84247e+46 	 6.79926e+10 	 8.40591e+15 	 1142 	 0.133347 	 1553.42 	 0.112572
336.503 	 28.662 	 1.59444 	 77432.5 	 1749.11 	 38.7929 	 9.82527 	 1.2568e+48 	 1.42009e+09 	 6.6314e+17 	 1297 	 0.675271 	 2043.39 	 0.258102
338.241 	 23.9286 	 0.86491 	 42764.5 	 556.175 	 2.97191 	 13.4797 	 9.69084e+46 	 2.86489e+10 	 3.70299e+16 	 1163 	 0.133347 	 1534.4 	 0.150028
339.517 	 23.9321 	 0.878349 	 33929.4 	 352.943 	 0.944154 	 13.4032 	 7.85997e+46 	 5.56209e+10 	 1.18312e+16 	 1141 	 0.133347 	 1518.99 	 0.120452
341.323 	 23.9371 	 0.873408 	 46276.8 	 664.084 	 4.58488 	 13.4794 	 1.1302e+47 	 2.21706e+10 	 5.71287e+16 	 1164 	 0.133347 	 1502.13 	 0.163391
343.093 	 23.942 	 0.888207 	 35713 	 399.912 	 1.27594 	 13.4037 	 8.87476e+46 	 4.66436e+10 	 1.59883e+16 	 1140 	 0.133347 	 1482.63 	 0.127924
343.554 	 28.6986 	 1.62042 	 166920 	 8502.73 	 1982.44 	 9.85658 	 3.86776e+48 	 1.37252e+08 	 3.37809e+19 	 1408 	 0.998062 	 1955.67 	 0.51834
344.644 	 23.9463 	 0.88255 	 49681 	 781.433 	 6.81532 	 13.4792 	 1.29821e+47 	 1.75489e+10 	 8.4922e+16 	 1165 	 0.133347 	 1468.64 	 0.176656
345.904 	 28.7107 	 1.64279 	 74427.6 	 1715.68 	 35.8766 	 9.82552 	 1.15517e+48 	 1.50638e+09 	 6.13271e+17 	 1296 	 0.653542 	 1922.52 	 0.255739
347.001 	 23.9528 	 0.898969 	 37314.5 	 447.312 	 1.66799 	 13.4044 	 9.87922e+46 	 3.99189e+10 	 2.08999e+16 	 1139 	 0.133347 	 1444.55 	 0.134988
348.201 	 23.9562 	 0.892331 	 52956.3 	 907.617 	 9.80009 	 13.479 	 1.82873e+47 	 1.41741e+10 	 1.22115e+17 	 1166 	 0.165765 	 1434.11 	 0.189791
351.245 	 23.9646 	 0.910638 	 38726.4 	 494.508 	 2.1158 	 13.4052 	 1.08559e+47 	 3.48007e+10 	 2.65094e+16 	 1138 	 0.133347 	 1404.99 	 0.141651
351.505 	 28.7398 	 1.6613 	 160599 	 8271.41 	 1804.91 	 9.85608 	 3.69691e+48 	 1.46614e+08 	 3.07573e+19 	 1409 	 0.997812 	 1858.38 	 0.512727
351.993 	 23.9667 	 0.902739 	 56096.9 	 1042.35 	 13.6922 	 13.479 	 2.98687e+47 	 1.16509e+10 	 1.70613e+17 	 1167 	 0.241752 	 1398.73 	 0.202762
355.737 	 28.7617 	 1.69331 	 71472.8 	 1681.25 	 33.0846 	 9.82594 	 1.05638e+48 	 1.60105e+09 	 5.65521e+17 	 1295 	 0.630255 	 1807.17 	 0.253256
355.833 	 23.9772 	 0.923238 	 39948.1 	 541.018 	 2.61259 	 13.4061 	 1.17909e+47 	 3.08449e+10 	 3.27315e+16 	 1137 	 0.133347 	 1364.16 	 0.147917
356.021 	 23.9778 	 0.91378 	 59093 	 1185.17 	 18.647 	 13.4791 	 4.52587e+47 	 9.72771e+09 	 2.32351e+17 	 1168 	 0.33052 	 1362.65 	 0.215539
359.854 	 28.783 	 1.70417 	 154206 	 8023.51 	 1630.68 	 9.85575 	 3.52394e+48 	 1.57389e+08 	 2.77892e+19 	 1410 	 0.997505 	 1763.83 	 0.506531
360.27 	 23.9895 	 0.915457 	 60477.4 	 1273.24 	 22.1451 	 13.5524 	 5.61145e+47 	 9.04164e+09 	 2.74447e+17 	 1169 	 0.385172 	 1329.16 	 0.223018
360.755 	 23.9908 	 0.926744 	 42461.4 	 629.446 	 3.77944 	 13.4793 	 1.38235e+47 	 2.54918e+10 	 4.7093e+16 	 1136 	 0.133347 	 1322.42 	 0.159084
364.746 	 24.0018 	 0.927707 	 63197 	 1427.48 	 29.0858 	 13.5517 	 7.63309e+47 	 7.71596e+09 	 3.60482e+17 	 1170 	 0.479856 	 1292.27 	 0.235432
366.022 	 24.0053 	 0.941149 	 43293.3 	 674.925 	 4.43057 	 13.4797 	 1.4678e+47 	 2.33197e+10 	 5.52048e+16 	 1135 	 0.133347 	 1279.91 	 0.1645
366.037 	 28.8149 	 1.74617 	 68560 	 1645.48 	 30.4023 	 9.82651 	 9.60171e+47 	 1.70575e+09 	 5.19642e+17 	 1294 	 0.605205 	 1697.07 	 0.25065
368.64 	 28.8285 	 1.74923 	 147737 	 7758.5 	 1460.75 	 9.85556 	 3.34853e+48 	 1.69879e+08 	 2.48938e+19 	 1411 	 0.99712 	 1671.93 	 0.499743
369.453 	 24.0147 	 0.940567 	 65756.1 	 1588.31 	 37.4654 	 13.5511 	 9.81191e+47 	 6.66366e+09 	 4.64356e+17 	 1171 	 0.569387 	 1255.14 	 0.24757
371.645 	 24.0207 	 0.956501 	 43959.4 	 718.856 	 5.10366 	 13.4802 	 1.54638e+47 	 2.15663e+10 	 6.35889e+16 	 1134 	 0.133347 	 1236.85 	 0.169542
374.396 	 24.0283 	 0.954045 	 68133.9 	 1754.27 	 47.355 	 13.5507 	 1.20171e+48 	 5.82201e+09 	 5.86949e+17 	 1172 	 0.648628 	 1217.9 	 0.259408
376.848 	 28.8708 	 1.80161 	 65689.3 	 1608.46 	 27.8352 	 9.82722 	 8.66926e+47 	 1.82179e+09 	 4.75731e+17 	 1293 	 0.578388 	 1591.96 	 0.247914
377.631 	 24.0371 	 0.972821 	 44472.6 	 761.229 	 5.7902 	 13.481 	 1.61798e+47 	 2.01352e+10 	 7.21389e+16 	 1133 	 0.133347 	 1193.4 	 0.174222
377.91 	 28.8763 	 1.79671 	 141199 	 7476.82 	 1296.56 	 9.85551 	 3.17081e+48 	 1.84438e+08 	 2.20959e+19 	 1412 	 0.996635 	 1582.56 	 0.492358
379.573 	 24.0425 	 0.968135 	 70335.8 	 1924.98 	 58.8618 	 13.5505 	 1.41616e+48 	 5.13926e+09 	 7.29583e+17 	 1173 	 0.715738 	 1180.67 	 0.270921
383.985 	 24.0545 	 0.990114 	 44830 	 801.484 	 6.47081 	 13.4819 	 1.68143e+47 	 1.89768e+10 	 8.06128e+16 	 1132 	 0.133347 	 1149.8 	 0.178551
384.985 	 24.0572 	 0.982837 	 72359.9 	 2099.7 	 72.0467 	 13.5505 	 1.61867e+48 	 4.57978e+09 	 8.93011e+17 	 1174 	 0.770727 	 1143.57 	 0.282088
387.71 	 28.9269 	 1.83654 	 133904 	 7105.08 	 1113.47 	 9.88327 	 2.98475e+48 	 2.06977e+08 	 1.89224e+19 	 1413 	 0.995868 	 1499.66 	 0.482228
388.214 	 28.9295 	 1.84946 	 63569 	 1605.78 	 26.9246 	 9.85556 	 8.29467e+47 	 1.90754e+09 	 4.58844e+17 	 1292 	 0.569141 	 1491.6 	 0.247686
390.631 	 24.0726 	 0.988145 	 72946.7 	 2200.99 	 80.2116 	 13.619 	 1.73128e+48 	 4.42225e+09 	 9.89209e+17 	 1175 	 0.796059 	 1109.31 	 0.288324
390.709 	 24.0728 	 0.998365 	 46288.4 	 886.611 	 8.2176 	 13.5506 	 1.94539e+47 	 1.69554e+10 	 1.01855e+17 	 1131 	 0.139342 	 1106.25 	 0.187414
396.493 	 24.0886 	 1.00404 	 74644.5 	 2378.73 	 95.8637 	 13.6181 	 1.90811e+48 	 3.99765e+09 	 1.18232e+18 	 1176 	 0.834495 	 1072.83 	 0.298857
397.784 	 24.0921 	 1.01753 	 46328 	 922.643 	 8.90691 	 13.5509 	 2.20954e+47 	 1.62808e+10 	 1.10397e+17 	 1130 	 0.154412 	 1063.06 	 0.19099
398.097 	 28.9805 	 1.88971 	 127359 	 6803.07 	 970.859 	 9.88254 	 2.80592e+48 	 2.27207e+08 	 1.65e+19 	 1414 	 0.995055 	 1414.94 	 0.473672
400.186 	 28.9912 	 1.91071 	 60736.3 	 1564.66 	 24.4243 	 9.85571 	 7.38048e+47 	 2.04912e+09 	 4.16228e+17 	 1291 	 0.538654 	 1395.79 	 0.244601
402.596 	 24.1052 	 1.02056 	 76157.1 	 2557.71 	 113.072 	 13.6174 	 2.06834e+48 	 3.64331e+09 	 1.39463e+18 	 1177 	 0.864774 	 1036.73 	 0.308988
405.242 	 24.1124 	 1.0377 	 46244.3 	 956.27 	 9.55111 	 13.5514 	 2.46199e+47 	 1.57393e+10 	 1.18376e+17 	 1129 	 0.168707 	 1020.24 	 0.194251
408.942 	 24.1225 	 1.0377 	 77484.2 	 2736.9 	 131.722 	 13.6169 	 2.21239e+48 	 3.34598e+09 	 1.62471e+18 	 1178 	 0.888543 	 1001.1 	 0.3187
409.149 	 29.0375 	 1.94625 	 120788 	 6489.17 	 837.708 	 9.88192 	 2.62646e+48 	 2.51093e+08 	 1.4238e+19 	 1415 	 0.993999 	 1332.47 	 0.464497
412.836 	 29.0564 	 1.97539 	 57934.3 	 1521.79 	 22.0392 	 9.85597 	 6.50172e+47 	 2.20896e+09 	 3.75572e+17 	 1290 	 0.506092 	 1304.21 	 0.241367
413.086 	 24.1336 	 1.05887 	 46047.3 	 987.462 	 10.1415 	 13.5522 	 2.69644e+47 	 1.53109e+10 	 1.25687e+17 	 1128 	 0.182009 	 977.953 	 0.197211
415.535 	 24.1403 	 1.05547 	 78628.5 	 2915.47 	 151.676 	 13.6166 	 2.34121e+48 	 3.09508e+09 	 1.87087e+18 	 1179 	 0.907226 	 965.989 	 0.327979
420.947 	 29.0983 	 2.00656 	 114223 	 6166.9 	 715.411 	 9.8814 	 2.44767e+48 	 2.7934e+08 	 1.216e+19 	 1416 	 0.992617 	 1252.18 	 0.454695
421.32 	 24.1559 	 1.08107 	 45740.6 	 1015.93 	 10.6641 	 13.5533 	 2.90461e+47 	 1.49862e+10 	 1.32153e+17 	 1127 	 0.194002 	 936.333 	 0.19988
422.377 	 24.1588 	 1.07387 	 79579.7 	 3091.48 	 172.605 	 13.6166 	 2.45471e+48 	 2.88397e+09 	 2.12903e+18 	 1180 	 0.921875 	 931.464 	 0.336812
426.239 	 29.1254 	 2.04388 	 55172.1 	 1477.7 	 19.7904 	 9.85631 	 5.66909e+47 	 2.38909e+09 	 3.37239e+17 	 1289 	 0.471857 	 1216.67 	 0.237975
429.468 	 24.178 	 1.08287 	 79304.1 	 3180.12 	 182.857 	 13.6798 	 2.50704e+48 	 2.86589e+09 	 2.24506e+18 	 1181 	 0.927535 	 899.756 	 0.341157
429.941 	 24.1792 	 1.09419 	 46377.5 	 1090.13 	 12.508 	 13.6168 	 3.70372e+47 	 1.40344e+10 	 1.5428e+17 	 1126 	 0.231669 	 895.541 	 0.206708
433.582 	 29.1633 	 2.07111 	 107662 	 5835.94 	 603.857 	 9.88095 	 2.26925e+48 	 3.13113e+08 	 1.02644e+19 	 1417 	 0.990774 	 1174.01 	 0.444263
436.8 	 24.1978 	 1.10256 	 79943.6 	 3349.28 	 204.449 	 13.6789 	 2.59793e+48 	 2.69865e+09 	 2.51033e+18 	 1182 	 0.937786 	 866.557 	 0.349182
438.941 	 24.2035 	 1.11833 	 45855.2 	 1113.38 	 12.9006 	 13.6172 	 3.85957e+47 	 1.38994e+10 	 1.59119e+17 	 1125 	 0.241052 	 855.731 	 0.208754
440.476 	 29.1987 	 2.1166 	 52440.7 	 1431.94 	 17.6644 	 9.85673 	 4.88248e+47 	 2.5943e+09 	 3.00998e+17 	 1288 	 0.435895 	 1132.98 	 0.234416
444.399 	 24.2182 	 1.12292 	 80399.3 	 3513.15 	 226.216 	 13.6782 	 2.67549e+48 	 2.55767e+09 	 2.77774e+18 	 1183 	 0.945932 	 834.044 	 0.35673
447.167 	 29.2332 	 2.14049 	 101146 	 5500.86 	 504.012 	 9.88057 	 2.09279e+48 	 3.53533e+08 	 8.56754e+18 	 1418 	 0.988303 	 1097.9 	 0.433194
448.346 	 24.2288 	 1.14351 	 45249.6 	 1133.76 	 13.2012 	 13.6178 	 3.97273e+47 	 1.38349e+10 	 1.62818e+17 	 1124 	 0.248655 	 816.891 	 0.210551
452.271 	 24.2394 	 1.14397 	 80677.8 	 3670.96 	 247.844 	 13.6778 	 2.74057e+48 	 2.43897e+09 	 3.04341e+18 	 1184 	 0.952448 	 802.246 	 0.363793
455.645 	 29.2768 	 2.19406 	 49757.5 	 1385.5 	 15.6919 	 9.8572 	 4.15648e+47 	 2.82638e+09 	 2.67375e+17 	 1287 	 0.39909 	 1052.96 	 0.23068
458.159 	 24.2551 	 1.16975 	 44583.5 	 1152.01 	 13.4297 	 13.6187 	 4.05198e+47 	 1.38228e+10 	 1.65626e+17 	 1123 	 0.254883 	 779.107 	 0.212111
460.426 	 24.2613 	 1.16574 	 80788.8 	 3822.28 	 269.064 	 13.6776 	 2.79418e+48 	 2.33907e+09 	 3.30402e+18 	 1185 	 0.957701 	 771.173 	 0.370365
461.828 	 29.3087 	 2.21534 	 94662.6 	 5160.44 	 415.115 	 9.88024 	 1.91756e+48 	 4.02612e+08 	 7.05664e+18 	 1419 	 0.984914 	 1023.81 	 0.421486
468.385 	 24.2826 	 1.19704 	 43856.1 	 1167.74 	 13.575 	 13.6198 	 4.0927e+47 	 1.38673e+10 	 1.67404e+17 	 1122 	 0.259514 	 742.441 	 0.213446
468.871 	 24.2839 	 1.18824 	 80732 	 3965.76 	 289.44 	 13.6776 	 2.83642e+48 	 2.25608e+09 	 3.55422e+18 	 1186 	 0.961934 	 740.846 	 0.376439
471.859 	 29.3602 	 2.27682 	 47096.1 	 1336.95 	 13.8306 	 9.85773 	 3.48149e+47 	 3.0952e+09 	 2.35646e+17 	 1286 	 0.360948 	 976.45 	 0.226757
477.596 	 24.3072 	 1.20139 	 79672.1 	 4014.98 	 294.003 	 13.7351 	 2.83588e+48 	 2.29623e+09 	 3.59516e+18 	 1187 	 0.962795 	 713.085 	 0.378475
477.718 	 29.3904 	 2.29644 	 88236.3 	 4817.32 	 337.18 	 9.87995 	 1.74427e+48 	 4.62645e+08 	 5.73197e+18 	 1420 	 0.9802 	 951.699 	 0.409137
479.006 	 24.311 	 1.21521 	 43915.2 	 1227.41 	 15.0821 	 13.6779 	 4.75347e+47 	 1.34014e+10 	 1.852e+17 	 1121 	 0.289537 	 707.015 	 0.218563
486.624 	 24.3314 	 1.2254 	 79337 	 4141.01 	 311.417 	 13.7342 	 2.85908e+48 	 2.2352e+09 	 3.80833e+18 	 1188 	 0.965839 	 684.295 	 0.383644
489.245 	 29.4496 	 2.36555 	 44473.6 	 1287.22 	 12.1077 	 9.85828 	 2.87049e+47 	 3.4051e+09 	 2.0628e+17 	 1285 	 0.322512 	 903.314 	 0.222636
490.042 	 24.3404 	 1.24454 	 43062 	 1238 	 15.046 	 13.6783 	 4.70663e+47 	 1.35519e+10 	 1.8475e+17 	 1120 	 0.290806 	 672.805 	 0.219404
495.019 	 29.4794 	 2.38474 	 81900.4 	 4475.13 	 270.078 	 9.87969 	 1.57391e+48 	 5.36491e+08 	 4.59138e+18 	 1421 	 0.973571 	 881.563 	 0.396147
495.978 	 24.3563 	 1.25024 	 78846.1 	 4256.65 	 327.002 	 13.7336 	 2.87182e+48 	 2.18763e+09 	 3.9991e+18 	 1189 	 0.968273 	 656.255 	 0.388299
501.504 	 24.371 	 1.27496 	 42169.5 	 1246.23 	 14.9313 	 13.679 	 4.62489e+47 	 1.37502e+10 	 1.83332e+17 	 1119 	 0.290582 	 639.816 	 0.220057
505.67 	 24.3821 	 1.27593 	 78208.9 	 4361.56 	 340.536 	 13.7333 	 2.8748e+48 	 2.15217e+09 	 4.16473e+18 	 1190 	 0.970208 	 628.97 	 0.39244
507.954 	 29.5458 	 2.46102 	 41880.9 	 1235.8 	 10.5097 	 9.85886 	 2.32235e+47 	 3.76724e+09 	 1.79044e+17 	 1284 	 0.284018 	 833.428 	 0.218306
513.397 	 24.4026 	 1.30649 	 41251.9 	 1252.61 	 14.7575 	 13.68 	 4.51772e+47 	 1.39881e+10 	 1.81186e+17 	 1118 	 0.289212 	 608.067 	 0.220532
513.951 	 29.5767 	 2.48134 	 75661.6 	 4134.59 	 212.971 	 9.87943 	 1.40619e+48 	 6.28493e+08 	 3.62065e+18 	 1422 	 0.964078 	 813.384 	 0.382516
515.716 	 24.4088 	 1.30252 	 77427.8 	 4454.73 	 351.687 	 13.7331 	 2.86817e+48 	 2.12833e+09 	 4.30115e+18 	 1191 	 0.971712 	 602.434 	 0.396062
525.725 	 24.4354 	 1.33912 	 40303.4 	 1256.55 	 14.5101 	 13.6811 	 4.37994e+47 	 1.42771e+10 	 1.78135e+17 	 1117 	 0.286374 	 577.568 	 0.220841
526.132 	 24.4365 	 1.33005 	 76512.2 	 4535.88 	 360.308 	 13.7332 	 2.85258e+48 	 2.1153e+09 	 4.40656e+18 	 1192 	 0.972851 	 576.645 	 0.399165
528.164 	 29.6497 	 2.56414 	 39334.8 	 1183.66 	 9.05593 	 9.85944 	 1.8452e+47 	 4.18877e+09 	 1.54269e+17 	 1283 	 0.246631 	 766.675 	 0.213753
534.776 	 29.6838 	 2.58762 	 69527.6 	 3796.43 	 164.997 	 9.87917 	 1.2407e+48 	 7.44783e+08 	 2.80513e+18 	 1423 	 0.95023 	 747.172 	 0.368248
536.92 	 24.4651 	 1.34843 	 74797.2 	 4522.74 	 351.509 	 13.7848 	 2.80476e+48 	 2.20288e+09 	 4.28287e+18 	 1193 	 0.97201 	 552.999 	 0.398634
538.473 	 24.4692 	 1.36264 	 40004.5 	 1301.58 	 15.5123 	 13.7334 	 4.79637e+47 	 1.40997e+10 	 1.89713e+17 	 1116 	 0.306851 	 548.355 	 0.224556
548.115 	 24.4948 	 1.37798 	 73659.1 	 4579.36 	 354.86 	 13.7839 	 2.77336e+48 	 2.2087e+09 	 4.32397e+18 	 1194 	 0.972602 	 528.656 	 0.400776
550.081 	 29.7624 	 2.67599 	 36816.9 	 1129.68 	 7.72114 	 9.86002 	 1.43208e+47 	 4.69019e+09 	 1.31523e+17 	 1282 	 0.210342 	 702.965 	 0.208966
551.662 	 24.5042 	 1.39744 	 39002.1 	 1301.3 	 15.1175 	 13.7337 	 4.59208e+47 	 1.44668e+10 	 1.84879e+17 	 1115 	 0.301344 	 520.381 	 0.224483
557.818 	 29.8023 	 2.70521 	 63523.8 	 3463.27 	 125.449 	 9.87888 	 1.07754e+48 	 8.93489e+08 	 2.13283e+18 	 1424 	 0.929789 	 682.949 	 0.353349
559.746 	 24.5256 	 1.40865 	 72399.3 	 4622.27 	 355.339 	 13.7832 	 2.73372e+48 	 2.22583e+09 	 4.33002e+18 	 1195 	 0.972887 	 505.018 	 0.402389
565.303 	 24.5403 	 1.43339 	 37990.8 	 1299.24 	 14.6796 	 13.7343 	 4.373e+47 	 1.48778e+10 	 1.79517e+17 	 1114 	 0.294854 	 493.62 	 0.224273
571.84 	 24.5576 	 1.4405 	 71029.8 	 4651.84 	 353.08 	 13.7827 	 2.6867e+48 	 2.25399e+09 	 4.30265e+18 	 1196 	 0.972888 	 482.074 	 0.403472
573.951 	 29.8852 	 2.7978 	 34335.1 	 1074.24 	 6.51161 	 9.86057 	 1.08429e+47 	 5.28994e+09 	 1.10913e+17 	 1281 	 0.17601 	 642.215 	 0.203931
579.399 	 24.5776 	 1.4705 	 36979 	 1295.8 	 14.2137 	 13.735 	 4.14618e+47 	 1.53286e+10 	 1.73811e+17 	 1113 	 0.287639 	 468.055 	 0.223935
583.477 	 29.9343 	 2.83618 	 57676.3 	 3137.74 	 93.4919 	 9.87856 	 9.16694e+47 	 1.08603e+09 	 1.58956e+18 	 1425 	 0.899415 	 620.752 	 0.337828
584.429 	 24.5909 	 1.47362 	 69552 	 4667.28 	 348.024 	 13.7823 	 2.63229e+48 	 2.29403e+09 	 4.24114e+18 	 1197 	 0.972594 	 459.806 	 0.404024
593.959 	 24.616 	 1.50881 	 35961.7 	 1290.47 	 13.71 	 13.7358 	 3.90832e+47 	 1.58312e+10 	 1.67641e+17 	 1112 	 0.27946 	 443.656 	 0.223475
597.545 	 24.6255 	 1.5081 	 67974 	 4668.67 	 340.325 	 13.7821 	 2.57105e+48 	 2.34644e+09 	 4.14739e+18 	 1198 	 0.972 	 438.201 	 0.404044
600.066 	 30.0195 	 2.9311 	 31896.9 	 1017.74 	 5.42995 	 9.86108 	 7.99997e+46 	 6.01166e+09 	 9.24844e+16 	 1280 	 0.144384 	 584.36 	 0.198635
608.988 	 24.6557 	 1.54831 	 34953.8 	 1284.18 	 13.1972 	 13.7368 	 3.67163e+47 	 1.6372e+10 	 1.61359e+17 	 1111 	 0.270869 	 420.398 	 0.222903
611.225 	 24.6616 	 1.54404 	 66304.2 	 4656.19 	 330.19 	 13.782 	 2.5035e+48 	 2.41191e+09 	 4.0239e+18 	 1199 	 0.97109 	 417.243 	 0.403529
612.252 	 30.0824 	 2.98309 	 51985.3 	 2819.55 	 68.0403 	 9.87818 	 7.57112e+47 	 1.34069e+09 	 1.15687e+18 	 1426 	 0.85397 	 560.631 	 0.321696
624.492 	 24.6966 	 1.58905 	 33950.6 	 1276.5 	 12.6666 	 13.7378 	 3.43313e+47 	 1.69623e+10 	 1.5486e+17 	 1110 	 0.261666 	 398.247 	 0.222225
625.509 	 24.6993 	 1.58154 	 64543.7 	 4629.15 	 317.701 	 13.782 	 2.42962e+48 	 2.49217e+09 	 3.87171e+18 	 1200 	 0.969818 	 396.919 	 0.40248
628.776 	 30.1672 	 3.07768 	 29500.7 	 960.002 	 4.4686 	 9.86154 	 6.59959e+46 	 6.89217e+09 	 7.61068e+16 	 1279 	 0.133347 	 529.345 	 0.193063
640.447 	 24.7387 	 1.61057 	 62231.8 	 4519.55 	 292.91 	 13.8256 	 2.33287e+48 	 2.68105e+09 	 3.55835e+18 	 1201 	 0.966479 	 378.153 	 0.398263
640.478 	 24.7388 	 1.62084 	 33423.3 	 1303.8 	 13.0507 	 13.7821 	 3.56908e+47 	 1.70874e+10 	 1.59044e+17 	 1109 	 0.27101 	 377.171 	 0.224445
644.775 	 30.2497 	 3.14916 	 46486.8 	 2512.23 	 48.3008 	 9.87774 	 6.00018e+47 	 1.68237e+09 	 8.21285e+17 	 1427 	 0.78719 	 502.659 	 0.304967
656.082 	 24.7799 	 1.65161 	 60343.1 	 4467.36 	 277.478 	 13.8245 	 2.24885e+48 	 2.79643e+09 	 3.37113e+18 	 1202 	 0.964285 	 359.003 	 0.396204
656.947 	 24.7821 	 1.66405 	 32418.3 	 1292.89 	 12.4474 	 13.7821 	 3.30598e+47 	 1.77663e+10 	 1.51691e+17 	 1108 	 0.260138 	 357.14 	 0.2235
660.507 	 30.3305 	 3.23972 	 27153.6 	 901.363 	 3.62608 	 9.86194 	 5.85134e+46 	 7.97633e+09 	 6.17551e+16 	 1278 	 0.133347 	 477.125 	 0.187201
672.485 	 24.8231 	 1.69465 	 58380.4 	 4401.01 	 260.519 	 13.8236 	 2.15943e+48 	 2.93319e+09 	 3.16532e+18 	 1203 	 0.961501 	 340.432 	 0.393602
673.918 	 24.8269 	 1.70858 	 31422.8 	 1280.62 	 11.8373 	 13.7823 	 3.04714e+47 	 1.85054e+10 	 1.44255e+17 	 1107 	 0.248795 	 338.102 	 0.222467
681.856 	 30.4406 	 3.33856 	 41191.5 	 2216.41 	 33.3113 	 9.87721 	 4.47568e+47 	 2.15159e+09 	 5.66441e+17 	 1428 	 0.692385 	 446.925 	 0.287658
689.724 	 24.8685 	 1.73987 	 56361 	 4322.46 	 242.594 	 13.8226 	 2.06588e+48 	 3.09266e+09 	 2.94773e+18 	 1204 	 0.958059 	 322.423 	 0.390458
691.4 	 24.8729 	 1.75444 	 30448.5 	 1267.91 	 11.2439 	 13.7824 	 2.80153e+47 	 1.92896e+10 	 1.37022e+17 	 1106 	 0.237496 	 320.021 	 0.221353
695.776 	 30.5121 	 3.4199 	 24853.4 	 841.549 	 2.89314 	 9.86224 	 5.14275e+46 	 9.3351e+09 	 4.92709e+16 	 1277 	 0.133347 	 427.669 	 0.181035
707.872 	 24.9163 	 1.78748 	 54285.8 	 4231.34 	 223.899 	 13.8217 	 1.96807e+48 	 3.27915e+09 	 2.72075e+18 	 1205 	 0.953788 	 304.964 	 0.386769
709.404 	 24.9203 	 1.80167 	 29488.1 	 1254.12 	 10.6537 	 13.7825 	 2.56419e+47 	 2.01377e+10 	 1.29828e+17 	 1105 	 0.225949 	 302.857 	 0.220162
724.552 	 30.6604 	 3.55671 	 36119.4 	 1933.67 	 22.2311 	 9.87657 	 3.06106e+47 	 2.81179e+09 	 3.78053e+17 	 1429 	 0.567211 	 393.538 	 0.269792
727.02 	 24.9668 	 1.83771 	 52158.7 	 4127.75 	 204.708 	 13.8208 	 1.86612e+48 	 3.49758e+09 	 2.48771e+18 	 1206 	 0.948479 	 288.035 	 0.382536
727.942 	 24.9692 	 1.85032 	 28543.2 	 1239.38 	 10.0714 	 13.7826 	 2.33699e+47 	 2.10522e+10 	 1.22732e+17 	 1104 	 0.214272 	 286.569 	 0.218898
735.221 	 30.7152 	 3.62147 	 22606.3 	 780.818 	 2.26549 	 9.86245 	 4.47632e+46 	 1.10622e+10 	 3.85811e+16 	 1276 	 0.133347 	 380.956 	 0.17455
747.024 	 25.0195 	 1.91061 	 27277.8 	 1194.04 	 8.90979 	 13.7458 	 1.91562e+47 	 2.26218e+10 	 1.08867e+17 	 1103 	 0.189003 	 271.121 	 0.214997
747.262 	 25.0201 	 1.90102 	 50330.6 	 4067.7 	 191.298 	 13.7826 	 1.77517e+48 	 3.63774e+09 	 2.33118e+18 	 1207 	 0.944445 	 270.945 	 0.380048
766.65 	 25.0712 	 1.96212 	 26391.3 	 1179.12 	 8.40672 	 13.7468 	 1.73633e+47 	 2.36845e+10 	 1.02712e+17 	 1102 	 0.178393 	 256.484 	 0.213672
768.698 	 25.0766 	 1.95731 	 48113.3 	 3940.53 	 171.615 	 13.7826 	 1.66665e+48 	 3.92814e+09 	 2.09132e+18 	 1208 	 0.936606 	 255.09 	 0.37467
774.274 	 30.9165 	 3.81085 	 31300 	 1666.49 	 14.3078 	 9.87581 	 1.86357e+47 	 3.76379e+09 	 2.4333e+17 	 1430 	 0.42096 	 342.624 	 0.251391
779.637 	 30.9441 	 3.84855 	 20427.1 	 720.014 	 1.74071 	 9.86253 	 3.85733e+46 	 1.32766e+10 	 2.96438e+16 	 1275 	 0.133347 	 336.972 	 0.167732
786.843 	 25.1245 	 2.01514 	 25528 	 1163.98 	 7.9247 	 13.7477 	 1.57025e+47 	 2.48105e+10 	 9.68168e+16 	 1101 	 0.168078 	 242.612 	 0.212285
791.465 	 25.1367 	 2.01712 	 45865.9 	 3803.02 	 152.378 	 13.7825 	 1.55498e+48 	 4.26942e+09 	 1.85692e+18 	 1209 	 0.926797 	 239.729 	 0.368748
807.62 	 25.1793 	 2.06974 	 24676.7 	 1147.62 	 7.44709 	 13.7484 	 1.41195e+47 	 2.6038e+10 	 9.09767e+16 	 1100 	 0.157669 	 229.466 	 0.210838
815.711 	 25.2007 	 2.08086 	 43591.9 	 3655.49 	 133.802 	 13.7822 	 1.44014e+48 	 4.67304e+09 	 1.63058e+18 	 1210 	 0.914429 	 224.847 	 0.362281
828.998 	 25.2357 	 2.12595 	 23849.2 	 1131.16 	 6.99262 	 13.749 	 1.2669e+47 	 2.73384e+10 	 8.54211e+16 	 1099 	 0.147652 	 217.011 	 0.209334
830.012 	 31.2037 	 4.11651 	 18165.7 	 648.196 	 1.25301 	 9.85013 	 3.21896e+46 	 1.65003e+10 	 2.13653e+16 	 1274 	 0.133347 	 295.721 	 0.159342
832.916 	 31.2187 	 4.12106 	 26887.9 	 1430.38 	 9.04265 	 9.86247 	 1.01355e+47 	 5.07709e+09 	 1.53995e+17 	 1431 	 0.283106 	 293.617 	 0.233675
841.606 	 25.2691 	 2.14899 	 41311.8 	 3501.11 	 116.316 	 13.7817 	 1.32351e+48 	 5.14769e+09 	 1.41753e+18 	 1211 	 0.898965 	 210.434 	 0.355269
850.996 	 25.2939 	 2.18385 	 23037.7 	 1113.89 	 6.55028 	 13.7494 	 1.13148e+47 	 2.87435e+10 	 8.00151e+16 	 1098 	 0.137775 	 205.211 	 0.207776
869.347 	 25.3425 	 2.22203 	 39019.6 	 3338.68 	 99.8995 	 13.7811 	 1.20421e+48 	 5.71417e+09 	 1.21753e+18 	 1212 	 0.879338 	 196.481 	 0.347715
873.634 	 25.3538 	 2.2435 	 22247.3 	 1096.36 	 6.12808 	 13.7497 	 1.04752e+47 	 3.02425e+10 	 7.48566e+16 	 1097 	 0.133347 	 194.032 	 0.206164
887.588 	 31.5005 	 4.411 	 16146 	 588.15 	 0.916993 	 9.8509 	 2.70531e+46 	 2.04659e+10 	 1.56346e+16 	 1273 	 0.133347 	 257.221 	 0.151909
896.913 	 25.4154 	 2.31511 	 21246.1 	 1055.38 	 5.41102 	 13.7193 	 9.7339e+46 	 3.26077e+10 	 6.62437e+16 	 1096 	 0.133347 	 183.45 	 0.202375
899.143 	 25.4214 	 2.31079 	 36960.9 	 3210.34 	 87.2939 	 13.7496 	 1.09634e+48 	 6.2166e+09 	 1.06633e+18 	 1213 	 0.85989 	 182.525 	 0.341573
903.104 	 31.5806 	 4.4802 	 22594.4 	 1193.66 	 5.29156 	 9.86225 	 4.53437e+46 	 7.23944e+09 	 9.01166e+16 	 1432 	 0.161671 	 248.282 	 0.214226
920.833 	 25.4788 	 2.37821 	 20507.7 	 1037.87 	 5.0514 	 13.7201 	 9.30306e+46 	 3.43595e+10 	 6.18374e+16 	 1095 	 0.133347 	 173.443 	 0.200736
931.236 	 25.5065 	 2.39554 	 34666.7 	 3034.88 	 73.1689 	 13.7494 	 9.73758e+47 	 7.01062e+09 	 8.93801e+17 	 1214 	 0.829443 	 169.523 	 0.332898
945.454 	 25.5441 	 2.44326 	 19790.4 	 1020.28 	 4.71105 	 13.7206 	 8.8868e+46 	 3.6224e+10 	 5.76689e+16 	 1094 	 0.133347 	 163.963 	 0.199049
954.069 	 31.8433 	 4.75118 	 14202.3 	 528.091 	 0.65032 	 9.85151 	 2.2374e+46 	 2.59195e+10 	 1.10872e+16 	 1272 	 0.133347 	 221.438 	 0.144102
965.977 	 25.5987 	 2.48739 	 32385.2 	 2855.09 	 60.4922 	 13.7488 	 8.49915e+47 	 7.97573e+09 	 7.3898e+17 	 1215 	 0.790907 	 156.956 	 0.323691
970.807 	 25.6115 	 2.51035 	 19086 	 1001.83 	 4.38058 	 13.7208 	 8.47802e+46 	 3.82549e+10 	 5.36228e+16 	 1093 	 0.133347 	 154.981 	 0.197313
988.702 	 32.0222 	 4.91836 	 18611.8 	 975.954 	 2.91376 	 9.86184 	 2.84358e+46 	 1.07472e+10 	 4.96241e+16 	 1433 	 0.133347 	 205.919 	 0.194337
996.865 	 25.6808 	 2.58958 	 18222.6 	 964.149 	 3.86606 	 13.6937 	 7.87979e+46 	 4.13058e+10 	 4.74182e+16 	 1092 	 0.133347 	 146.487 	 0.193632
1003.69 	 25.699 	 2.59748 	 30312.4 	 2705.37 	 50.734 	 13.7207 	 7.38519e+47 	 8.91935e+09 	 6.21042e+17 	 1216 	 0.750759 	 144.471 	 0.315734
1023.66 	 25.7521 	 2.66062 	 17569.1 	 946.25 	 3.59047 	 13.6943 	 7.51372e+46 	 4.36601e+10 	 4.4036e+16 	 1091 	 0.133347 	 138.45 	 0.191879
1031.66 	 32.2436 	 5.14843 	 12355.6 	 469.402 	 0.447018 	 9.85194 	 1.82018e+46 	 3.35242e+10 	 7.62079e+15 	 1271 	 0.133347 	 188.376 	 0.135907
1044.8 	 25.8086 	 2.70659 	 28071.9 	 2518.87 	 40.7278 	 13.7202 	 6.15561e+47 	 1.03429e+10 	 4.98573e+17 	 1217 	 0.692448 	 132.821 	 0.305438
1051.28 	 25.8258 	 2.73396 	 16934.3 	 928.296 	 3.3307 	 13.6945 	 7.16038e+46 	 4.6176e+10 	 4.08493e+16 	 1090 	 0.133347 	 130.833 	 0.190079
1079.68 	 25.9016 	 2.81967 	 16163.9 	 893.116 	 2.93745 	 13.6697 	 6.6552e+46 	 4.99189e+10 	 3.60918e+16 	 1089 	 0.133347 	 123.63 	 0.18649
1089.82 	 25.9288 	 2.83651 	 26020.4 	 2359.08 	 33.0514 	 13.6944 	 5.06799e+47 	 1.18247e+10 	 4.05365e+17 	 1218 	 0.6316 	 121.305 	 0.296283
1095.42 	 32.5729 	 5.46483 	 14956 	 777.84 	 1.48722 	 9.86123 	 2.08279e+46 	 1.67765e+10 	 2.53304e+16 	 1434 	 0.133347 	 166.743 	 0.174048
1108.89 	 25.9797 	 2.89744 	 15573 	 875.496 	 2.7196 	 13.6702 	 6.33718e+46 	 5.28634e+10 	 3.34138e+16 	 1088 	 0.133347 	 116.813 	 0.184676
1123.36 	 32.7169 	 5.61813 	 10600.5 	 411.471 	 0.294702 	 9.85216 	 1.44953e+46 	 4.45803e+10 	 5.02399e+15 	 1270 	 0.133347 	 158.025 	 0.127312
1139.04 	 26.0605 	 2.98808 	 14852.4 	 841.178 	 2.39031 	 13.6468 	 5.88291e+46 	 5.72962e+10 	 2.94184e+16 	 1087 	 0.133347 	 110.338 	 0.181151
1139.39 	 26.0614 	 2.97879 	 23990 	 2195.98 	 26.3581 	 13.6703 	 4.02857e+47 	 1.36814e+10 	 3.23843e+17 	 1219 	 0.560432 	 110.269 	 0.286505
1169.98 	 26.1434 	 3.07062 	 14303.7 	 824.035 	 2.20924 	 13.6475 	 5.59776e+46 	 6.07442e+10 	 2.71885e+16 	 1086 	 0.133347 	 104.237 	 0.179323
1194.17 	 26.2084 	 3.12514 	 21861.6 	 2006.95 	 20.0618 	 13.6699 	 2.98123e+47 	 1.64255e+10 	 2.46492e+17 	 1220 	 0.470029 	 100.003 	 0.274628
1201.93 	 26.2292 	 3.15606 	 13768.7 	 806.679 	 2.038 	 13.6477 	 5.32144e+46 	 6.4466e+10 	 2.50807e+16 	 1085 	 0.133347 	 98.4484 	 0.177448
1232.16 	 33.2788 	 6.16534 	 11661.4 	 601.692 	 0.693813 	 9.8604 	 1.45854e+46 	 2.78057e+10 	 1.1818e+16 	 1435 	 0.133347 	 130.975 	 0.1534
1233.33 	 33.2849 	 6.18166 	 8939.25 	 354.256 	 0.184211 	 9.85215 	 1.12398e+46 	 6.14027e+10 	 3.14037e+15 	 1269 	 0.133347 	 130.41 	 0.118303
1234.79 	 26.3175 	 3.25424 	 13133.7 	 775.474 	 1.7937 	 13.6263 	 4.944e+46 	 6.98624e+10 	 2.21089e+16 	 1084 	 0.133347 	 92.9771 	 0.17402
1255.11 	 26.3723 	 3.29857 	 19912.7 	 1842.88 	 15.3825 	 13.6475 	 2.14816e+47 	 1.95101e+10 	 1.89309e+17 	 1221 	 0.384792 	 89.9539 	 0.26373
1268.69 	 26.4088 	 3.34513 	 12631.6 	 758.014 	 1.64836 	 13.6266 	 4.69242e+46 	 7.43187e+10 	 2.0317e+16 	 1083 	 0.133347 	 87.7919 	 0.172131
1303.61 	 26.503 	 3.4491 	 12045.1 	 728.434 	 1.44938 	 13.6065 	 4.35846e+46 	 8.06239e+10 	 1.7891e+16 	 1082 	 0.133347 	 82.886 	 0.168769
1323.32 	 26.5563 	 3.49197 	 18000.3 	 1677.27 	 11.5004 	 13.6264 	 1.45202e+47 	 2.35679e+10 	 1.41753e+17 	 1222 	 0.298862 	 80.4055 	 0.252258
1339.63 	 26.6002 	 3.54595 	 11582.7 	 712.004 	 1.33161 	 13.6068 	 4.13585e+46 	 8.57851e+10 	 1.64368e+16 	 1081 	 0.133347 	 78.2393 	 0.166863
1367.23 	 33.9764 	 6.87819 	 7356.93 	 296.171 	 0.105885 	 9.84476 	 8.35959e+45 	 8.89738e+10 	 1.80645e+15 	 1268 	 0.133347 	 105.56 	 0.108154
1376.75 	 26.7006 	 3.65614 	 11035.6 	 683.298 	 1.16684 	 13.5878 	 3.83662e+46 	 9.32981e+10 	 1.44232e+16 	 1080 	 0.133347 	 73.8419 	 0.163566
1400.2 	 26.7642 	 3.70923 	 16152 	 1514.91 	 8.40606 	 13.6065 	 9.19877e+46 	 2.89107e+10 	 1.03763e+17 	 1223 	 0.219855 	 71.3623 	 0.240233
1413.34 	 34.2149 	 7.10451 	 8771.94 	 450.525 	 0.292349 	 9.85189 	 9.67393e+45 	 4.91978e+10 	 4.98401e+15 	 1436 	 0.133347 	 98.7001 	 0.133179
1415.08 	 26.8045 	 3.75951 	 10602.4 	 666.927 	 1.06799 	 13.5881 	 3.63469e+46 	 9.95016e+10 	 1.3201e+16 	 1079 	 0.133347 	 69.6755 	 0.161644
1454.6 	 26.9116 	 3.87643 	 10101.9 	 640.309 	 0.936731 	 13.5702 	 3.37331e+46 	 1.08202e+11 	 1.15938e+16 	 1078 	 0.133347 	 65.7346 	 0.15841
1487.5 	 27.0011 	 3.95528 	 14361.6 	 1354.35 	 5.96568 	 13.5877 	 5.3978e+46 	 3.61688e+10 	 7.37412e+16 	 1224 	 0.151859 	 62.8289 	 0.227676
1495.47 	 27.0227 	 3.987 	 9696.85 	 624.162 	 0.854407 	 13.5703 	 3.1908e+46 	 1.15643e+11 	 1.05748e+16 	 1077 	 0.133347 	 61.9965 	 0.156469
1534 	 34.838 	 7.73318 	 5944.05 	 244.444 	 0.0582801 	 9.84531 	 6.07704e+45 	 1.33456e+11 	 9.94232e+14 	 1267 	 0.133347 	 83.4191 	 0.0983973
1537.57 	 27.1372 	 4.11118 	 9239.53 	 599.546 	 0.750232 	 13.5535 	 2.96285e+46 	 1.25724e+11 	 9.29694e+15 	 1076 	 0.133347 	 58.4657 	 0.153297
1581.19 	 27.2561 	 4.23979 	 8787.78 	 574.045 	 0.653355 	 13.5372 	 2.74206e+46 	 1.37397e+11 	 8.10619e+15 	 1075 	 0.133347 	 55.1129 	 0.150157
1587.47 	 27.2732 	 4.24663 	 12713.3 	 1211.14 	 4.21256 	 13.5535 	 3.99725e+46 	 4.52313e+10 	 5.22025e+16 	 1225 	 0.133347 	 54.6739 	 0.215759
1626.15 	 27.3786 	 4.36181 	 8429.23 	 559.073 	 0.594455 	 13.5377 	 2.5908e+46 	 1.47097e+11 	 7.37516e+15 	 1074 	 0.133347 	 51.9472 	 0.148225
1665.13 	 35.5162 	 8.39581 	 6233.9 	 317.693 	 0.103305 	 9.85135 	 5.89804e+45 	 9.81513e+10 	 1.76125e+15 	 1437 	 0.133347 	 70.6662 	 0.111879
1672.72 	 27.5059 	 4.49869 	 8022.96 	 536.33 	 0.520116 	 13.5224 	 2.40229e+46 	 1.60371e+11 	 6.46018e+15 	 1073 	 0.133347 	 48.9444 	 0.145144
1703.04 	 27.5889 	 4.57115 	 11067.5 	 1058.47 	 2.79766 	 13.5375 	 3.29161e+46 	 5.91705e+10 	 3.47099e+16 	 1226 	 0.133347 	 47.1966 	 0.202152
1720.9 	 27.6377 	 4.62994 	 7685.1 	 521.277 	 0.470647 	 13.5226 	 2.26423e+46 	 1.72268e+11 	 5.84564e+15 	 1072 	 0.133347 	 46.0958 	 0.143187
1747.18 	 35.94 	 8.82667 	 4656.19 	 195.435 	 0.0291827 	 9.84559 	 4.21351e+45 	 2.13116e+11 	 4.97829e+14 	 1266 	 0.133347 	 63.9658 	 0.0882
1770.69 	 27.774 	 4.77587 	 7309.21 	 499.588 	 0.410715 	 13.5082 	 2.0973e+46 	 1.88185e+11 	 5.10671e+15 	 1071 	 0.133347 	 43.4075 	 0.140164
1822.37 	 27.9158 	 4.92726 	 6945.73 	 478.21 	 0.357233 	 13.4942 	 1.94e+46 	 2.06033e+11 	 4.44632e+15 	 1070 	 0.133347 	 40.8561 	 0.13717
1838.17 	 27.9593 	 4.96033 	 9565.01 	 922.892 	 1.83413 	 13.5081 	 2.68075e+46 	 7.78439e+10 	 2.28052e+16 	 1227 	 0.133347 	 40.1505 	 0.189088
1875.79 	 28.0625 	 5.07329 	 6645.45 	 464.137 	 0.321976 	 13.4946 	 1.82513e+46 	 2.21895e+11 	 4.00739e+15 	 1069 	 0.133347 	 38.4453 	 0.135214
1931.19 	 28.2148 	 5.23514 	 6312.89 	 444.264 	 0.27996 	 13.4815 	 1.68796e+46 	 2.43085e+11 	 3.48784e+15 	 1068 	 0.133347 	 36.1621 	 0.132274
1988.76 	 28.3734 	 5.40327 	 5989.26 	 424.376 	 0.242132 	 13.4688 	 1.55765e+46 	 2.6722e+11 	 3.0194e+15 	 1067 	 0.133347 	 33.996 	 0.129361
1998.19 	 28.3994 	 5.41898 	 8139.99 	 791.426 	 1.14559 	 13.4815 	 2.13399e+46 	 1.05827e+11 	 1.42722e+16 	 1228 	 0.133347 	 33.6734 	 0.175461
2028.89 	 37.3969 	 10.2825 	 3493.04 	 148.965 	 0.0127128 	 9.84065 	 2.72638e+45 	 3.71955e+11 	 2.16978e+14 	 1265 	 0.133347 	 47.191 	 0.0770593
2038.56 	 37.4469 	 10.3219 	 4112.9 	 208.524 	 0.0293461 	 9.84556 	 3.21611e+45 	 2.26119e+11 	 5.00619e+14 	 1438 	 0.133347 	 46.7405 	 0.0908639
2048.33 	 28.5375 	 5.56668 	 5729.27 	 412.222 	 0.218549 	 13.4691 	 1.46574e+46 	 2.87615e+11 	 2.72525e+15 	 1066 	 0.133347 	 31.9517 	 0.127402
2110.23 	 28.7084 	 5.74699 	 5432.8 	 393.669 	 0.188838 	 13.4572 	 1.35196e+46 	 3.16482e+11 	 2.35685e+15 	 1065 	 0.133347 	 30.0146 	 0.124541
2174.68 	 28.8866 	 5.93461 	 5148.3 	 375.686 	 0.162834 	 13.4457 	 1.24586e+46 	 3.4876e+11 	 2.03404e+15 	 1064 	 0.133347 	 28.1777 	 0.121705
2190.49 	 28.9304 	 5.968 	 6809.77 	 666.992 	 0.679481 	 13.4572 	 1.65683e+46 	 1.49021e+11 	 8.48047e+15 	 1229 	 0.133347 	 27.7696 	 0.161312
2241.5 	 29.0714 	 6.1186 	 4905.7 	 362.629 	 0.144566 	 13.446 	 1.1641e+46 	 3.79222e+11 	 1.8058e+15 	 1063 	 0.133347 	 26.4414 	 0.119737
2311.05 	 29.264 	 6.32055 	 4647.16 	 346.134 	 0.124672 	 13.4352 	 1.07264e+46 	 4.1805e+11 	 1.55855e+15 	 1062 	 0.133347 	 24.8004 	 0.11695
2383.58 	 29.4652 	 6.53106 	 4396.32 	 329.725 	 0.106942 	 13.4248 	 9.86114e+45 	 4.62452e+11 	 1.33795e+15 	 1061 	 0.133347 	 23.2453 	 0.114187
2416.94 	 39.4037 	 12.2739 	 2514.32 	 110.006 	 0.00499068 	 9.84142 	 1.66832e+45 	 6.99963e+11 	 8.51724e+13 	 1264 	 0.133347 	 33.0814 	 0.0660758
2425.76 	 29.5824 	 6.63755 	 5573.8 	 549.111 	 0.376324 	 13.4351 	 1.24483e+46 	 2.19701e+11 	 4.70455e+15 	 1230 	 0.133347 	 22.4388 	 0.146683
2459.08 	 29.6748 	 6.73973 	 4185.46 	 318.277 	 0.0948673 	 13.425 	 9.20578e+45 	 5.03251e+11 	 1.18686e+15 	 1060 	 0.133347 	 21.7755 	 0.112207
2537.65 	 29.8931 	 6.96728 	 3962.37 	 303.95 	 0.0818475 	 13.4152 	 8.48112e+45 	 5.55021e+11 	 1.02472e+15 	 1059 	 0.133347 	 20.3878 	 0.109489
2619.78 	 30.1216 	 7.20497 	 3738.8 	 288.583 	 0.0695684 	 13.4057 	 7.76565e+45 	 6.17789e+11 	 8.71603e+14 	 1058 	 0.133347 	 19.0736 	 0.106794
2648.2 	 40.6007 	 13.4513 	 2391.97 	 119.76 	 0.00562926 	 9.84518 	 1.44857e+45 	 6.76876e+11 	 9.60339e+13 	 1439 	 0.133347 	 27.5202 	 0.0691145
2705.69 	 30.3609 	 7.45347 	 3525.97 	 273.925 	 0.0590723 	 13.3966 	 7.10639e+45 	 6.88256e+11 	 7.40604e+14 	 1057 	 0.133347 	 17.8275 	 0.104122
2719.94 	 30.4007 	 7.48283 	 4467.52 	 444.434 	 0.197161 	 13.4057 	 9.06854e+45 	 3.35714e+11 	 2.47017e+15 	 1231 	 0.133347 	 17.6402 	 0.132284
2795.18 	 30.6103 	 7.70175 	 3346.79 	 263.533 	 0.0518981 	 13.3969 	 6.60334e+45 	 7.53764e+11 	 6.50644e+14 	 1056 	 0.133347 	 16.6556 	 0.102145
2888.85 	 30.8716 	 7.97211 	 3150.05 	 249.502 	 0.0437565 	 13.3884 	 6.02386e+45 	 8.43726e+11 	 5.48923e+14 	 1055 	 0.133347 	 15.5477 	 0.0995145
2986.17 	 42.3486 	 15.196 	 1675.16 	 74.8604 	 0.00153987 	 9.84184 	 9.06603e+44 	 1.54411e+12 	 2.62788e+13 	 1263 	 0.133347 	 21.5599 	 0.0546371
2987.08 	 31.146 	 8.25548 	 2973.28 	 237.782 	 0.0374889 	 13.3802 	 5.52937e+45 	 9.35645e+11 	 4.70586e+14 	 1054 	 0.133347 	 14.4998 	 0.0969047
3090.19 	 31.4344 	 8.55278 	 2795.73 	 225.113 	 0.0315754 	 13.3722 	 5.03972e+45 	 1.04857e+12 	 3.9659e+14 	 1053 	 0.133347 	 13.5091 	 0.0943149
3097.73 	 31.4555 	 8.56362 	 3476.18 	 349.74 	 0.0948208 	 13.3802 	 6.33051e+45 	 5.44104e+11 	 1.19025e+15 	 1232 	 0.133347 	 13.4431 	 0.117342
3197.95 	 31.7358 	 8.85287 	 2641.14 	 215.27 	 0.0272783 	 13.3725 	 4.64679e+45 	 1.16081e+12 	 3.42611e+14 	 1052 	 0.133347 	 12.5762 	 0.0923356
3311.24 	 32.053 	 9.17888 	 2481.32 	 203.806 	 0.0229583 	 13.3651 	 4.23228e+45 	 1.30219e+12 	 2.88512e+14 	 1051 	 0.133347 	 11.6966 	 0.0897847
3430.53 	 32.3874 	 9.52199 	 2322.41 	 191.727 	 0.0190062 	 13.358 	 3.82827e+45 	 1.4758e+12 	 2.38974e+14 	 1050 	 0.133347 	 10.8659 	 0.0872529
3556.3 	 32.7403 	 9.88354 	 2175.63 	 180.906 	 0.0158438 	 13.3512 	 3.47134e+45 	 1.66617e+12 	 1.99314e+14 	 1049 	 0.133347 	 10.082 	 0.0847398
3599.85 	 32.8626 	 9.99517 	 2587.61 	 262.253 	 0.0396212 	 13.358 	 4.1307e+45 	 9.68336e+11 	 4.98178e+14 	 1233 	 0.133347 	 9.83846 	 0.101917
3688.55 	 33.1115 	 10.2531 	 2050.92 	 173.02 	 0.0136621 	 13.3514 	 3.19399e+45 	 1.84817e+12 	 1.71865e+14 	 1048 	 0.133347 	 9.34409 	 0.0827516
3823.45 	 46.6819 	 19.4854 	 1134.69 	 56.5343 	 0.000595031 	 9.84443 	 4.82464e+44 	 3.02173e+12 	 1.01519e+13 	 1440 	 0.133347 	 13.1148 	 0.0472632
3828.05 	 33.5034 	 10.6535 	 1912.02 	 162.041 	 0.0111663 	 13.345 	 2.87179e+45 	 2.11273e+12 	 1.40536e+14 	 1047 	 0.133347 	 8.65066 	 0.0802743
3900.44 	 47.0801 	 19.8909 	 1007.29 	 46.3774 	 0.00035538 	 9.84188 	 4.24035e+44 	 4.14509e+12 	 6.06473e+12 	 1262 	 0.133347 	 12.5717 	 0.0427409
3975.68 	 33.9184 	 11.0769 	 1786.79 	 152.702 	 0.00926256 	 13.3389 	 2.59645e+45 	 2.39469e+12 	 1.16629e+14 	 1046 	 0.133347 	 7.99725 	 0.0778146
4132.14 	 34.3587 	 11.5255 	 1664.89 	 143.28 	 0.00759513 	 13.3331 	 2.33572e+45 	 2.73421e+12 	 9.56758e+13 	 1045 	 0.133347 	 7.38199 	 0.075372
4298.24 	 34.8266 	 12.0014 	 1546.7 	 133.859 	 0.00615603 	 13.3274 	 2.09053e+45 	 3.14495e+12 	 7.75802e+13 	 1044 	 0.133347 	 6.80232 	 0.0729462
4298.74 	 34.828 	 11.9926 	 1838.15 	 189.103 	 0.0146069 	 13.3331 	 2.52117e+45 	 1.87641e+12 	 1.84002e+14 	 1234 	 0.133347 	 6.80074 	 0.0864841
4473.89 	 35.3213 	 12.494 	 1446.02 	 126.81 	 0.0051652 	 13.3277 	 1.8986e+45 	 3.5512e+12 	 6.50921e+13 	 1043 	 0.133347 	 6.26085 	 0.0709598
4660.93 	 35.8485 	 13.0291 	 1340.4 	 118.312 	 0.00416611 	 13.3225 	 1.69457e+45 	 4.0998e+12 	 5.2522e+13 	 1042 	 0.133347 	 5.75144 	 0.0685664
4860.51 	 36.4116 	 13.5999 	 1239.76 	 110.11 	 0.0033363 	 13.3176 	 1.50732e+45 	 4.75574e+12 	 4.20762e+13 	 1041 	 0.133347 	 5.27383 	 0.0661889
5073.89 	 37.014 	 14.2099 	 1144.44 	 102.289 	 0.00265687 	 13.3128 	 1.33699e+45 	 5.53786e+12 	 3.35194e+13 	 1040 	 0.133347 	 4.82589 	 0.063827
5302.53 	 37.6599 	 14.8632 	 1054.79 	 94.9354 	 0.0021086 	 13.3083 	 1.18356e+45 	 6.46513e+12 	 2.66115e+13 	 1039 	 0.133347 	 4.40574 	 0.0614803
5335.35 	 37.7527 	 14.9454 	 1207.52 	 125.969 	 0.00425145 	 13.3128 	 1.36933e+45 	 4.26196e+12 	 5.36369e+13 	 1235 	 0.133347 	 4.35155 	 0.0705375
5546.94 	 38.3505 	 15.5508 	 977.647 	 89.2822 	 0.00172858 	 13.3085 	 1.06176e+45 	 7.41741e+12 	 2.18151e+13 	 1038 	 0.133347 	 4.01468 	 0.0594881
5599.84 	 55.8751 	 28.628 	 492.185 	 22.9201 	 4.24045e-05 	 9.84011 	 1.43806e+44 	 1.71528e+13 	 7.23783e+11 	 1261 	 0.133347 	 6.06753 	 0.0302445
5809.81 	 39.0936 	 16.3008 	 897.279 	 82.5343 	 0.00135531 	 13.3044 	 9.34187e+44 	 8.73169e+12 	 1.71097e+13 	 1037 	 0.133347 	 3.64889 	 0.0571708
6093.49 	 39.8961 	 17.11 	 820.005 	 75.8542 	 0.0010459 	 13.3005 	 8.16097e+44 	 1.03837e+13 	 1.32075e+13 	 1036 	 0.133347 	 3.30772 	 0.0548679
6400.52 	 40.7651 	 17.9855 	 746.104 	 69.3104 	 0.000794309 	 13.2967 	 7.07782e+44 	 1.24756e+13 	 1.00333e+13 	 1035 	 0.133347 	 2.98924 	 0.052579
6733.84 	 41.709 	 18.9355 	 679.506 	 63.6554 	 0.000610016 	 13.2932 	 6.16021e+44 	 1.48993e+13 	 7.70744e+12 	 1034 	 0.133347 	 2.69275 	 0.0503041
7017.49 	 63.2146 	 35.9003 	 334.325 	 16.6403 	 1.51846e-05 	 9.84152 	 7.8762e+43 	 3.48016e+13 	 2.59142e+11 	 1441 	 0.133347 	 3.85789 	 0.0255478
7028.24 	 42.5432 	 19.756 	 699.316 	 73.466 	 0.000836442 	 13.2966 	 6.14111e+44 	 1.25569e+13 	 1.05656e+13 	 1236 	 0.133347 	 2.47143 	 0.0541517
7096.61 	 42.7369 	 19.9589 	 619.943 	 58.868 	 0.00047598 	 13.2932 	 5.39403e+44 	 1.76592e+13 	 6.01389e+12 	 1033 	 0.133347 	 2.41742 	 0.0482998
7491.52 	 43.8558 	 21.0832 	 558.637 	 53.2869 	 0.000351354 	 13.29 	 4.61191e+44 	 2.1629e+13 	 4.44034e+12 	 1032 	 0.133347 	 2.1632 	 0.0460517
7924.85 	 45.0843 	 22.3166 	 505.522 	 48.8458 	 0.000267099 	 13.287 	 3.98503e+44 	 2.60511e+13 	 3.3763e+12 	 1031 	 0.133347 	 1.92748 	 0.0438166
8402.43 	 46.4388 	 23.6754 	 449.932 	 43.512 	 0.000188603 	 13.2842 	 3.33874e+44 	 3.28297e+13 	 2.38457e+12 	 1030 	 0.133347 	 1.70962 	 0.0415942
8931.33 	 47.9395 	 25.1798 	 403.007 	 39.455 	 0.000138872 	 13.2815 	 2.8403e+44 	 4.03887e+13 	 1.75615e+12 	 1029 	 0.133347 	 1.50874 	 0.0393846
9520.23 	 49.6111 	 26.8544 	 354.056 	 34.6114 	 9.38697e-05 	 13.279 	 2.33114e+44 	 5.23669e+13 	 1.18729e+12 	 1028 	 0.133347 	 1.32386 	 0.0371872
10179.9 	 51.4842 	 28.7296 	 310.571 	 30.4595 	 6.37595e-05 	 13.2767 	 1.91343e+44 	 6.7789e+13 	 8.06587e+11 	 1027 	 0.133347 	 1.15449 	 0.0350021
10277.5 	 51.7616 	 28.9957 	 334.739 	 36.0682 	 9.63765e-05 	 13.279 	 2.08809e+44 	 5.31516e+13 	 1.21899e+12 	 1237 	 0.133347 	 1.13262 	 0.0377604
10920.4 	 53.587 	 30.8234 	 278.019 	 28.0977 	 4.85693e-05 	 13.2769 	 1.6419e+44 	 8.2095e+13 	 6.14417e+11 	 1026 	 0.133347 	 1.00022 	 0.0330041
11760.7 	 55.9738 	 33.2102 	 240.003 	 24.2925 	 3.13356e-05 	 13.2748 	 1.31469e+44 	 1.09928e+14 	 3.96466e+11 	 1025 	 0.133347 	 0.859901 	 0.0308425
12722.8 	 58.7077 	 35.9425 	 204.504 	 20.6478 	 1.92871e-05 	 13.273 	 1.03029e+44 	 1.51697e+14 	 2.4406e+11 	 1024 	 0.133347 	 0.732554 	 0.0286925
13835.4 	 61.8699 	 39.1013 	 171.697 	 17.2162 	 1.12564e-05 	 13.2713 	 7.87978e+43 	 2.16585e+14 	 1.42457e+11 	 1023 	 0.133347 	 0.617549 	 0.0265537
