# Light Curve Count Rate
# Time (sec) 	 Rate (c/s)
0 1.558e+48
0.05 1.16186e+48
0.1 8.85895e+47
0.15 8.011e+47
0.2 8.9781e+47
0.25 1.19197e+48
0.3 1.66613e+48
0.35 2.28553e+48
0.4 3.01175e+48
0.45 3.81237e+48
0.5 4.65946e+48
0.55 5.53083e+48
0.6 6.40915e+48
0.65 7.28038e+48
0.7 8.13294e+48
0.75 8.95786e+48
0.8 9.74826e+48
0.85 1.04986e+49
0.9 1.1205e+49
0.95 1.18644e+49
1 1.24748e+49
1.05 1.30353e+49
1.1 1.35451e+49
1.15 1.40044e+49
1.2 1.44139e+49
1.25 1.47743e+49
1.3 1.5087e+49
1.35 1.53534e+49
1.4 1.55752e+49
1.45 1.57544e+49
1.5 1.58927e+49
1.55 1.59923e+49
1.6 1.60552e+49
1.65 1.60835e+49
1.7 1.60792e+49
1.75 1.60445e+49
1.8 1.59813e+49
1.85 1.58917e+49
1.9 1.57776e+49
1.95 1.56409e+49
2 1.54833e+49
2.05 1.53066e+49
2.1 1.51125e+49
2.15 1.49026e+49
2.2 1.46784e+49
2.25 1.44413e+49
2.3 1.41927e+49
2.35 1.3934e+49
2.4 1.36662e+49
2.45 1.33906e+49
2.5 1.31083e+49
2.55 1.28201e+49
2.6 1.25273e+49
2.65 1.22306e+49
2.7 1.19308e+49
2.75 1.16287e+49
2.8 1.1325e+49
2.85 1.10206e+49
2.9 1.07158e+49
2.95 1.04113e+49
3 1.01077e+49
3.05 9.80534e+48
3.1 9.50489e+48
3.15 9.2066e+48
3.2 8.9109e+48
3.25 8.61814e+48
3.3 8.3286e+48
3.35 8.0427e+48
3.4 7.76058e+48
3.45 7.48251e+48
3.5 7.20873e+48
3.55 6.93939e+48
3.6 6.67476e+48
3.65 6.41492e+48
3.7 6.16003e+48
3.75 5.91021e+48
3.8 5.66557e+48
3.85 5.42626e+48
3.9 5.1923e+48
3.95 4.96378e+48
4 4.74075e+48
4.05 4.52334e+48
4.1 4.31146e+48
4.15 4.10525e+48
4.2 3.90476e+48
4.25 3.70988e+48
4.3 3.52076e+48
4.35 3.33729e+48
4.4 3.15955e+48
4.45 2.98754e+48
4.5 2.82118e+48
4.55 2.66054e+48
4.6 2.5055e+48
4.65 2.35611e+48
4.7 2.21235e+48
4.75 2.0741e+48
4.8 1.94142e+48
4.85 1.81417e+48
4.9 1.69237e+48
4.95 1.57595e+48
5 1.46481e+48
5.05 1.35894e+48
5.1 1.25822e+48
5.15 1.1626e+48
5.2 1.07201e+48
5.25 9.86312e+47
5.3 9.05455e+47
5.35 8.29313e+47
5.4 7.57792e+47
5.45 6.90771e+47
5.5 6.28127e+47
5.55 5.69743e+47
5.6 5.1546e+47
5.65 4.6517e+47
5.7 4.18712e+47
5.75 3.75923e+47
5.8 3.36672e+47
5.85 3.00777e+47
5.9 2.6808e+47
5.95 2.38419e+47
6 2.11615e+47
6.05 1.87497e+47
6.1 1.65895e+47
6.15 1.46639e+47
6.2 1.29546e+47
6.25 1.14461e+47
6.3 1.0121e+47
6.35 8.96291e+46
6.4 7.957e+46
6.45 7.08812e+46
6.5 6.34077e+46
6.55 5.7031e+46
6.6 5.16137e+46
6.65 4.70349e+46
6.7 4.31946e+46
6.75 3.99854e+46
6.8 3.73147e+46
6.85 3.51073e+46
6.9 3.3287e+46
6.95 3.17848e+46
7 3.0553e+46
7.05 2.95392e+46
7.1 2.86975e+46
7.15 2.80017e+46
7.2 2.7418e+46
7.25 2.69173e+46
7.3 2.64913e+46
7.35 2.61173e+46
7.4 2.57787e+46
7.45 2.54759e+46
7.5 2.51957e+46
7.55 2.49281e+46
7.6 2.4679e+46
7.65 2.4439e+46
7.7 2.4202e+46
7.75 2.39753e+46
7.8 2.37539e+46
7.85 2.35313e+46
7.9 2.3317e+46
7.95 2.31055e+46
8 2.28921e+46
8.05 2.26862e+46
8.1 2.24825e+46
8.15 2.22767e+46
8.2 2.20778e+46
8.25 2.18809e+46
8.3 2.1682e+46
8.35 2.14895e+46
8.4 2.12994e+46
8.45 2.11069e+46
8.5 2.0921e+46
8.55 2.07367e+46
8.6 2.05504e+46
8.65 2.03707e+46
8.7 2.01927e+46
8.75 2.00125e+46
8.8 1.98387e+46
8.85 1.96664e+46
8.9 1.9492e+46
8.95 1.93235e+46
9 1.91572e+46
9.05 1.8988e+46
9.1 1.88253e+46
9.15 1.86641e+46
9.2 1.85006e+46
9.25 1.83427e+46
9.3 1.81872e+46
9.35 1.80285e+46
9.4 1.78758e+46
9.45 1.77253e+46
9.5 1.75716e+46
9.55 1.74239e+46
9.6 1.72778e+46
9.65 1.71293e+46
9.7 1.69862e+46
9.75 1.68447e+46
9.8 1.6701e+46
9.85 1.65622e+46
9.9 1.64253e+46
9.95 0
