# Reverse Shock Dynamics
# t_e (s) 	 t_a (s) 	 delt_a (s) 	 B_eq (G) 	 Gamma_e 	 E_syn (keV) 	 Gamma_r 	 L_diss (erg/s) 	 nu_c (Hz) 	 nu_m (Hz) 	 shell_ind

22651 	 0.231414 	 0.218104 	 26.5743 	 8.26728 	 6.89813e-06 	 227.874 	 3.55546e+45 	 1.87754e+21 	 5.08432e+09 	 2
23777.4 	 0.24226 	 0.224801 	 43.9758 	 24.9471 	 0.000104898 	 229.967 	 1.0589e+46 	 3.89997e+20 	 7.66124e+10 	 3
24972.7 	 0.253561 	 0.231615 	 57.3145 	 46.7437 	 0.00048461 	 232.184 	 1.96065e+46 	 1.6595e+20 	 3.50555e+11 	 4
26222.2 	 0.265149 	 0.238544 	 68.0385 	 72.6289 	 0.00140235 	 234.44 	 3.01297e+46 	 9.35187e+19 	 1.00466e+12 	 5
27518.6 	 0.276943 	 0.245581 	 76.8037 	 101.925 	 0.00314767 	 236.7 	 4.1846e+46 	 6.13429e+19 	 2.23351e+12 	 6
28858 	 0.288896 	 0.252715 	 84.002 	 134.083 	 0.0060143 	 238.946 	 5.451e+46 	 4.42761e+19 	 4.22749e+12 	 7
30237.9 	 0.300981 	 0.25994 	 89.9163 	 168.672 	 0.0102824 	 241.17 	 6.79334e+46 	 3.41226e+19 	 7.16094e+12 	 8
31657 	 0.31318 	 0.267249 	 94.7429 	 205.256 	 0.01619 	 243.366 	 8.19341e+46 	 2.75949e+19 	 1.11733e+13 	 9
33114.2 	 0.325482 	 0.274639 	 98.647 	 243.478 	 0.023931 	 245.532 	 9.63683e+46 	 2.31486e+19 	 1.637e+13 	 10
34609 	 0.337879 	 0.282108 	 101.76 	 283.005 	 0.0336421 	 247.668 	 1.11106e+47 	 1.99867e+19 	 2.28145e+13 	 11
36140.8 	 0.350365 	 0.289652 	 104.199 	 323.582 	 0.0454174 	 249.771 	 1.26053e+47 	 1.76586e+19 	 3.05405e+13 	 12
37709.3 	 0.362937 	 0.297272 	 106.048 	 364.895 	 0.0592679 	 251.843 	 1.41095e+47 	 1.59031e+19 	 3.95263e+13 	 13
39314.4 	 0.37559 	 0.304964 	 107.395 	 406.757 	 0.0751859 	 253.883 	 1.56167e+47 	 1.45496e+19 	 4.97393e+13 	 14
40955.9 	 0.388323 	 0.312729 	 108.306 	 448.956 	 0.0931037 	 255.892 	 1.712e+47 	 1.34897e+19 	 6.11093e+13 	 15
42633.7 	 0.401135 	 0.320567 	 108.835 	 491.257 	 0.112885 	 257.87 	 1.86114e+47 	 1.26519e+19 	 7.35246e+13 	 16
44347.8 	 0.414024 	 0.328475 	 109.039 	 533.545 	 0.134413 	 259.817 	 2.0088e+47 	 1.19826e+19 	 8.68899e+13 	 17
46098.2 	 0.426988 	 0.336456 	 108.954 	 575.596 	 0.157467 	 261.734 	 2.15423e+47 	 1.14476e+19 	 1.01047e+14 	 18
47884.9 	 0.440029 	 0.344508 	 108.63 	 617.389 	 0.181927 	 263.623 	 2.2975e+47 	 1.10168e+19 	 1.15908e+14 	 19
49707.9 	 0.453145 	 0.352631 	 108.092 	 658.725 	 0.207533 	 265.482 	 2.43797e+47 	 1.06727e+19 	 1.31295e+14 	 20
51567.3 	 0.466336 	 0.360826 	 107.375 	 699.549 	 0.234104 	 267.314 	 2.57558e+47 	 1.03992e+19 	 1.47091e+14 	 21
53463.2 	 0.479602 	 0.369092 	 106.497 	 739.687 	 0.261351 	 269.118 	 2.70979e+47 	 1.01864e+19 	 1.63109e+14 	 22
55395.6 	 0.492943 	 0.377431 	 105.49 	 779.177 	 0.289156 	 270.896 	 2.84085e+47 	 1.00229e+19 	 1.79278e+14 	 23
57364.8 	 0.50636 	 0.385843 	 104.366 	 817.853 	 0.31722 	 272.647 	 2.96828e+47 	 9.9037e+18 	 1.95415e+14 	 24
59370.7 	 0.519852 	 0.394328 	 103.147 	 855.697 	 0.34537 	 274.372 	 3.09211e+47 	 9.82241e+18 	 2.11418e+14 	 25
61413.5 	 0.53342 	 0.402886 	 101.845 	 892.632 	 0.373386 	 276.073 	 3.21216e+47 	 9.77494e+18 	 2.2716e+14 	 26
63493.4 	 0.547065 	 0.411519 	 100.476 	 928.642 	 0.401109 	 277.749 	 3.32847e+47 	 9.75728e+18 	 2.42553e+14 	 27
65610.5 	 0.560786 	 0.420227 	 99.0486 	 963.621 	 0.42829 	 279.401 	 3.44075e+47 	 9.76762e+18 	 2.57458e+14 	 28
67764.9 	 0.574585 	 0.42901 	 97.5775 	 997.638 	 0.454879 	 281.029 	 3.54933e+47 	 9.80205e+18 	 2.71858e+14 	 29
69956.9 	 0.588463 	 0.43787 	 96.0691 	 1030.61 	 0.480666 	 282.635 	 3.65398e+47 	 9.85962e+18 	 2.85637e+14 	 30
72186.6 	 0.602419 	 0.446807 	 94.5315 	 1062.5 	 0.505521 	 284.218 	 3.7547e+47 	 9.93875e+18 	 2.98734e+14 	 31
74454.3 	 0.616455 	 0.455822 	 92.9724 	 1093.33 	 0.529341 	 285.779 	 3.85154e+47 	 1.00381e+19 	 3.11101e+14 	 32
76760.1 	 0.630572 	 0.464916 	 91.3973 	 1123.06 	 0.552013 	 287.319 	 3.94448e+47 	 1.01567e+19 	 3.22688e+14 	 33
79104.3 	 0.64477 	 0.474089 	 89.8129 	 1151.71 	 0.573487 	 288.837 	 4.03365e+47 	 1.02935e+19 	 3.33478e+14 	 34
81487 	 0.65905 	 0.483344 	 88.2216 	 1179.21 	 0.593613 	 290.335 	 4.11887e+47 	 1.04488e+19 	 3.43401e+14 	 35
83908.5 	 0.673414 	 0.49268 	 86.6293 	 1205.61 	 0.612392 	 291.812 	 4.20033e+47 	 1.06213e+19 	 3.52471e+14 	 36
86369.1 	 0.687862 	 0.5021 	 85.0419 	 1230.97 	 0.62986 	 293.27 	 4.27831e+47 	 1.08099e+19 	 3.60723e+14 	 37
88869 	 0.702395 	 0.511603 	 83.4578 	 1255.16 	 0.645813 	 294.708 	 4.35239e+47 	 1.10163e+19 	 3.68054e+14 	 38
91408.5 	 0.717015 	 0.521192 	 81.8821 	 1278.25 	 0.660309 	 296.127 	 4.42285e+47 	 1.12393e+19 	 3.74513e+14 	 39
93987.9 	 0.731722 	 0.530866 	 80.3165 	 1300.22 	 0.673312 	 297.527 	 4.48966e+47 	 1.14793e+19 	 3.8009e+14 	 40
96607.5 	 0.746518 	 0.540629 	 78.7652 	 1321.16 	 0.684907 	 298.909 	 4.55313e+47 	 1.17355e+19 	 3.84848e+14 	 41
99260.5 	 0.76138 	 0.551388 	 77.5119 	 1350.69 	 0.70708 	 300.015 	 4.64243e+47 	 1.18381e+19 	 3.95843e+14 	 42
101950 	 0.776318 	 0.561268 	 75.9876 	 1369.37 	 0.715687 	 301.364 	 4.69866e+47 	 1.21264e+19 	 3.98868e+14 	 43
104680 	 0.79135 	 0.571243 	 74.4808 	 1387.01 	 0.722869 	 302.695 	 4.75161e+47 	 1.24316e+19 	 4.01099e+14 	 44
107452 	 0.806478 	 0.581314 	 72.9908 	 1403.56 	 0.728557 	 304.008 	 4.80112e+47 	 1.27549e+19 	 4.02509e+14 	 45
110266 	 0.821702 	 0.591481 	 71.5215 	 1419.13 	 0.732936 	 305.305 	 4.84763e+47 	 1.30951e+19 	 4.03208e+14 	 46
113123 	 0.837025 	 0.601746 	 70.0726 	 1433.71 	 0.735987 	 306.586 	 4.89106e+47 	 1.34534e+19 	 4.03195e+14 	 47
116022 	 0.852448 	 0.612111 	 68.6446 	 1447.3 	 0.737753 	 307.85 	 4.93148e+47 	 1.383e+19 	 4.02503e+14 	 48
118964 	 0.867971 	 0.622576 	 67.2376 	 1459.9 	 0.73825 	 309.098 	 4.96887e+47 	 1.42259e+19 	 4.01148e+14 	 49
121950 	 0.883597 	 0.633144 	 65.8519 	 1471.52 	 0.73752 	 310.33 	 5.00327e+47 	 1.46417e+19 	 3.9916e+14 	 50
124980 	 0.899327 	 0.643816 	 64.4887 	 1482.22 	 0.735664 	 311.546 	 5.03489e+47 	 1.50775e+19 	 3.96601e+14 	 51
128054 	 0.915163 	 0.654593 	 63.1485 	 1492.03 	 0.732759 	 312.748 	 5.06385e+47 	 1.55335e+19 	 3.93517e+14 	 52
131173 	 0.931106 	 0.665477 	 61.8303 	 1500.91 	 0.728786 	 313.934 	 5.09002e+47 	 1.60115e+19 	 3.89904e+14 	 53
134337 	 0.947158 	 0.67647 	 60.5334 	 1508.84 	 0.72375 	 315.106 	 5.11331e+47 	 1.65128e+19 	 3.85771e+14 	 54
137546 	 0.96332 	 0.687574 	 59.2599 	 1515.95 	 0.717843 	 316.263 	 5.13417e+47 	 1.70365e+19 	 3.81222e+14 	 55
140802 	 0.979596 	 0.69879 	 58.0091 	 1522.22 	 0.711069 	 317.406 	 5.15252e+47 	 1.75841e+19 	 3.76265e+14 	 56
144105 	 0.995986 	 0.71012 	 56.7811 	 1527.67 	 0.703506 	 318.535 	 5.16847e+47 	 1.81563e+19 	 3.70944e+14 	 57
147454 	 1.01249 	 0.721567 	 55.5759 	 1532.34 	 0.695214 	 319.65 	 5.18211e+47 	 1.87537e+19 	 3.65293e+14 	 58
150852 	 1.02912 	 0.733132 	 54.3932 	 1536.23 	 0.686234 	 320.751 	 5.19345e+47 	 1.93777e+19 	 3.59337e+14 	 59
154297 	 1.04586 	 0.744818 	 53.2331 	 1539.38 	 0.676643 	 321.838 	 5.20263e+47 	 2.00289e+19 	 3.53117e+14 	 60
157792 	 1.06273 	 0.756626 	 52.0923 	 1541.64 	 0.666305 	 322.913 	 5.20912e+47 	 2.07117e+19 	 3.46565e+14 	 61
161336 	 1.07973 	 0.768559 	 50.9726 	 1543.12 	 0.655384 	 323.974 	 5.21329e+47 	 2.14258e+19 	 3.39768e+14 	 62
164930 	 1.09685 	 0.780619 	 49.8768 	 1544.05 	 0.644146 	 325.023 	 5.21591e+47 	 2.2168e+19 	 3.32865e+14 	 63
168574 	 1.1141 	 0.792809 	 48.8032 	 1544.35 	 0.632531 	 326.058 	 5.2167e+47 	 2.29414e+19 	 3.25825e+14 	 64
172270 	 1.13148 	 0.80513 	 47.7481 	 1543.83 	 0.620379 	 327.081 	 5.21501e+47 	 2.37521e+19 	 3.18565e+14 	 65
176018 	 1.149 	 0.817586 	 46.7154 	 1542.77 	 0.608005 	 328.092 	 5.21181e+47 	 2.45955e+19 	 3.11249e+14 	 66
179819 	 1.16665 	 0.830178 	 45.7008 	 1540.94 	 0.595192 	 329.091 	 5.20625e+47 	 2.54793e+19 	 3.03766e+14 	 67
183673 	 1.18444 	 0.84291 	 44.7091 	 1538.68 	 0.582311 	 330.077 	 5.19953e+47 	 2.63969e+19 	 2.96303e+14 	 68
187581 	 1.20238 	 0.855785 	 43.7348 	 1535.68 	 0.569079 	 331.052 	 5.19056e+47 	 2.73583e+19 	 2.88718e+14 	 69
191544 	 1.22046 	 0.868804 	 42.78 	 1532.1 	 0.555672 	 332.015 	 5.17988e+47 	 2.8362e+19 	 2.81098e+14 	 70
195563 	 1.23869 	 0.881971 	 41.8438 	 1527.93 	 0.542106 	 332.966 	 5.16745e+47 	 2.94104e+19 	 2.73452e+14 	 71
199639 	 1.25707 	 0.895289 	 40.9272 	 1523.28 	 0.528501 	 333.906 	 5.15364e+47 	 3.05027e+19 	 2.65839e+14 	 72
203771 	 1.2756 	 0.90876 	 40.0302 	 1518.2 	 0.514901 	 334.835 	 5.13858e+47 	 3.16401e+19 	 2.5828e+14 	 73
207962 	 1.29429 	 0.922389 	 39.1501 	 1512.52 	 0.501193 	 335.752 	 5.12172e+47 	 3.28302e+19 	 2.50716e+14 	 74
212212 	 1.31314 	 0.936177 	 38.2865 	 1506.25 	 0.487393 	 336.659 	 5.10305e+47 	 3.40761e+19 	 2.43157e+14 	 75
216490 	 1.33207 	 0.961586 	 38.3457 	 1572.44 	 0.530178 	 335.512 	 5.29792e+47 	 3.21495e+19 	 2.65406e+14 	 76
220731 	 1.35091 	 0.975215 	 37.5144 	 1564.56 	 0.514868 	 336.408 	 5.2747e+47 	 3.33815e+19 	 2.57055e+14 	 77
225035 	 1.36993 	 0.989019 	 36.7 	 1556.31 	 0.499707 	 337.292 	 5.25043e+47 	 3.46653e+19 	 2.48832e+14 	 78
229401 	 1.38911 	 1.003 	 35.901 	 1547.64 	 0.484648 	 338.166 	 5.22487e+47 	 3.60062e+19 	 2.4071e+14 	 79
233831 	 1.40848 	 1.01717 	 35.1158 	 1538.41 	 0.469606 	 339.03 	 5.19758e+47 	 3.7412e+19 	 2.32644e+14 	 80
238325 	 1.42803 	 1.03152 	 34.3473 	 1528.93 	 0.454828 	 339.883 	 5.16959e+47 	 3.88751e+19 	 2.24758e+14 	 81
242884 	 1.44777 	 1.04606 	 33.591 	 1518.83 	 0.440045 	 340.726 	 5.13963e+47 	 4.04131e+19 	 2.16914e+14 	 82
247510 	 1.46769 	 1.06079 	 32.852 	 1508.6 	 0.425625 	 341.559 	 5.10937e+47 	 4.20106e+19 	 2.09295e+14 	 83
252204 	 1.48781 	 1.07572 	 32.1251 	 1497.82 	 0.411266 	 342.382 	 5.07732e+47 	 4.3689e+19 	 2.01748e+14 	 84
256967 	 1.50812 	 1.09084 	 31.4148 	 1486.93 	 0.397287 	 343.195 	 5.04502e+47 	 4.54329e+19 	 1.94429e+14 	 85
261799 	 1.52864 	 1.10618 	 30.7158 	 1475.46 	 0.383371 	 343.998 	 5.01084e+47 	 4.72681e+19 	 1.87181e+14 	 86
266703 	 1.54936 	 1.12172 	 30.0334 	 1463.97 	 0.369892 	 344.792 	 4.9767e+47 	 4.91725e+19 	 1.80184e+14 	 87
271680 	 1.57029 	 1.13747 	 29.3626 	 1452.01 	 0.356557 	 345.575 	 4.94103e+47 	 5.11727e+19 	 1.73294e+14 	 88
276730 	 1.59143 	 1.15344 	 28.7047 	 1439.74 	 0.343468 	 346.35 	 4.90435e+47 	 5.32666e+19 	 1.66559e+14 	 89
281855 	 1.61279 	 1.16962 	 28.061 	 1427.33 	 0.330732 	 347.115 	 4.86727e+47 	 5.54494e+19 	 1.6003e+14 	 90
287057 	 1.63438 	 1.18604 	 27.4286 	 1414.52 	 0.318193 	 347.871 	 4.82886e+47 	 5.77418e+19 	 1.53628e+14 	 91
292147 	 1.65572 	 1.22262 	 27.764 	 1501.17 	 0.360438 	 345.652 	 5.08677e+47 	 5.23935e+19 	 1.75141e+14 	 92
297279 	 1.67719 	 1.23871 	 27.1534 	 1486.77 	 0.34653 	 346.403 	 5.04402e+47 	 5.45622e+19 	 1.68018e+14 	 93
302490 	 1.69891 	 1.25504 	 26.5537 	 1472.1 	 0.332935 	 347.145 	 5.0004e+47 	 5.68346e+19 	 1.61081e+14 	 94
307782 	 1.72086 	 1.27162 	 25.9666 	 1457.42 	 0.319785 	 347.877 	 4.95673e+47 	 5.92022e+19 	 1.54393e+14 	 95
313155 	 1.74306 	 1.28846 	 25.3889 	 1442.36 	 0.306883 	 348.601 	 4.9118e+47 	 6.16919e+19 	 1.47857e+14 	 96
318612 	 1.76552 	 1.30555 	 24.821 	 1427.01 	 0.294267 	 349.316 	 4.86583e+47 	 6.43074e+19 	 1.41488e+14 	 97
324153 	 1.78822 	 1.3229 	 24.2658 	 1411.74 	 0.28213 	 350.022 	 4.82013e+47 	 6.70297e+19 	 1.35379e+14 	 98
329782 	 1.81119 	 1.34052 	 23.7203 	 1396.24 	 0.270301 	 350.72 	 4.77361e+47 	 6.98869e+19 	 1.29445e+14 	 99
335498 	 1.83443 	 1.35841 	 23.1836 	 1380.42 	 0.25874 	 351.409 	 4.72596e+47 	 7.28943e+19 	 1.23665e+14 	 100
341305 	 1.85794 	 1.37659 	 22.6599 	 1364.8 	 0.247683 	 352.09 	 4.67897e+47 	 7.60186e+19 	 1.18152e+14 	 101
347037 	 1.88132 	 1.42024 	 23.004 	 1454.2 	 0.283395 	 349.535 	 4.94683e+47 	 6.82599e+19 	 1.36176e+14 	 102
352753 	 1.90471 	 1.43806 	 22.4953 	 1436.78 	 0.271051 	 350.212 	 4.89481e+47 	 7.11992e+19 	 1.29992e+14 	 103
358561 	 1.92839 	 1.45617 	 21.9963 	 1419.36 	 0.259146 	 350.881 	 4.84273e+47 	 7.42725e+19 	 1.24046e+14 	 104
364463 	 1.95236 	 1.47458 	 21.5051 	 1401.7 	 0.247557 	 351.542 	 4.78973e+47 	 7.75077e+19 	 1.18275e+14 	 105
370461 	 1.97663 	 1.4933 	 21.0217 	 1383.85 	 0.236308 	 352.194 	 4.73602e+47 	 8.09102e+19 	 1.12692e+14 	 106
376557 	 2.0012 	 1.51233 	 20.5492 	 1366.22 	 0.225558 	 352.839 	 4.68294e+47 	 8.44545e+19 	 1.07369e+14 	 107
382754 	 2.02609 	 1.53168 	 20.0854 	 1348.55 	 0.215191 	 353.475 	 4.62967e+47 	 8.81696e+19 	 1.0225e+14 	 108
389052 	 2.05129 	 1.55137 	 19.6287 	 1330.66 	 0.205118 	 354.104 	 4.5755e+47 	 9.20865e+19 	 9.72907e+13 	 109
395228 	 2.07626 	 1.6002 	 19.9506 	 1418.65 	 0.235165 	 351.415 	 4.84029e+47 	 8.243e+19 	 1.12396e+14 	 110
401428 	 2.10137 	 1.61953 	 19.5083 	 1399.34 	 0.224133 	 352.041 	 4.7824e+47 	 8.60726e+19 	 1.06932e+14 	 111
407733 	 2.1268 	 1.6392 	 19.0735 	 1380 	 0.213498 	 352.659 	 4.72429e+47 	 8.98965e+19 	 1.0168e+14 	 112
414144 	 2.15258 	 1.65923 	 18.6453 	 1360.53 	 0.203209 	 353.27 	 4.66557e+47 	 9.39245e+19 	 9.66124e+13 	 113
420664 	 2.1787 	 1.67962 	 18.2248 	 1341.11 	 0.193324 	 353.872 	 4.60686e+47 	 9.81505e+19 	 9.17562e+13 	 114
427296 	 2.20518 	 1.70037 	 17.8126 	 1321.84 	 0.183871 	 354.467 	 4.54854e+47 	 1.02572e+20 	 8.71231e+13 	 115
433786 	 2.23139 	 1.7534 	 18.117 	 1409.26 	 0.21091 	 351.707 	 4.81199e+47 	 9.16807e+19 	 1.0072e+14 	 116
440316 	 2.25779 	 1.77382 	 17.7165 	 1388.53 	 0.200562 	 352.299 	 4.74978e+47 	 9.57958e+19 	 9.56167e+13 	 117
446961 	 2.28456 	 1.79462 	 17.3213 	 1367.63 	 0.190545 	 352.885 	 4.6868e+47 	 1.00142e+20 	 9.06904e+13 	 118
453721 	 2.3117 	 1.81581 	 16.933 	 1346.82 	 0.180944 	 353.462 	 4.62396e+47 	 1.04704e+20 	 8.59802e+13 	 119
460599 	 2.33923 	 1.8374 	 16.5523 	 1326.27 	 0.171796 	 354.033 	 4.56179e+47 	 1.09476e+20 	 8.15017e+13 	 120
467368 	 2.36658 	 1.89402 	 16.8342 	 1412.43 	 0.196606 	 351.254 	 4.82131e+47 	 9.79398e+19 	 9.40097e+13 	 121
474149 	 2.39406 	 1.9153 	 16.4639 	 1390.47 	 0.18665 	 351.822 	 4.75543e+47 	 1.02384e+20 	 8.91052e+13 	 122
481050 	 2.42193 	 1.93699 	 16.0989 	 1368.48 	 0.177067 	 352.383 	 4.68925e+47 	 1.07068e+20 	 8.43957e+13 	 123
488074 	 2.45022 	 1.95911 	 15.7407 	 1346.75 	 0.167936 	 352.937 	 4.62371e+47 	 1.11972e+20 	 7.99177e+13 	 124
495225 	 2.47892 	 1.98167 	 15.3865 	 1324.8 	 0.159097 	 353.484 	 4.55722e+47 	 1.17171e+20 	 7.55943e+13 	 125
502211 	 2.50732 	 2.0415 	 15.6461 	 1408.81 	 0.181517 	 350.714 	 4.81028e+47 	 1.04998e+20 	 8.69282e+13 	 126
509268 	 2.53601 	 2.06377 	 15.3025 	 1385.75 	 0.172031 	 351.258 	 4.74104e+47 	 1.09822e+20 	 8.2258e+13 	 127
516453 	 2.56513 	 2.0865 	 14.9642 	 1362.81 	 0.162954 	 351.796 	 4.67198e+47 	 1.14896e+20 	 7.77985e+13 	 128
523770 	 2.59469 	 2.10969 	 14.6322 	 1340.19 	 0.154324 	 352.326 	 4.60374e+47 	 1.20209e+20 	 7.35675e+13 	 129
530873 	 2.62383 	 2.17224 	 14.8764 	 1423.13 	 0.175536 	 349.563 	 4.85299e+47 	 1.07891e+20 	 8.43407e+13 	 130
538100 	 2.65341 	 2.19518 	 14.5537 	 1399.39 	 0.166294 	 350.091 	 4.78198e+47 	 1.12835e+20 	 7.97799e+13 	 131
545462 	 2.68344 	 2.2186 	 14.2323 	 1375.14 	 0.15727 	 350.612 	 4.70898e+47 	 1.18118e+20 	 7.53382e+13 	 132
552960 	 2.71394 	 2.24251 	 13.9182 	 1351.51 	 0.148775 	 351.127 	 4.63778e+47 	 1.2362e+20 	 7.11644e+13 	 133
560340 	 2.74427 	 2.30824 	 14.1426 	 1432.94 	 0.168616 	 348.392 	 4.88216e+47 	 1.11212e+20 	 8.12883e+13 	 134
567756 	 2.77482 	 2.33193 	 13.837 	 1408.23 	 0.159566 	 348.904 	 4.80834e+47 	 1.16344e+20 	 7.68124e+13 	 135
575311 	 2.80585 	 2.35613 	 13.5339 	 1383.31 	 0.150815 	 349.41 	 4.73349e+47 	 1.21796e+20 	 7.24945e+13 	 136
582853 	 2.83698 	 2.42447 	 13.7447 	 1464.4 	 0.170317 	 346.701 	 4.97582e+47 	 1.09815e+20 	 8.25087e+13 	 137
590334 	 2.8681 	 2.44848 	 13.4497 	 1438.43 	 0.161036 	 347.204 	 4.89844e+47 	 1.14913e+20 	 7.78996e+13 	 138
597956 	 2.89971 	 2.47301 	 13.1606 	 1413.04 	 0.152277 	 347.7 	 4.82268e+47 	 1.20233e+20 	 7.35576e+13 	 139
605525 	 2.93133 	 2.54313 	 13.3578 	 1492.79 	 0.171176 	 345.037 	 5.05999e+47 	 1.08734e+20 	 8.33248e+13 	 140
613080 	 2.96307 	 2.56752 	 13.0737 	 1465.88 	 0.161783 	 345.53 	 4.98012e+47 	 1.13783e+20 	 7.86402e+13 	 141
620779 	 2.99531 	 2.59244 	 12.7951 	 1439.57 	 0.152916 	 346.017 	 4.90186e+47 	 1.19055e+20 	 7.42255e+13 	 142
628450 	 3.02763 	 2.66468 	 12.9792 	 1518.12 	 0.1712 	 343.397 	 5.13478e+47 	 1.07961e+20 	 8.37343e+13 	 143
636091 	 3.06003 	 2.6895 	 12.7073 	 1490.77 	 0.161858 	 343.881 	 5.05404e+47 	 1.12928e+20 	 7.90536e+13 	 144
643878 	 3.09296 	 2.71487 	 12.4368 	 1463.17 	 0.152813 	 344.359 	 4.97204e+47 	 1.18215e+20 	 7.45328e+13 	 145
651616 	 3.12591 	 2.78911 	 12.611 	 1540.82 	 0.170549 	 341.78 	 5.2017e+47 	 1.07428e+20 	 8.38106e+13 	 146
659352 	 3.15902 	 2.8144 	 12.3477 	 1512.42 	 0.161112 	 342.255 	 5.11798e+47 	 1.12401e+20 	 7.90634e+13 	 147
667237 	 3.19268 	 2.84028 	 12.0879 	 1484.32 	 0.152124 	 342.723 	 5.03485e+47 	 1.17633e+20 	 7.45507e+13 	 148
675014 	 3.22623 	 2.91643 	 12.2512 	 1560.44 	 0.169135 	 340.184 	 5.25926e+47 	 1.07168e+20 	 8.35055e+13 	 149
682855 	 3.26011 	 2.94226 	 11.9972 	 1531.39 	 0.159739 	 340.649 	 5.17388e+47 	 1.12123e+20 	 7.8759e+13 	 150
690459 	 3.29354 	 3.01921 	 12.1561 	 1607.43 	 0.177017 	 338.148 	 5.39671e+47 	 1.0236e+20 	 8.79236e+13 	 151
698262 	 3.32766 	 3.04501 	 11.9075 	 1577.42 	 0.16721 	 338.609 	 5.309e+47 	 1.07067e+20 	 8.29396e+13 	 152
706049 	 3.36192 	 3.12401 	 12.0543 	 1652.8 	 0.184492 	 336.16 	 5.52865e+47 	 9.8051e+19 	 9.21785e+13 	 153
713823 	 3.39631 	 3.14982 	 11.812 	 1622.17 	 0.174383 	 336.617 	 5.43977e+47 	 1.02508e+20 	 8.7009e+13 	 154
721746 	 3.43128 	 3.17625 	 11.5707 	 1591.32 	 0.164605 	 337.069 	 5.34968e+47 	 1.07248e+20 	 8.20204e+13 	 155
729678 	 3.46644 	 3.25734 	 11.7069 	 1664.98 	 0.18102 	 334.671 	 5.56405e+47 	 9.8459e+19 	 9.08458e+13 	 156
737580 	 3.50172 	 3.28381 	 11.4706 	 1633.26 	 0.1709 	 335.119 	 5.47191e+47 	 1.02989e+20 	 8.56526e+13 	 157
745461 	 3.53713 	 3.36627 	 11.6018 	 1706.74 	 0.187427 	 332.753 	 5.68466e+47 	 9.47168e+19 	 9.46037e+13 	 158
753346 	 3.57274 	 3.39281 	 11.3694 	 1673.9 	 0.176907 	 333.197 	 5.58963e+47 	 9.90767e+19 	 8.91746e+13 	 159
761385 	 3.60894 	 3.42001 	 11.1407 	 1641.73 	 0.16697 	 333.636 	 5.49633e+47 	 1.03636e+20 	 8.40547e+13 	 160
769224 	 3.64481 	 3.50375 	 11.2645 	 1713.15 	 0.182555 	 331.317 	 5.70286e+47 	 9.55217e+19 	 9.25438e+13 	 161
777170 	 3.68116 	 3.58938 	 11.3824 	 1785.54 	 0.199 	 329.028 	 5.9104e+47 	 8.82183e+19 	 1.01582e+14 	 162
785040 	 3.71751 	 3.61614 	 11.1604 	 1751.49 	 0.187997 	 329.463 	 5.81301e+47 	 9.22093e+19 	 9.58385e+13 	 163
793064 	 3.75447 	 3.64357 	 10.9416 	 1718.07 	 0.177576 	 329.894 	 5.71715e+47 	 9.63849e+19 	 9.0408e+13 	 164
800945 	 3.79126 	 3.73006 	 11.0509 	 1787.6 	 0.192849 	 327.663 	 5.91628e+47 	 8.92629e+19 	 9.88524e+13 	 165
808830 	 3.82825 	 3.81799 	 11.1558 	 1857.73 	 0.208838 	 325.458 	 6.11536e+47 	 8.28194e+19 	 1.07773e+14 	 166
816709 	 3.86544 	 3.84508 	 10.942 	 1822.2 	 0.197334 	 325.885 	 6.01458e+47 	 8.65366e+19 	 1.01703e+14 	 167
824740 	 3.90325 	 3.87285 	 10.7306 	 1787.08 	 0.186375 	 326.307 	 5.9146e+47 	 9.04427e+19 	 9.59307e+13 	 168
832674 	 3.94102 	 3.96216 	 10.8281 	 1854.91 	 0.201282 	 324.157 	 6.10729e+47 	 8.40966e+19 	 1.04291e+14 	 169
840719 	 3.9793 	 3.99015 	 10.6216 	 1819.47 	 0.190214 	 324.575 	 6.00692e+47 	 8.78534e+19 	 9.84292e+13 	 170
848679 	 4.01757 	 4.08121 	 10.7144 	 1886.65 	 0.204956 	 322.449 	 6.1969e+47 	 8.1812e+19 	 1.06757e+14 	 171
856667 	 4.05613 	 4.17352 	 10.8037 	 1954.52 	 0.220363 	 320.36 	 6.3876e+47 	 7.63088e+19 	 1.15531e+14 	 172
864596 	 4.09476 	 4.20129 	 10.6014 	 1916.98 	 0.208277 	 320.774 	 6.28231e+47 	 7.96986e+19 	 1.09054e+14 	 173
872575 	 4.13375 	 4.29451 	 10.6843 	 1983.2 	 0.223233 	 318.734 	 6.46771e+47 	 7.4513e+19 	 1.17632e+14 	 174
880530 	 4.1729 	 4.32257 	 10.4849 	 1944.85 	 0.210947 	 319.143 	 6.36041e+47 	 7.78254e+19 	 1.11016e+14 	 175
888423 	 4.21211 	 4.41666 	 10.5645 	 2010.04 	 0.225608 	 317.137 	 6.54228e+47 	 7.28729e+19 	 1.19482e+14 	 176
896409 	 4.25181 	 4.44502 	 10.3689 	 1971.28 	 0.213246 	 317.541 	 6.43424e+47 	 7.6094e+19 	 1.12792e+14 	 177
904520 	 4.2921 	 4.54151 	 10.4415 	 2035.3 	 0.22749 	 315.568 	 6.61223e+47 	 7.1386e+19 	 1.21078e+14 	 178
912542 	 4.33237 	 4.5702 	 10.2495 	 1996.1 	 0.21506 	 315.968 	 6.50332e+47 	 7.45276e+19 	 1.14318e+14 	 179
920718 	 4.37332 	 4.59963 	 10.0594 	 1957.33 	 0.203206 	 316.363 	 6.39516e+47 	 7.78285e+19 	 1.07882e+14 	 180
928777 	 4.41419 	 4.69739 	 10.1304 	 2019.95 	 0.216603 	 314.421 	 6.56975e+47 	 7.30656e+19 	 1.15704e+14 	 181
936994 	 4.45575 	 4.72719 	 9.94262 	 1980.35 	 0.20459 	 314.811 	 6.45942e+47 	 7.63118e+19 	 1.09152e+14 	 182
945326 	 4.49789 	 4.82805 	 10.0072 	 2041.99 	 0.217599 	 312.888 	 6.63059e+47 	 7.17501e+19 	 1.16806e+14 	 183
953587 	 4.54008 	 4.85824 	 9.82444 	 2002.64 	 0.205725 	 313.274 	 6.52158e+47 	 7.48893e+19 	 1.10296e+14 	 184
961851 	 4.58254 	 4.96013 	 9.88622 	 2063.21 	 0.218402 	 311.381 	 6.6893e+47 	 7.05059e+19 	 1.17805e+14 	 185
970160 	 4.62539 	 4.99073 	 9.7062 	 2023.26 	 0.206455 	 311.762 	 6.57883e+47 	 7.35911e+19 	 1.11224e+14 	 186
978445 	 4.66843 	 5.0941 	 9.76504 	 2082.99 	 0.218834 	 309.898 	 6.74391e+47 	 6.93656e+19 	 1.18603e+14 	 187
986806 	 4.71196 	 5.12515 	 9.58702 	 2042.2 	 0.206764 	 310.275 	 6.63116e+47 	 7.24163e+19 	 1.11924e+14 	 188
995105 	 4.75558 	 5.22999 	 9.64393 	 2101.42 	 0.218925 	 308.438 	 6.79469e+47 	 6.83185e+19 	 1.19213e+14 	 189
1.00352e+06 	 4.79982 	 5.2615 	 9.46854 	 2060.09 	 0.206822 	 308.811 	 6.68064e+47 	 7.13235e+19 	 1.12487e+14 	 190
1.01195e+06 	 4.84438 	 5.36845 	 9.52118 	 2118.22 	 0.218585 	 307.001 	 6.84078e+47 	 6.73802e+19 	 1.19585e+14 	 191
1.02043e+06 	 4.88935 	 5.47682 	 9.57033 	 2176.14 	 0.230549 	 305.219 	 6.99931e+47 	 6.37475e+19 	 1.26867e+14 	 192
1.02881e+06 	 4.93431 	 5.5085 	 9.39919 	 2133.62 	 0.217925 	 305.587 	 6.88292e+47 	 6.65216e+19 	 1.19776e+14 	 193
1.03723e+06 	 4.97968 	 5.61761 	 9.44562 	 2190.15 	 0.229442 	 303.84 	 7.03742e+47 	 6.30243e+19 	 1.26831e+14 	 194
1.04567e+06 	 5.02541 	 5.64982 	 9.27722 	 2147.29 	 0.216876 	 304.203 	 6.92032e+47 	 6.57626e+19 	 1.19742e+14 	 195
1.05409e+06 	 5.07135 	 5.76033 	 9.32142 	 2202.84 	 0.228032 	 302.481 	 7.07188e+47 	 6.23676e+19 	 1.26618e+14 	 196
1.0626e+06 	 5.11788 	 5.79311 	 9.15601 	 2159.83 	 0.215579 	 302.84 	 6.95461e+47 	 6.50666e+19 	 1.19561e+14 	 197
1.07097e+06 	 5.16426 	 5.90478 	 9.19784 	 2214.06 	 0.226299 	 301.141 	 7.10221e+47 	 6.17784e+19 	 1.26215e+14 	 198
1.0794e+06 	 5.21114 	 6.01802 	 9.23781 	 2268.65 	 0.237302 	 299.466 	 7.25015e+47 	 5.87065e+19 	 1.33091e+14 	 199
1.08777e+06 	 5.25815 	 6.13176 	 9.27434 	 2322.24 	 0.248259 	 297.824 	 7.39436e+47 	 5.58833e+19 	 1.40004e+14 	 200
1.09619e+06 	 5.3056 	 6.16458 	 9.11365 	 2277.3 	 0.234885 	 298.177 	 7.27338e+47 	 5.82662e+19 	 1.32306e+14 	 201
1.10458e+06 	 5.35329 	 6.27949 	 9.14739 	 2329.47 	 0.245347 	 296.566 	 7.41365e+47 	 5.55343e+19 	 1.38949e+14 	 202
1.11308e+06 	 5.4016 	 6.31296 	 8.98974 	 2284.62 	 0.232196 	 296.914 	 7.29317e+47 	 5.78887e+19 	 1.31347e+14 	 203
1.12154e+06 	 5.45012 	 6.42969 	 9.02138 	 2335.85 	 0.242275 	 295.323 	 7.43081e+47 	 5.52207e+19 	 1.37787e+14 	 204
1.1297e+06 	 5.49802 	 6.54587 	 9.05409 	 2387.16 	 0.252602 	 293.752 	 7.56804e+47 	 5.27027e+19 	 1.44428e+14 	 205
1.13816e+06 	 5.54718 	 6.66465 	 9.08073 	 2437.34 	 0.262723 	 292.211 	 7.70133e+47 	 5.03946e+19 	 1.51008e+14 	 206
1.1466e+06 	 5.59658 	 6.69835 	 8.92682 	 2390.46 	 0.248722 	 292.554 	 7.57663e+47 	 5.25141e+19 	 1.42793e+14 	 207
1.15512e+06 	 5.64659 	 6.81855 	 8.95201 	 2439.86 	 0.258495 	 291.04 	 7.70809e+47 	 5.02523e+19 	 1.49175e+14 	 208
1.16365e+06 	 5.69694 	 6.85299 	 8.80021 	 2392.77 	 0.24468 	 291.377 	 7.58282e+47 	 5.23676e+19 	 1.41039e+14 	 209
1.17221e+06 	 5.7477 	 6.97481 	 8.8238 	 2441.11 	 0.254037 	 289.881 	 7.71136e+47 	 5.01498e+19 	 1.47189e+14 	 210
1.18082e+06 	 5.79899 	 7.09828 	 8.84466 	 2488.85 	 0.263346 	 288.403 	 7.83748e+47 	 4.80786e+19 	 1.53364e+14 	 211
1.18932e+06 	 5.85024 	 7.22186 	 8.86442 	 2536.07 	 0.272666 	 286.951 	 7.96172e+47 	 4.61373e+19 	 1.59595e+14 	 212
1.19782e+06 	 5.90186 	 7.25671 	 8.71732 	 2487.79 	 0.258327 	 287.283 	 7.83471e+47 	 4.80476e+19 	 1.51028e+14 	 213
1.20637e+06 	 5.95399 	 7.38171 	 8.73518 	 2533.79 	 0.267182 	 285.855 	 7.95578e+47 	 4.61501e+19 	 1.56985e+14 	 214
1.21483e+06 	 6.00619 	 7.50743 	 8.75189 	 2579.31 	 0.276029 	 284.444 	 8.07492e+47 	 4.43622e+19 	 1.62988e+14 	 215
1.22338e+06 	 6.05901 	 7.54295 	 8.60761 	 2530.2 	 0.261537 	 284.77 	 7.94623e+47 	 4.61925e+19 	 1.54254e+14 	 216
1.23187e+06 	 6.11201 	 7.66993 	 8.62274 	 2574.48 	 0.269926 	 283.381 	 8.06221e+47 	 4.44409e+19 	 1.59982e+14 	 217
1.24049e+06 	 6.16576 	 7.79892 	 8.63643 	 2618.9 	 0.278408 	 282.009 	 8.1782e+47 	 4.2779e+19 	 1.65812e+14 	 218
1.24909e+06 	 6.21984 	 7.83518 	 8.49499 	 2569.08 	 0.263829 	 282.329 	 8.04819e+47 	 4.45364e+19 	 1.56951e+14 	 219
1.25772e+06 	 6.2744 	 7.9654 	 8.50699 	 2612.09 	 0.271816 	 280.978 	 8.16052e+47 	 4.291e+19 	 1.6248e+14 	 220
1.26621e+06 	 6.32884 	 8.09596 	 8.51847 	 2654.61 	 0.279779 	 279.642 	 8.27095e+47 	 4.13695e+19 	 1.68039e+14 	 221
1.27487e+06 	 6.38424 	 8.13302 	 8.37951 	 2603.99 	 0.265116 	 279.957 	 8.1392e+47 	 4.30667e+19 	 1.59053e+14 	 222
1.28354e+06 	 6.44002 	 8.26581 	 8.38927 	 2645.65 	 0.272699 	 278.641 	 8.2477e+47 	 4.15488e+19 	 1.64375e+14 	 223
1.29229e+06 	 6.49648 	 8.40049 	 8.39699 	 2686.8 	 0.280191 	 277.34 	 8.35429e+47 	 4.01164e+19 	 1.69683e+14 	 224
1.30103e+06 	 6.55328 	 8.43843 	 8.26111 	 2635.83 	 0.265594 	 277.649 	 8.22219e+47 	 4.17506e+19 	 1.60664e+14 	 225
1.3096e+06 	 6.6099 	 8.573 	 8.26898 	 2675.75 	 0.272695 	 276.367 	 8.32568e+47 	 4.03348e+19 	 1.65725e+14 	 226
1.31837e+06 	 6.66761 	 8.71024 	 8.27412 	 2715.09 	 0.279657 	 275.098 	 8.4271e+47 	 3.90011e+19 	 1.7074e+14 	 227
1.32701e+06 	 6.72528 	 8.84752 	 8.27979 	 2754.59 	 0.286743 	 273.849 	 8.52897e+47 	 3.77225e+19 	 1.75865e+14 	 228
1.33579e+06 	 6.7838 	 8.88636 	 8.14649 	 2702 	 0.271757 	 274.152 	 8.39328e+47 	 3.92593e+19 	 1.6649e+14 	 229
1.34455e+06 	 6.84266 	 9.02548 	 8.15068 	 2740.35 	 0.278415 	 272.921 	 8.49234e+47 	 3.79996e+19 	 1.71338e+14 	 230
1.35316e+06 	 6.90145 	 9.16499 	 8.15374 	 2777.66 	 0.284877 	 271.702 	 8.58794e+47 	 3.68101e+19 	 1.76101e+14 	 231
1.36192e+06 	 6.96113 	 9.30635 	 8.15476 	 2814.43 	 0.291212 	 270.501 	 8.68187e+47 	 3.5687e+19 	 1.80816e+14 	 232
1.37062e+06 	 7.02104 	 9.44821 	 8.15525 	 2850.84 	 0.297508 	 269.319 	 8.77472e+47 	 3.46171e+19 	 1.85536e+14 	 233
1.37942e+06 	 7.08173 	 9.48808 	 8.02704 	 2797.5 	 0.282285 	 269.614 	 8.63874e+47 	 3.59981e+19 	 1.7585e+14 	 234
1.38826e+06 	 7.14297 	 9.63204 	 8.02602 	 2832.75 	 0.288155 	 268.448 	 8.72877e+47 	 3.49433e+19 	 1.80287e+14 	 235
1.39711e+06 	 7.20467 	 9.77742 	 8.02405 	 2867.57 	 0.293938 	 267.292 	 8.81728e+47 	 3.39368e+19 	 1.847e+14 	 236
1.40602e+06 	 7.26703 	 9.81846 	 7.8978 	 2813.59 	 0.278826 	 267.582 	 8.67972e+47 	 3.52937e+19 	 1.75014e+14 	 237
1.41492e+06 	 7.3298 	 9.96538 	 7.89522 	 2847.47 	 0.284272 	 266.442 	 8.76611e+47 	 3.42942e+19 	 1.79196e+14 	 238
1.42396e+06 	 7.39351 	 10.1147 	 7.89138 	 2881.17 	 0.289666 	 265.312 	 8.8518e+47 	 3.33379e+19 	 1.83374e+14 	 239
1.43289e+06 	 7.45726 	 10.2641 	 7.88671 	 2913.96 	 0.294877 	 264.198 	 8.93473e+47 	 3.2432e+19 	 1.8746e+14 	 240
1.44181e+06 	 7.52146 	 10.4144 	 7.88122 	 2946.25 	 0.299986 	 263.1 	 9.01624e+47 	 3.15685e+19 	 1.91504e+14 	 241
1.45058e+06 	 7.58557 	 10.5645 	 7.87561 	 2977.96 	 0.305 	 262.017 	 9.09607e+47 	 3.07433e+19 	 1.95509e+14 	 242
1.45949e+06 	 7.65066 	 10.7166 	 7.86782 	 3008.71 	 0.309757 	 260.949 	 9.17309e+47 	 2.99656e+19 	 1.99371e+14 	 243
1.46827e+06 	 7.71571 	 10.8686 	 7.86077 	 3039.55 	 0.314581 	 259.896 	 9.25047e+47 	 2.92118e+19 	 2.03296e+14 	 244
1.47709e+06 	 7.78141 	 11.0219 	 7.85201 	 3069.34 	 0.319138 	 258.857 	 9.32478e+47 	 2.85003e+19 	 2.07069e+14 	 245
1.48578e+06 	 7.84706 	 11.175 	 7.8428 	 3098.25 	 0.323511 	 257.832 	 9.39656e+47 	 2.78223e+19 	 2.10741e+14 	 246
1.49459e+06 	 7.91367 	 11.33 	 7.83239 	 3126.8 	 0.327773 	 256.82 	 9.46742e+47 	 2.71742e+19 	 2.14359e+14 	 247
1.50324e+06 	 7.98014 	 11.4847 	 7.82224 	 3154.9 	 0.331963 	 255.822 	 9.53705e+47 	 2.65502e+19 	 2.17946e+14 	 248
1.51202e+06 	 8.04758 	 11.6413 	 7.81025 	 3182.08 	 0.335889 	 254.837 	 9.60403e+47 	 2.596e+19 	 2.21377e+14 	 249
1.52088e+06 	 8.1158 	 11.6846 	 7.69394 	 3124.31 	 0.319323 	 255.109 	 9.46138e+47 	 2.69544e+19 	 2.10234e+14 	 250
1.52975e+06 	 8.18456 	 11.843 	 7.68102 	 3150.26 	 0.322867 	 254.134 	 9.52537e+47 	 2.63705e+19 	 2.13382e+14 	 251
1.53874e+06 	 8.25426 	 12.0039 	 7.66842 	 3176.95 	 0.326573 	 253.167 	 9.59156e+47 	 2.57954e+19 	 2.16656e+14 	 252
1.54775e+06 	 8.32453 	 12.0487 	 7.55309 	 3118.3 	 0.310222 	 253.434 	 9.44621e+47 	 2.67945e+19 	 2.05592e+14 	 253
1.55675e+06 	 8.3953 	 12.3291 	 7.63982 	 3227.55 	 0.333278 	 251.263 	 9.7159e+47 	 2.47279e+19 	 2.2278e+14 	 254
1.56572e+06 	 8.46645 	 12.4926 	 7.62449 	 3251.76 	 0.336365 	 250.331 	 9.77514e+47 	 2.42305e+19 	 2.2568e+14 	 255
1.57472e+06 	 8.53821 	 12.538 	 7.51191 	 3192.81 	 0.319828 	 250.594 	 9.63042e+47 	 2.51531e+19 	 2.1436e+14 	 256
1.58379e+06 	 8.61081 	 12.7036 	 7.49665 	 3216.6 	 0.322761 	 249.672 	 9.68908e+47 	 2.46517e+19 	 2.17124e+14 	 257
1.59295e+06 	 8.68424 	 12.7505 	 7.38446 	 3157.24 	 0.306622 	 249.931 	 9.54246e+47 	 2.56029e+19 	 2.06053e+14 	 258
1.60205e+06 	 8.758 	 13.04 	 7.46439 	 3262.91 	 0.328274 	 247.847 	 9.80256e+47 	 2.37009e+19 	 2.22459e+14 	 259
1.6112e+06 	 8.83252 	 13.0874 	 7.35421 	 3203.6 	 0.3121 	 248.103 	 9.65706e+47 	 2.4603e+19 	 2.1128e+14 	 260
1.62037e+06 	 8.90766 	 13.2574 	 7.33767 	 3225.62 	 0.314555 	 247.208 	 9.71124e+47 	 2.41384e+19 	 2.13713e+14 	 261
1.62964e+06 	 8.98371 	 13.4297 	 7.32002 	 3246.95 	 0.316816 	 246.318 	 9.76332e+47 	 2.36936e+19 	 2.16027e+14 	 262
1.63897e+06 	 9.06056 	 13.479 	 7.2112 	 3187.29 	 0.30105 	 246.57 	 9.61652e+47 	 2.46016e+19 	 2.05067e+14 	 263
1.64833e+06 	 9.13812 	 13.6533 	 7.1945 	 3208.89 	 0.30335 	 245.689 	 9.67006e+47 	 2.41447e+19 	 2.07374e+14 	 264
1.65769e+06 	 9.21624 	 13.8292 	 7.17676 	 3229.45 	 0.3054 	 244.814 	 9.7205e+47 	 2.37094e+19 	 2.09522e+14 	 265
1.66691e+06 	 9.29442 	 14.1324 	 7.24724 	 3329.95 	 0.325259 	 242.847 	 9.96627e+47 	 2.20472e+19 	 2.24954e+14 	 266
1.67626e+06 	 9.37365 	 14.1828 	 7.14054 	 3268.96 	 0.309153 	 243.094 	 9.81716e+47 	 2.28869e+19 	 2.13598e+14 	 267
1.68568e+06 	 9.45376 	 14.3616 	 7.12148 	 3288.18 	 0.310884 	 242.253 	 9.86435e+47 	 2.24999e+19 	 2.15539e+14 	 268
1.69516e+06 	 9.53474 	 14.5427 	 7.10107 	 3306.25 	 0.312328 	 241.416 	 9.90816e+47 	 2.2133e+19 	 2.17291e+14 	 269
1.70456e+06 	 9.616 	 14.724 	 7.08174 	 3324.85 	 0.313913 	 240.59 	 9.95375e+47 	 2.17685e+19 	 2.19144e+14 	 270
1.7139e+06 	 9.69758 	 14.9059 	 7.06111 	 3341.81 	 0.315125 	 239.772 	 9.99464e+47 	 2.14274e+19 	 2.2074e+14 	 271
1.72332e+06 	 9.78011 	 15.0894 	 7.04042 	 3358.87 	 0.316348 	 238.963 	 1.00361e+48 	 2.10941e+19 	 2.22347e+14 	 272
1.73281e+06 	 9.86358 	 15.2747 	 7.01959 	 3375.92 	 0.317554 	 238.162 	 1.00777e+48 	 2.07693e+19 	 2.23945e+14 	 273
1.74226e+06 	 9.94746 	 15.4606 	 6.99759 	 3391.46 	 0.318417 	 237.371 	 1.0115e+48 	 2.04647e+19 	 2.25303e+14 	 274
1.75178e+06 	 10.0323 	 15.6482 	 6.97542 	 3406.94 	 0.319256 	 236.587 	 1.01524e+48 	 2.0168e+19 	 2.26644e+14 	 275
1.76121e+06 	 10.1174 	 15.8361 	 6.95411 	 3422.72 	 0.320183 	 235.812 	 1.01909e+48 	 1.98739e+19 	 2.2805e+14 	 276
1.77072e+06 	 10.2035 	 16.0257 	 6.93163 	 3437.45 	 0.320854 	 235.045 	 1.02264e+48 	 1.95958e+19 	 2.29274e+14 	 277
1.7803e+06 	 10.2905 	 16.217 	 6.90811 	 3451.22 	 0.321291 	 234.285 	 1.02594e+48 	 1.93322e+19 	 2.3033e+14 	 278
1.78991e+06 	 10.3783 	 16.4097 	 6.8841 	 3464.37 	 0.321584 	 233.534 	 1.02907e+48 	 1.90792e+19 	 2.31282e+14 	 279
1.7996e+06 	 10.467 	 16.6041 	 6.8609 	 3478.39 	 0.322069 	 232.79 	 1.03249e+48 	 1.88247e+19 	 2.32371e+14 	 280
1.80874e+06 	 10.5542 	 17.0733 	 6.98553 	 3642.65 	 0.355545 	 230.151 	 1.07163e+48 	 1.68681e+19 	 2.59465e+14 	 281
1.81813e+06 	 10.643 	 17.2676 	 6.9597 	 3653.41 	 0.355236 	 229.446 	 1.07417e+48 	 1.6675e+19 	 2.60036e+14 	 282
1.82759e+06 	 10.7328 	 17.3231 	 6.8623 	 3588.9 	 0.338339 	 229.673 	 1.05887e+48 	 1.72839e+19 	 2.47423e+14 	 283
1.83698e+06 	 10.823 	 17.6605 	 6.90847 	 3674.85 	 0.354603 	 228.052 	 1.07925e+48 	 1.62985e+19 	 2.61159e+14 	 284
1.84644e+06 	 10.9142 	 17.8586 	 6.88171 	 3684.07 	 0.353938 	 227.367 	 1.0814e+48 	 1.61257e+19 	 2.61455e+14 	 285
1.85596e+06 	 11.0064 	 18.0584 	 6.85528 	 3693.63 	 0.353354 	 226.688 	 1.08367e+48 	 1.5954e+19 	 2.61805e+14 	 286
1.86537e+06 	 11.0987 	 18.4024 	 6.89683 	 3776.56 	 0.369079 	 225.128 	 1.10313e+48 	 1.5087e+19 	 2.75351e+14 	 287
1.8748e+06 	 11.1919 	 18.6037 	 6.86909 	 3784.22 	 0.368013 	 224.472 	 1.10491e+48 	 1.49419e+19 	 2.75358e+14 	 288
1.88428e+06 	 11.2859 	 18.6611 	 6.77474 	 3718.29 	 0.350765 	 224.692 	 1.08946e+48 	 1.54792e+19 	 2.62196e+14 	 289
1.8938e+06 	 11.3809 	 19.0114 	 6.81406 	 3799.68 	 0.365925 	 223.174 	 1.10857e+48 	 1.46574e+19 	 2.75388e+14 	 290
1.90334e+06 	 11.4767 	 19.0699 	 6.71974 	 3732.54 	 0.348561 	 223.392 	 1.09279e+48 	 1.51896e+19 	 2.62064e+14 	 291
1.91294e+06 	 11.5734 	 19.2764 	 6.69223 	 3739.48 	 0.347426 	 222.752 	 1.09444e+48 	 1.50501e+19 	 2.61962e+14 	 292
1.92252e+06 	 11.6709 	 19.4843 	 6.66474 	 3746.03 	 0.34622 	 222.114 	 1.09599e+48 	 1.49137e+19 	 2.61802e+14 	 293
1.93212e+06 	 11.7691 	 19.8437 	 6.70005 	 3823.74 	 0.360242 	 220.643 	 1.11413e+48 	 1.41522e+19 	 2.74221e+14 	 294
1.94178e+06 	 11.8684 	 20.0549 	 6.67098 	 3828.65 	 0.358594 	 220.026 	 1.11527e+48 	 1.40376e+19 	 2.73732e+14 	 295
1.95141e+06 	 11.9684 	 20.2669 	 6.64206 	 3833.27 	 0.356907 	 219.414 	 1.11635e+48 	 1.39257e+19 	 2.73204e+14 	 296
1.96111e+06 	 12.0693 	 20.4807 	 6.61343 	 3838.15 	 0.355289 	 218.807 	 1.11752e+48 	 1.38143e+19 	 2.7272e+14 	 297
1.97086e+06 	 12.1714 	 20.6963 	 6.5838 	 3841.77 	 0.353389 	 218.205 	 1.11834e+48 	 1.37116e+19 	 2.7201e+14 	 298
1.98056e+06 	 12.2739 	 20.9124 	 6.55469 	 3845.43 	 0.351534 	 217.609 	 1.11921e+48 	 1.36094e+19 	 2.71324e+14 	 299
1.99022e+06 	 12.3771 	 21.2845 	 6.5853 	 3919.38 	 0.364553 	 216.223 	 1.13637e+48 	 1.29553e+19 	 2.83175e+14 	 300
1.99991e+06 	 12.4812 	 21.503 	 6.55479 	 3921.05 	 0.362203 	 215.645 	 1.13672e+48 	 1.28715e+19 	 2.82104e+14 	 301
2.00966e+06 	 12.5863 	 21.7232 	 6.52478 	 3923.21 	 0.359981 	 215.071 	 1.13724e+48 	 1.27866e+19 	 2.81122e+14 	 302
2.01944e+06 	 12.6925 	 21.945 	 6.49435 	 3924.63 	 0.357612 	 214.502 	 1.13756e+48 	 1.27064e+19 	 2.80013e+14 	 303
2.02928e+06 	 12.7997 	 22.1686 	 6.46366 	 3925.6 	 0.355161 	 213.937 	 1.13778e+48 	 1.26296e+19 	 2.78828e+14 	 304
2.03918e+06 	 12.9081 	 22.3939 	 6.43284 	 3926.28 	 0.352664 	 213.376 	 1.13793e+48 	 1.25555e+19 	 2.77595e+14 	 305
2.04909e+06 	 13.0174 	 22.6206 	 6.40275 	 3927.55 	 0.350325 	 212.82 	 1.13826e+48 	 1.24794e+19 	 2.76475e+14 	 306
2.05907e+06 	 13.1278 	 22.8491 	 6.37135 	 3927.07 	 0.347617 	 212.268 	 1.13811e+48 	 1.24127e+19 	 2.75052e+14 	 307
2.06909e+06 	 13.2393 	 23.0794 	 6.34016 	 3926.67 	 0.344951 	 211.72 	 1.138e+48 	 1.23467e+19 	 2.73649e+14 	 308
2.07912e+06 	 13.3517 	 23.311 	 6.30907 	 3926.06 	 0.342272 	 211.175 	 1.13785e+48 	 1.22824e+19 	 2.72223e+14 	 309
2.08921e+06 	 13.4653 	 23.5444 	 6.27871 	 3926.19 	 0.339777 	 210.635 	 1.13794e+48 	 1.22156e+19 	 2.70932e+14 	 310
2.09936e+06 	 13.58 	 23.7796 	 6.24743 	 3925 	 0.337019 	 210.099 	 1.13766e+48 	 1.2156e+19 	 2.69418e+14 	 311
2.10936e+06 	 13.695 	 24.1806 	 6.2696 	 3990.69 	 0.347544 	 208.846 	 1.1528e+48 	 1.16318e+19 	 2.795e+14 	 312
2.11949e+06 	 13.8114 	 24.4183 	 6.23794 	 3988.52 	 0.344552 	 208.325 	 1.15231e+48 	 1.1581e+19 	 2.77786e+14 	 313
2.12946e+06 	 13.928 	 24.8234 	 6.25805 	 4052.13 	 0.354684 	 207.104 	 1.16687e+48 	 1.10984e+19 	 2.87641e+14 	 314
2.13956e+06 	 14.0461 	 25.0635 	 6.22599 	 4048.84 	 0.351434 	 206.598 	 1.16613e+48 	 1.10559e+19 	 2.85703e+14 	 315
2.14971e+06 	 14.1654 	 25.3054 	 6.19379 	 4045.18 	 0.348136 	 206.095 	 1.16529e+48 	 1.10156e+19 	 2.83713e+14 	 316
2.15992e+06 	 14.2859 	 25.5491 	 6.16118 	 4040.79 	 0.344715 	 205.596 	 1.16426e+48 	 1.09789e+19 	 2.81607e+14 	 317
2.17017e+06 	 14.4076 	 25.7948 	 6.12878 	 4036.48 	 0.341346 	 205.1 	 1.16327e+48 	 1.09425e+19 	 2.79529e+14 	 318
2.18049e+06 	 14.5306 	 26.0423 	 6.09666 	 4032.34 	 0.338046 	 204.607 	 1.16235e+48 	 1.0906e+19 	 2.77493e+14 	 319
2.19085e+06 	 14.6548 	 26.2917 	 6.06379 	 4026.99 	 0.334529 	 204.118 	 1.16109e+48 	 1.0875e+19 	 2.75265e+14 	 320
2.20122e+06 	 14.78 	 26.7172 	 6.07976 	 4086.65 	 0.343471 	 202.965 	 1.17473e+48 	 1.04487e+19 	 2.84228e+14 	 321
2.21159e+06 	 14.9062 	 26.9695 	 6.04709 	 4081.02 	 0.339886 	 202.488 	 1.17346e+48 	 1.04212e+19 	 2.81923e+14 	 322
2.22199e+06 	 15.0335 	 27.2233 	 6.01407 	 4074.61 	 0.336182 	 202.015 	 1.17199e+48 	 1.03971e+19 	 2.79503e+14 	 323
2.23244e+06 	 15.1621 	 27.4792 	 5.98119 	 4068.18 	 0.332513 	 201.545 	 1.17051e+48 	 1.03737e+19 	 2.77098e+14 	 324
2.24294e+06 	 15.2921 	 27.7369 	 5.94857 	 4061.89 	 0.328913 	 201.077 	 1.16909e+48 	 1.03501e+19 	 2.74735e+14 	 325
2.25335e+06 	 15.4225 	 28.3539 	 6.00763 	 4181.49 	 0.348983 	 199.339 	 1.19629e+48 	 9.61534e+18 	 2.94043e+14 	 326
2.26381e+06 	 15.5542 	 28.6142 	 5.97395 	 4173.17 	 0.34487 	 198.89 	 1.1944e+48 	 9.60182e+18 	 2.91233e+14 	 327
2.27431e+06 	 15.6872 	 28.8764 	 5.94058 	 4165.07 	 0.340847 	 198.443 	 1.19258e+48 	 9.58798e+18 	 2.88483e+14 	 328
2.28475e+06 	 15.8209 	 29.3217 	 5.95143 	 4218.78 	 0.348459 	 197.382 	 1.20471e+48 	 9.24822e+18 	 2.96511e+14 	 329
2.29508e+06 	 15.955 	 29.768 	 5.96182 	 4271.86 	 0.356015 	 196.339 	 1.21667e+48 	 8.92618e+18 	 3.0455e+14 	 330
2.3055e+06 	 16.0908 	 30.0337 	 5.92761 	 4261.44 	 0.351482 	 195.912 	 1.21431e+48 	 8.92163e+18 	 3.01327e+14 	 331
2.31599e+06 	 16.2279 	 30.3014 	 5.89361 	 4251.09 	 0.347016 	 195.488 	 1.21198e+48 	 8.91725e+18 	 2.98144e+14 	 332
2.32652e+06 	 16.3664 	 30.5712 	 5.85967 	 4240.59 	 0.342576 	 195.066 	 1.20962e+48 	 8.91367e+18 	 2.94966e+14 	 333
2.33702e+06 	 16.5059 	 31.0293 	 5.86792 	 4291.02 	 0.349448 	 194.057 	 1.22095e+48 	 8.61595e+18 	 3.02448e+14 	 334
2.34756e+06 	 16.6466 	 31.4906 	 5.87549 	 4340.99 	 0.356265 	 193.064 	 1.23217e+48 	 8.33308e+18 	 3.09933e+14 	 335
2.35815e+06 	 16.7887 	 31.7656 	 5.84079 	 4328.64 	 0.351409 	 192.66 	 1.22939e+48 	 8.3363e+18 	 3.06351e+14 	 336
2.36872e+06 	 16.9319 	 32.2322 	 5.84734 	 4377.33 	 0.357949 	 191.688 	 1.24029e+48 	 8.06947e+18 	 3.13634e+14 	 337
2.37919e+06 	 17.0756 	 32.7001 	 5.85262 	 4424.08 	 0.36414 	 190.732 	 1.25066e+48 	 7.81899e+18 	 3.20658e+14 	 338
2.38973e+06 	 17.2208 	 32.979 	 5.81801 	 4410.73 	 0.359072 	 190.344 	 1.24772e+48 	 7.82533e+18 	 3.1684e+14 	 339
2.40032e+06 	 17.3676 	 33.26 	 5.78307 	 4396.64 	 0.35392 	 189.958 	 1.24457e+48 	 7.83396e+18 	 3.12928e+14 	 340
2.41097e+06 	 17.5158 	 33.5432 	 5.74826 	 4382.51 	 0.348826 	 189.573 	 1.24142e+48 	 7.84302e+18 	 3.0905e+14 	 341
2.42153e+06 	 17.6646 	 34.2178 	 5.79099 	 4486.93 	 0.365511 	 188.106 	 1.26459e+48 	 7.3712e+18 	 3.2636e+14 	 342
2.43214e+06 	 17.815 	 34.5037 	 5.75567 	 4471.29 	 0.360043 	 187.735 	 1.26111e+48 	 7.38386e+18 	 3.22112e+14 	 343
2.44281e+06 	 17.9669 	 34.7917 	 5.7209 	 4456.28 	 0.354771 	 187.366 	 1.25783e+48 	 7.39529e+18 	 3.18021e+14 	 344
2.45345e+06 	 18.1198 	 35.2797 	 5.72333 	 4499.02 	 0.360033 	 186.47 	 1.26726e+48 	 7.18297e+18 	 3.24287e+14 	 345
2.46412e+06 	 18.2741 	 35.7707 	 5.72523 	 4541.22 	 0.365205 	 185.588 	 1.27658e+48 	 6.9802e+18 	 3.30509e+14 	 346
2.47483e+06 	 18.4299 	 36.0642 	 5.68939 	 4523.65 	 0.359427 	 185.233 	 1.27267e+48 	 6.99764e+18 	 3.25904e+14 	 347
2.48561e+06 	 18.5874 	 36.3598 	 5.6545 	 4507.31 	 0.353971 	 184.879 	 1.26912e+48 	 7.01254e+18 	 3.2157e+14 	 348
2.49644e+06 	 18.7464 	 36.6577 	 5.61885 	 4489.52 	 0.348303 	 184.527 	 1.26515e+48 	 7.03119e+18 	 3.17025e+14 	 349
2.50732e+06 	 18.907 	 37.162 	 5.61956 	 4529.89 	 0.352993 	 183.67 	 1.27408e+48 	 6.83903e+18 	 3.22793e+14 	 350
2.51824e+06 	 19.0691 	 37.4644 	 5.58375 	 4511.38 	 0.34723 	 183.325 	 1.26997e+48 	 6.8594e+18 	 3.1812e+14 	 351
2.52922e+06 	 19.2329 	 37.7691 	 5.54845 	 4493.46 	 0.341657 	 182.982 	 1.26602e+48 	 6.87879e+18 	 3.13602e+14 	 352
2.54025e+06 	 19.3984 	 38.0761 	 5.51296 	 4474.95 	 0.336051 	 182.64 	 1.26191e+48 	 6.89991e+18 	 3.09034e+14 	 353
2.55128e+06 	 19.5651 	 38.5931 	 5.51286 	 4513.73 	 0.340334 	 181.806 	 1.27052e+48 	 6.71663e+18 	 3.14408e+14 	 354
2.56235e+06 	 19.7334 	 39.1136 	 5.51128 	 4550.37 	 0.344219 	 180.984 	 1.27855e+48 	 6.54469e+18 	 3.19442e+14 	 355
2.57347e+06 	 19.9034 	 39.4267 	 5.47569 	 4530.85 	 0.338449 	 180.654 	 1.27425e+48 	 6.56755e+18 	 3.14661e+14 	 356
2.58464e+06 	 20.0751 	 39.7422 	 5.44062 	 4511.92 	 0.332872 	 180.325 	 1.27012e+48 	 6.58948e+18 	 3.10039e+14 	 357
2.59586e+06 	 20.2485 	 40.2731 	 5.43823 	 4547.16 	 0.336436 	 179.521 	 1.27785e+48 	 6.42538e+18 	 3.14763e+14 	 358
2.60712e+06 	 20.4236 	 40.5933 	 5.40256 	 4526.73 	 0.330639 	 179.199 	 1.27334e+48 	 6.45051e+18 	 3.09895e+14 	 359
2.61844e+06 	 20.6004 	 40.916 	 5.3675 	 4507.06 	 0.325061 	 178.878 	 1.26904e+48 	 6.47441e+18 	 3.05213e+14 	 360
2.6298e+06 	 20.7789 	 41.4573 	 5.36419 	 4540.65 	 0.328271 	 178.092 	 1.27641e+48 	 6.31809e+18 	 3.09589e+14 	 361
2.64121e+06 	 20.9592 	 41.7847 	 5.329 	 4520.23 	 0.32262 	 177.777 	 1.27194e+48 	 6.3435e+18 	 3.04799e+14 	 362
2.6526e+06 	 21.1409 	 42.3323 	 5.32503 	 4552.51 	 0.325578 	 177.004 	 1.27899e+48 	 6.19429e+18 	 3.08936e+14 	 363
2.66406e+06 	 21.3244 	 42.6639 	 5.28995 	 4531.62 	 0.319913 	 176.695 	 1.27444e+48 	 6.22052e+18 	 3.04091e+14 	 364
2.67555e+06 	 21.5097 	 43.2189 	 5.28561 	 4563.31 	 0.322743 	 175.935 	 1.28139e+48 	 6.07672e+18 	 3.08107e+14 	 365
2.6871e+06 	 21.6968 	 43.5554 	 5.24989 	 4540.79 	 0.316858 	 175.632 	 1.27641e+48 	 6.10616e+18 	 3.03011e+14 	 366
2.69869e+06 	 21.8857 	 44.1177 	 5.24561 	 4572.58 	 0.319683 	 174.885 	 1.28345e+48 	 5.96605e+18 	 3.07018e+14 	 367
2.71033e+06 	 22.0765 	 44.4592 	 5.20988 	 4549.49 	 0.313774 	 174.588 	 1.27835e+48 	 5.99645e+18 	 3.01856e+14 	 368
2.72201e+06 	 22.2691 	 45.029 	 5.20433 	 4579.01 	 0.316183 	 173.853 	 1.28481e+48 	 5.86439e+18 	 3.0546e+14 	 369
2.73374e+06 	 22.4636 	 45.3754 	 5.16934 	 4556.67 	 0.310478 	 173.561 	 1.27996e+48 	 5.89323e+18 	 3.00453e+14 	 370
2.74551e+06 	 22.66 	 45.9527 	 5.16328 	 4585.22 	 0.312704 	 172.838 	 1.2862e+48 	 5.76636e+18 	 3.03873e+14 	 371
2.75718e+06 	 22.8573 	 46.7612 	 5.18632 	 4665.64 	 0.323075 	 171.701 	 1.30379e+48 	 5.4948e+18 	 3.1603e+14 	 372
2.76891e+06 	 23.0566 	 47.1136 	 5.15032 	 4640.34 	 0.316845 	 171.421 	 1.29824e+48 	 5.52721e+18 	 3.10441e+14 	 373
2.7807e+06 	 23.2579 	 47.7008 	 5.14375 	 4668 	 0.318924 	 170.725 	 1.30432e+48 	 5.41266e+18 	 3.13752e+14 	 374
2.79252e+06 	 23.4611 	 48.0583 	 5.10765 	 4641.94 	 0.312655 	 170.45 	 1.29859e+48 	 5.44628e+18 	 3.08081e+14 	 375
2.8044e+06 	 23.6664 	 48.6531 	 5.10065 	 4668.67 	 0.314564 	 169.765 	 1.30447e+48 	 5.33586e+18 	 3.11213e+14 	 376
2.81631e+06 	 23.8735 	 49.0159 	 5.06502 	 4642.87 	 0.308431 	 169.494 	 1.29884e+48 	 5.3689e+18 	 3.05633e+14 	 377
2.82827e+06 	 24.0827 	 49.6183 	 5.05683 	 4667.26 	 0.309937 	 168.82 	 1.30412e+48 	 5.26482e+18 	 3.08353e+14 	 378
2.84028e+06 	 24.294 	 49.9863 	 5.02123 	 4640.93 	 0.303814 	 168.554 	 1.29837e+48 	 5.29869e+18 	 3.02738e+14 	 379
2.85232e+06 	 24.5072 	 50.5964 	 5.01287 	 4664.79 	 0.305226 	 167.889 	 1.30356e+48 	 5.1976e+18 	 3.05349e+14 	 380
2.86441e+06 	 24.7225 	 51.2108 	 5.00449 	 4688.7 	 0.306643 	 167.232 	 1.3088e+48 	 5.09919e+18 	 3.07971e+14 	 381
2.87653e+06 	 24.9397 	 51.5866 	 4.96903 	 4661.69 	 0.300508 	 166.974 	 1.30292e+48 	 5.13349e+18 	 3.02277e+14 	 382
