# Internal Shock Dynamics
# t_e (s) 	 t_a (s) 	 delt_a (s) 	 B_eq (G) 	 Gamma_e 	 E_syn (keV) 	 Gamma_r 	 L_diss (erg/s) 	 nu_c (Hz) 	 nu_m (Hz) 	 shell_index 	 a_syn 	 tau 	 relvel

42303.6 	 6.13958 	 0.554568 	 56.1538 	 128.724 	 0.00302838 	 195.283 	 5.2289e+46 	 3.0779e+19 	 2.60461e+12 	 565 	 0.0668387 	 0.0200996 	 0.0769854
42557.9 	 6.14291 	 0.557901 	 63.25 	 165.282 	 0.00562377 	 195.283 	 6.64719e+46 	 2.12817e+19 	 4.83682e+12 	 566 	 0.0668387 	 0.0198003 	 0.0868877
42832.3 	 6.14651 	 0.556494 	 66.9626 	 187.652 	 0.00770899 	 196.16 	 7.50505e+46 	 1.80254e+19 	 6.60063e+12 	 567 	 0.0668387 	 0.0195113 	 0.0924064
42928 	 6.14776 	 0.562743 	 59.2706 	 147.675 	 0.00420696 	 195.285 	 6.97397e+46 	 2.54193e+19 	 3.61824e+12 	 549 	 0.0668387 	 0.0193652 	 0.0822751
43131.2 	 6.15042 	 0.560401 	 73.9156 	 231.847 	 0.0129894 	 196.155 	 9.1797e+46 	 1.32159e+19 	 1.11221e+13 	 568 	 0.0668387 	 0.0191831 	 0.102352
43355.5 	 6.15333 	 0.568323 	 63.6416 	 173.667 	 0.00624744 	 195.289 	 8.25718e+46 	 2.01321e+19 	 5.37304e+12 	 548 	 0.0668387 	 0.0189267 	 0.0889535
43453.6 	 6.15462 	 0.564602 	 80.7231 	 280.67 	 0.0207891 	 196.153 	 1.10014e+47 	 9.99589e+18 	 1.78007e+13 	 569 	 0.0668387 	 0.0188413 	 0.112276
43797.8 	 6.15909 	 0.564067 	 84.1743 	 310.036 	 0.0265686 	 197.022 	 1.20841e+47 	 8.83287e+18 	 2.26491e+13 	 570 	 0.0668387 	 0.0185463 	 0.117848
43842.4 	 6.15967 	 0.569651 	 70.7557 	 219.513 	 0.0111463 	 196.154 	 1.05505e+47 	 1.45814e+19 	 9.54396e+12 	 547 	 0.0668387 	 0.0184511 	 0.0996665
44159.8 	 6.16379 	 0.568766 	 90.7531 	 366.375 	 0.0400004 	 197.016 	 1.41367e+47 	 6.93187e+18 	 3.41004e+13 	 571 	 0.0668387 	 0.0181868 	 0.127746
44389 	 6.16675 	 0.57673 	 74.2095 	 247.526 	 0.0148647 	 196.158 	 1.19691e+47 	 1.23304e+19 	 1.27276e+13 	 546 	 0.0668387 	 0.0179098 	 0.105605
44544.1 	 6.16876 	 0.573734 	 97.1052 	 426.792 	 0.058079 	 197.013 	 1.63033e+47 	 5.561e+18 	 4.95133e+13 	 572 	 0.0668387 	 0.0177853 	 0.137583
44948.4 	 6.17397 	 0.57393 	 100.245 	 463.132 	 0.0709091 	 197.871 	 1.75915e+47 	 5.05124e+18 	 6.01889e+13 	 573 	 0.0668387 	 0.0174667 	 0.143132
45002.6 	 6.17466 	 0.579637 	 80.2543 	 297.553 	 0.0233315 	 197.014 	 1.45329e+47 	 9.65127e+18 	 1.98904e+13 	 545 	 0.0668387 	 0.0173695 	 0.115467
45368.4 	 6.17937 	 0.579334 	 106.33 	 530.847 	 0.0988123 	 197.864 	 1.99628e+47 	 4.1541e+18 	 8.38765e+13 	 574 	 0.0668387 	 0.0170905 	 0.152885
45682.7 	 6.18339 	 0.588364 	 82.7042 	 325.62 	 0.0287944 	 197.019 	 1.59879e+47 	 8.55905e+18 	 2.45469e+13 	 544 	 0.0668387 	 0.0168023 	 0.120614
45809.3 	 6.18502 	 0.58498 	 112.188 	 602.491 	 0.134294 	 197.862 	 2.24328e+47 	 3.46885e+18 	 1.13997e+14 	 575 	 0.0668387 	 0.0167095 	 0.162544
46266.5 	 6.19086 	 0.585803 	 114.95 	 645.218 	 0.158484 	 198.707 	 2.3889e+47 	 3.21567e+18 	 1.33958e+14 	 576 	 0.0668387 	 0.0163507 	 0.168006
46434.9 	 6.19299 	 0.592955 	 87.6239 	 377.651 	 0.0412117 	 197.864 	 1.87127e+47 	 7.08581e+18 	 3.49824e+13 	 543 	 0.0668387 	 0.0161799 	 0.129569
46740.2 	 6.19689 	 0.591835 	 120.493 	 723.534 	 0.208896 	 198.701 	 2.65258e+47 	 2.73537e+18 	 1.76573e+14 	 577 	 0.0668387 	 0.0159693 	 0.177532
47233.6 	 6.20314 	 0.593064 	 122.975 	 769.65 	 0.242261 	 199.541 	 2.80601e+47 	 2.5624e+18 	 2.03915e+14 	 578 	 0.0668387 	 0.0156373 	 0.1829
47263.7 	 6.20351 	 0.598465 	 91.8678 	 430.069 	 0.0562716 	 198.701 	 2.14951e+47 	 6.03579e+18 	 4.75648e+13 	 542 	 0.0668387 	 0.0155667 	 0.138027
47738.1 	 6.20952 	 0.599452 	 128.166 	 853.959 	 0.31082 	 199.532 	 3.08318e+47 	 2.2155e+18 	 2.61634e+14 	 579 	 0.0668387 	 0.0152587 	 0.192265
48169.5 	 6.21494 	 0.609894 	 92.7755 	 455.585 	 0.0637728 	 198.708 	 2.28623e+47 	 5.64278e+18 	 5.39035e+13 	 541 	 0.0668387 	 0.0149101 	 0.141902
48262.9 	 6.21612 	 0.606053 	 133.116 	 941.561 	 0.392451 	 199.53 	 3.36683e+47 	 1.93458e+18 	 3.3035e+14 	 580 	 0.0668387 	 0.0148524 	 0.201494
48799.2 	 6.22286 	 0.607764 	 135.22 	 993.265 	 0.445467 	 200.353 	 3.53243e+47 	 1.83532e+18 	 3.73436e+14 	 581 	 0.0668387 	 0.0145278 	 0.206701
49157.6 	 6.22732 	 0.617258 	 95.8957 	 506.923 	 0.0819504 	 199.535 	 2.56356e+47 	 4.9885e+18 	 6.89809e+13 	 540 	 0.0668387 	 0.0142693 	 0.149406
49353.1 	 6.22978 	 0.614685 	 139.832 	 1086.43 	 0.551125 	 200.35 	 3.82724e+47 	 1.62247e+18 	 4.62018e+14 	 582 	 0.0668387 	 0.0141565 	 0.215735
49919.8 	 6.23684 	 0.616716 	 141.646 	 1140.55 	 0.617781 	 201.165 	 3.99649e+47 	 1.55067e+18 	 5.15798e+14 	 583 	 0.0668387 	 0.0138117 	 0.220809
50232.4 	 6.2407 	 0.625613 	 98.3878 	 557.204 	 0.102004 	 200.354 	 2.83822e+47 	 4.49642e+18 	 8.55096e+13 	 539 	 0.0668387 	 0.0135948 	 0.156397
50501.7 	 6.24405 	 0.623935 	 145.918 	 1238.78 	 0.750744 	 201.16 	 4.30035e+47 	 1.38577e+18 	 6.26827e+14 	 584 	 0.0668387 	 0.0134502 	 0.229631
51097 	 6.25141 	 0.626259 	 147.458 	 1295.07 	 0.832504 	 201.966 	 4.47232e+47 	 1.33286e+18 	 6.92316e+14 	 585 	 0.0668387 	 0.0131387 	 0.234562
51396.9 	 6.25509 	 0.634974 	 100.289 	 606.101 	 0.123521 	 201.163 	 3.10806e+47 	 4.12128e+18 	 1.03131e+14 	 538 	 0.0668387 	 0.0129422 	 0.162876
51705.9 	 6.2589 	 0.633757 	 151.377 	 1397.54 	 0.995178 	 201.961 	 4.78214e+47 	 1.20304e+18 	 8.27619e+14 	 586 	 0.0668387 	 0.0127647 	 0.243158
52328 	 6.26653 	 0.636347 	 152.692 	 1456.35 	 1.0944 	 202.758 	 4.95806e+47 	 1.16269e+18 	 9.06558e+14 	 587 	 0.0668387 	 0.012463 	 0.247937
52654.7 	 6.2705 	 0.645364 	 101.634 	 653.31 	 0.146016 	 201.965 	 3.37098e+47 	 3.83333e+18 	 1.21429e+14 	 537 	 0.0668387 	 0.0122673 	 0.168847
52963.2 	 6.27429 	 0.644108 	 156.263 	 1562.53 	 1.28922 	 202.753 	 5.27201e+47 	 1.05881e+18 	 1.06797e+15 	 588 	 0.0668387 	 0.0121247 	 0.256297
53610.7 	 6.28216 	 0.646944 	 157.34 	 1623.13 	 1.4062 	 203.541 	 5.44933e+47 	 1.02813e+18 	 1.16036e+15 	 589 	 0.0668387 	 0.0118122 	 0.260918
54009 	 6.28697 	 0.656798 	 102.422 	 698.058 	 0.168657 	 202.757 	 3.62247e+47 	 3.61621e+18 	 1.39709e+14 	 536 	 0.0668387 	 0.0115991 	 0.174317
54271.6 	 6.29016 	 0.65495 	 160.592 	 1732.86 	 1.63585 	 203.536 	 5.76692e+47 	 9.43437e+17 	 1.34989e+15 	 590 	 0.0668387 	 0.0114871 	 0.269033
54943.1 	 6.29827 	 0.658011 	 161.441 	 1794.83 	 1.77096 	 204.315 	 5.94436e+47 	 9.20019e+17 	 1.45581e+15 	 591 	 0.0668387 	 0.011208 	 0.273492
55463 	 6.30449 	 0.669292 	 102.699 	 740.137 	 0.190851 	 203.542 	 3.86089e+47 	 3.4544e+18 	 1.57484e+14 	 535 	 0.0668387 	 0.0109415 	 0.179298
55629.1 	 6.3065 	 0.666249 	 164.352 	 1906.9 	 2.03505 	 204.312 	 6.26169e+47 	 8.50551e+17 	 1.67293e+15 	 592 	 0.0668387 	 0.0108763 	 0.281355
56323.3 	 6.31481 	 0.669518 	 165 	 1970.24 	 2.18926 	 205.08 	 6.43942e+47 	 8.32382e+17 	 1.79296e+15 	 593 	 0.0668387 	 0.0106098 	 0.285651
57020.2 	 6.3231 	 0.68286 	 102.517 	 779.51 	 0.212127 	 204.319 	 4.08555e+47 	 3.33622e+18 	 1.74375e+14 	 534 	 0.0668387 	 0.0103165 	 0.183801
57034.2 	 6.32327 	 0.677977 	 167.618 	 2084.91 	 2.49038 	 205.079 	 6.75755e+47 	 7.74298e+17 	 2.03958e+15 	 594 	 0.0668387 	 0.0103114 	 0.293258
57750.1 	 6.33178 	 0.681437 	 168.058 	 2148.81 	 2.66211 	 205.838 	 6.93308e+47 	 7.60459e+17 	 2.1722e+15 	 595 	 0.0668387 	 0.0100393 	 0.297388
58482.2 	 6.34042 	 0.685024 	 168.407 	 2212.82 	 2.83937 	 206.595 	 7.10786e+47 	 7.47838e+17 	 2.30833e+15 	 596 	 0.0668387 	 0.0097895 	 0.301429
58679.9 	 6.34273 	 0.692405 	 103.912 	 848.17 	 0.256451 	 205.838 	 4.48071e+47 	 3.11595e+18 	 2.09255e+14 	 533 	 0.0668387 	 0.00969003 	 0.191387
59222 	 6.34913 	 0.693747 	 170.662 	 2330.33 	 3.19097 	 206.587 	 7.42518e+47 	 7.0063e+17 	 2.59428e+15 	 597 	 0.0668387 	 0.00951343 	 0.308706
59974.3 	 6.35794 	 0.697505 	 170.821 	 2394.38 	 3.38415 	 207.334 	 7.59646e+47 	 6.91165e+17 	 2.74142e+15 	 598 	 0.0668387 	 0.00925972 	 0.312582
60447.1 	 6.36344 	 0.708073 	 102.831 	 881.405 	 0.275063 	 206.591 	 4.67377e+47 	 3.07452e+18 	 2.23624e+14 	 532 	 0.0668387 	 0.00908376 	 0.194921
60737.9 	 6.36685 	 0.706421 	 172.801 	 2513 	 3.77086 	 207.329 	 7.91053e+47 	 6.50931e+17 	 3.05476e+15 	 599 	 0.0668387 	 0.00899696 	 0.3196
61509.6 	 6.37583 	 0.710336 	 172.811 	 2577.57 	 3.98146 	 208.066 	 8.08009e+47 	 6.43664e+17 	 3.21394e+15 	 600 	 0.0668387 	 0.00875707 	 0.323314
62296.5 	 6.38491 	 0.714362 	 172.729 	 2641.43 	 4.19399 	 208.802 	 8.24662e+47 	 6.37337e+17 	 3.37357e+15 	 601 	 0.0668387 	 0.00853723 	 0.32694
62323.3 	 6.38522 	 0.719748 	 103.203 	 943.771 	 0.318766 	 208.064 	 5.03874e+47 	 2.94351e+18 	 2.57318e+14 	 531 	 0.0668387 	 0.00850008 	 0.201426
63087.2 	 6.39405 	 0.723506 	 174.392 	 2761.33 	 4.62726 	 208.791 	 8.55609e+47 	 6.03725e+17 	 3.72227e+15 	 602 	 0.0668387 	 0.00829547 	 0.33363
63892.3 	 6.40328 	 0.727673 	 174.18 	 2825.38 	 4.85535 	 209.517 	 8.72026e+47 	 5.99011e+17 	 3.89223e+15 	 603 	 0.0668387 	 0.00807346 	 0.337097
64305.7 	 6.40799 	 0.737466 	 101.413 	 970.22 	 0.3322 	 208.794 	 5.19474e+47 	 2.95487e+18 	 2.67227e+14 	 530 	 0.0668387 	 0.007942 	 0.20408
64706.3 	 6.41258 	 0.73699 	 175.628 	 2946.23 	 5.32333 	 209.511 	 9.02692e+47 	 5.69632e+17 	 4.26751e+15 	 604 	 0.0668387 	 0.00784398 	 0.343533
65528.9 	 6.42195 	 0.74129 	 175.279 	 3009.6 	 5.56266 	 210.226 	 9.18632e+47 	 5.66421e+17 	 4.44419e+15 	 605 	 0.0668387 	 0.00764826 	 0.346844
66365.5 	 6.43142 	 0.745683 	 174.861 	 3072.25 	 5.80245 	 210.94 	 9.34296e+47 	 5.63789e+17 	 4.62009e+15 	 606 	 0.0668387 	 0.00744354 	 0.350072
66398.7 	 6.43179 	 0.751147 	 101.003 	 1026.06 	 0.372574 	 210.223 	 5.52588e+47 	 2.88303e+18 	 2.97666e+14 	 529 	 0.0668387 	 0.0074099 	 0.20961
67205.6 	 6.44092 	 0.755202 	 176.03 	 3192.8 	 6.30831 	 210.929 	 9.64153e+47 	 5.38788e+17 	 5.02313e+15 	 607 	 0.0668387 	 0.00723302 	 0.356191
68058.9 	 6.45051 	 0.759715 	 175.507 	 3254.97 	 6.55868 	 211.632 	 9.79445e+47 	 5.37179e+17 	 5.20513e+15 	 608 	 0.0668387 	 0.00704044 	 0.359268
68596.7 	 6.45651 	 0.770815 	 98.7177 	 1046.13 	 0.379802 	 210.931 	 5.64555e+47 	 2.93235e+18 	 3.02422e+14 	 528 	 0.0668387 	 0.00690595 	 0.211495
68921.9 	 6.46017 	 0.76939 	 176.478 	 3375.1 	 7.0906 	 211.626 	 1.00871e+48 	 5.15151e+17 	 5.62743e+15 	 609 	 0.0668387 	 0.00684094 	 0.365144
69791.4 	 6.46988 	 0.774017 	 175.868 	 3436.92 	 7.35134 	 212.32 	 1.0237e+48 	 5.14325e+17 	 5.81531e+15 	 610 	 0.0668387 	 0.00667154 	 0.368073
70674.3 	 6.47967 	 0.778727 	 175.166 	 3496.34 	 7.60203 	 213.011 	 1.03794e+48 	 5.14258e+17 	 5.99409e+15 	 611 	 0.0668387 	 0.00649456 	 0.370926
70901.3 	 6.48217 	 0.786334 	 97.7146 	 1095.01 	 0.414606 	 212.319 	 5.93873e+47 	 2.90542e+18 	 3.27977e+14 	 527 	 0.0668387 	 0.0064301 	 0.216171
71562.3 	 6.4895 	 0.788581 	 175.932 	 3616.2 	 8.16739 	 213.002 	 1.06655e+48 	 4.94963e+17 	 6.44015e+15 	 612 	 0.0668387 	 0.00631186 	 0.3765
72460.7 	 6.4994 	 0.793395 	 175.159 	 3675.03 	 8.42506 	 213.684 	 1.08045e+48 	 4.95483e+17 	 6.62214e+15 	 613 	 0.0668387 	 0.00614563 	 0.379212
73309 	 6.50869 	 0.807794 	 95.0913 	 1108.64 	 0.41492 	 213.007 	 6.02094e+47 	 2.98729e+18 	 3.27166e+14 	 526 	 0.0668387 	 0.00598282 	 0.217406
73371.2 	 6.50938 	 0.803391 	 175.756 	 3793.72 	 9.00854 	 213.681 	 1.10835e+48 	 4.7832e+17 	 7.08086e+15 	 614 	 0.0668387 	 0.00597267 	 0.384556
74284.7 	 6.51938 	 0.808303 	 174.915 	 3851.65 	 9.27036 	 214.352 	 1.12186e+48 	 4.79373e+17 	 7.26382e+15 	 615 	 0.0668387 	 0.00582668 	 0.387131
75210.8 	 6.52946 	 0.81329 	 174.043 	 3909.05 	 9.53083 	 215.022 	 1.1352e+48 	 4.80662e+17 	 7.44465e+15 	 616 	 0.0668387 	 0.00567423 	 0.389634
75814 	 6.53598 	 0.82493 	 93.7124 	 1151.57 	 0.443972 	 214.354 	 6.2805e+47 	 2.99279e+18 	 3.47873e+14 	 525 	 0.0668387 	 0.00556433 	 0.221362
76145.8 	 6.53959 	 0.823446 	 174.455 	 4025.82 	 10.1324 	 215.016 	 1.1621e+48 	 4.65566e+17 	 7.91477e+15 	 617 	 0.0668387 	 0.00551594 	 0.394697
77086.5 	 6.54977 	 0.828524 	 173.516 	 4081.61 	 10.3909 	 215.677 	 1.17487e+48 	 4.67385e+17 	 8.09186e+15 	 618 	 0.0668387 	 0.00537285 	 0.39707
78039.5 	 6.56001 	 0.833671 	 172.538 	 4136.14 	 10.6426 	 216.335 	 1.18729e+48 	 4.69527e+17 	 8.26265e+15 	 619 	 0.0668387 	 0.00524242 	 0.399375
78414.4 	 6.56401 	 0.842802 	 92.1611 	 1191.48 	 0.470295 	 215.676 	 6.52328e+47 	 3.01444e+18 	 3.6624e+14 	 524 	 0.0668387 	 0.00517378 	 0.224969
78998.6 	 6.57029 	 0.843981 	 172.797 	 4251.18 	 11.2594 	 216.327 	 1.21331e+48 	 4.56066e+17 	 8.74179e+15 	 620 	 0.0668387 	 0.00509755 	 0.404168
79965.6 	 6.58063 	 0.849212 	 171.759 	 4303.71 	 11.5044 	 216.976 	 1.22508e+48 	 4.58684e+17 	 8.90535e+15 	 621 	 0.0668387 	 0.00496644 	 0.406349
80944.8 	 6.59103 	 0.854509 	 170.71 	 4356.06 	 11.7489 	 217.622 	 1.23682e+48 	 4.61418e+17 	 9.06759e+15 	 622 	 0.0668387 	 0.004847 	 0.408466
81104.7 	 6.59271 	 0.861331 	 90.4845 	 1228.69 	 0.493981 	 216.973 	 6.7508e+47 	 3.04957e+18 	 3.82386e+14 	 523 	 0.0668387 	 0.00481054 	 0.228261
81927.4 	 6.60145 	 0.864963 	 170.827 	 4468.64 	 12.372 	 217.612 	 1.26184e+48 	 4.494e+17 	 9.54891e+15 	 623 	 0.0668387 	 0.00470633 	 0.413001
82920.3 	 6.61194 	 0.87034 	 169.732 	 4519.11 	 12.6088 	 218.25 	 1.27299e+48 	 4.52511e+17 	 9.70324e+15 	 624 	 0.0668387 	 0.00459429 	 0.415001
83878.9 	 6.622 	 0.885541 	 87.6223 	 1232.36 	 0.482647 	 217.616 	 6.77336e+47 	 3.17716e+18 	 3.72509e+14 	 522 	 0.0668387 	 0.00447368 	 0.228518
83924.4 	 6.62248 	 0.880912 	 169.74 	 4629.67 	 13.2336 	 218.246 	 1.29726e+48 	 4.41653e+17 	 1.01843e+16 	 625 	 0.0668387 	 0.00446118 	 0.41934
84930.8 	 6.63304 	 0.886365 	 168.616 	 4678.79 	 13.4651 	 218.874 	 1.308e+48 	 4.45017e+17 	 1.03327e+16 	 626 	 0.0668387 	 0.00435608 	 0.421226
85948.7 	 6.64367 	 0.891877 	 167.457 	 4725.95 	 13.6825 	 219.5 	 1.31822e+48 	 4.48727e+17 	 1.04695e+16 	 627 	 0.0668387 	 0.00425351 	 0.423053
86729.9 	 6.65177 	 0.90513 	 85.8438 	 1264.62 	 0.500812 	 218.876 	 6.97187e+47 	 3.23409e+18 	 3.84304e+14 	 521 	 0.0668387 	 0.00415501 	 0.231349
86975.9 	 6.65434 	 0.902583 	 167.361 	 4834.04 	 14.3069 	 219.495 	 1.3416e+48 	 4.389e+17 	 1.09476e+16 	 628 	 0.0668387 	 0.00413154 	 0.427156
88007 	 6.66504 	 0.908168 	 166.183 	 4879.93 	 14.518 	 220.112 	 1.35146e+48 	 4.42801e+17 	 1.1078e+16 	 629 	 0.0668387 	 0.00403529 	 0.428877
89049.6 	 6.6758 	 0.913811 	 164.985 	 4924.47 	 14.7187 	 220.728 	 1.36099e+48 	 4.46945e+17 	 1.11998e+16 	 630 	 0.0668387 	 0.00393466 	 0.430541
89653.3 	 6.682 	 0.92516 	 84.0275 	 1294.74 	 0.516745 	 220.112 	 7.15803e+47 	 3.30068e+18 	 3.94303e+14 	 520 	 0.0668387 	 0.00386775 	 0.233956
90099.3 	 6.6866 	 0.924643 	 164.798 	 5029.85 	 15.3375 	 220.72 	 1.38346e+48 	 4.38021e+17 	 1.1671e+16 	 631 	 0.0668387 	 0.00382955 	 0.434419
91154.8 	 6.69743 	 0.930355 	 163.573 	 5072.13 	 15.523 	 221.327 	 1.39238e+48 	 4.42455e+17 	 1.17798e+16 	 632 	 0.0668387 	 0.00374137 	 0.435982
92221.5 	 6.70832 	 0.93612 	 162.342 	 5113.71 	 15.7026 	 221.932 	 1.40115e+48 	 4.47036e+17 	 1.18836e+16 	 633 	 0.0668387 	 0.00364913 	 0.437492
92643.3 	 6.7126 	 0.945564 	 82.2176 	 1323.63 	 0.531346 	 221.325 	 7.33687e+47 	 3.37306e+18 	 4.03221e+14 	 519 	 0.0668387 	 0.00360281 	 0.236367
93293.5 	 6.71924 	 0.947076 	 162.084 	 5216.68 	 16.3148 	 221.923 	 1.42284e+48 	 4.38841e+17 	 1.23474e+16 	 634 	 0.0668387 	 0.00355276 	 0.441157
94372.8 	 6.7302 	 0.952907 	 160.834 	 5256.06 	 16.4784 	 222.519 	 1.43104e+48 	 4.43675e+17 	 1.24378e+16 	 635 	 0.0668387 	 0.00346608 	 0.442572
95463.3 	 6.74121 	 0.958791 	 159.583 	 5294.86 	 16.6368 	 223.113 	 1.43914e+48 	 4.48637e+17 	 1.25239e+16 	 636 	 0.0668387 	 0.00338735 	 0.443937
95694.9 	 6.74354 	 0.966287 	 80.391 	 1350.21 	 0.543529 	 222.516 	 7.5024e+47 	 3.45515e+18 	 4.10259e+14 	 518 	 0.0668387 	 0.00335867 	 0.238603
96557.2 	 6.75224 	 0.969865 	 159.236 	 5393.42 	 17.2237 	 223.104 	 1.45956e+48 	 4.41318e+17 	 1.29663e+16 	 637 	 0.0668387 	 0.00329895 	 0.4474
97660.1 	 6.76332 	 0.975812 	 157.972 	 5430.06 	 17.3654 	 223.689 	 1.46712e+48 	 4.46508e+17 	 1.30387e+16 	 638 	 0.0668387 	 0.0032194 	 0.448674
98773.9 	 6.77445 	 0.98181 	 156.693 	 5465.04 	 17.4929 	 224.273 	 1.47428e+48 	 4.5196e+17 	 1.31003e+16 	 639 	 0.0668387 	 0.0031472 	 0.449901
98803.6 	 6.77475 	 0.987281 	 78.579 	 1375.21 	 0.554026 	 223.685 	 7.65859e+47 	 3.54405e+18 	 4.15998e+14 	 517 	 0.0668387 	 0.00313381 	 0.240683
99889.4 	 6.7856 	 0.992997 	 156.301 	 5561.24 	 18.068 	 224.262 	 1.49403e+48 	 4.45168e+17 	 1.35316e+16 	 640 	 0.0668387 	 0.00306086 	 0.453173
101016 	 6.79679 	 0.999057 	 155.022 	 5594.71 	 18.1831 	 224.838 	 1.50084e+48 	 4.50753e+17 	 1.3583e+16 	 641 	 0.0668387 	 0.00299299 	 0.454315
101964 	 6.80618 	 1.01362 	 76.0062 	 1370.28 	 0.533424 	 224.262 	 7.62792e+47 	 3.71536e+18 	 3.99496e+14 	 516 	 0.0668387 	 0.00292184 	 0.240225
102151 	 6.80803 	 1.01034 	 154.565 	 5687.51 	 18.7355 	 224.832 	 1.51969e+48 	 4.44662e+17 	 1.3996e+16 	 642 	 0.0668387 	 0.00291118 	 0.45744
103289 	 6.81929 	 1.01646 	 153.291 	 5719.48 	 18.8378 	 225.4 	 1.52616e+48 	 4.50374e+17 	 1.4037e+16 	 643 	 0.0668387 	 0.00284736 	 0.4585
104438 	 6.8306 	 1.02263 	 152.007 	 5749.9 	 18.9267 	 225.966 	 1.53228e+48 	 4.56329e+17 	 1.40679e+16 	 644 	 0.0668387 	 0.00278505 	 0.459517
105176 	 6.83783 	 1.03504 	 74.2919 	 1392.94 	 0.541511 	 225.399 	 7.7699e+47 	 3.81559e+18 	 4.03509e+14 	 515 	 0.0668387 	 0.0027314 	 0.242098
105595 	 6.84195 	 1.03402 	 151.506 	 5839.26 	 19.4546 	 225.958 	 1.55023e+48 	 4.50775e+17 	 1.44607e+16 	 645 	 0.0668387 	 0.00270979 	 0.462468
106756 	 6.85332 	 1.04024 	 150.221 	 5867.58 	 19.5253 	 226.516 	 1.55587e+48 	 4.56922e+17 	 1.44775e+16 	 646 	 0.0668387 	 0.00265116 	 0.463407
107928 	 6.86474 	 1.04652 	 148.954 	 5896.4 	 19.5993 	 227.073 	 1.5617e+48 	 4.63075e+17 	 1.44968e+16 	 647 	 0.0668387 	 0.00258954 	 0.464306
108438 	 6.86968 	 1.05666 	 72.6229 	 1414.9 	 0.548865 	 226.514 	 7.90747e+47 	 3.91933e+18 	 4.06976e+14 	 514 	 0.0668387 	 0.00255577 	 0.243852
109105 	 6.87618 	 1.05801 	 148.413 	 5982.07 	 20.0989 	 227.064 	 1.632e+48 	 4.58038e+17 	 1.48669e+16 	 648 	 0.0690945 	 0.00252461 	 0.467092
110289 	 6.88767 	 1.06434 	 147.14 	 6008.19 	 20.1495 	 227.613 	 1.64419e+48 	 4.64453e+17 	 1.48684e+16 	 649 	 0.0693819 	 0.00246655 	 0.467918
111483 	 6.89919 	 1.07072 	 145.855 	 6032.24 	 20.182 	 228.159 	 1.65401e+48 	 4.71178e+17 	 1.48568e+16 	 650 	 0.0695894 	 0.00241398 	 0.468704
111749 	 6.90174 	 1.07847 	 70.9788 	 1435.36 	 0.554736 	 227.608 	 8.03624e+47 	 4.02992e+18 	 4.0935e+14 	 513 	 0.0668387 	 0.00239364 	 0.245496
112681 	 6.91074 	 1.08232 	 145.277 	 6113.88 	 20.6491 	 228.149 	 1.72813e+48 	 4.66653e+17 	 1.52012e+16 	 651 	 0.0719811 	 0.00235419 	 0.471335
113887 	 6.92233 	 1.08876 	 144.021 	 6137.96 	 20.6809 	 228.689 	 1.73831e+48 	 4.73325e+17 	 1.51887e+16 	 652 	 0.072189 	 0.00230071 	 0.472052
115104 	 6.93396 	 1.09524 	 142.746 	 6159.32 	 20.6892 	 229.226 	 1.74529e+48 	 4.80386e+17 	 1.51592e+16 	 653 	 0.0722915 	 0.00225232 	 0.472732
115109 	 6.93401 	 1.10049 	 69.3563 	 1454.16 	 0.558974 	 228.683 	 8.15521e+47 	 4.14831e+18 	 4.10539e+14 	 512 	 0.0668387 	 0.00224377 	 0.247034
116323 	 6.94561 	 1.10693 	 142.152 	 6238.08 	 21.1322 	 229.215 	 1.8182e+48 	 4.76214e+17 	 1.54846e+16 	 654 	 0.0746011 	 0.00219352 	 0.475215
117551 	 6.9573 	 1.11347 	 140.884 	 6257.43 	 21.1226 	 229.745 	 1.82293e+48 	 4.83462e+17 	 1.54418e+16 	 655 	 0.0746239 	 0.0021479 	 0.47583
118519 	 6.96647 	 1.12785 	 67.1689 	 1445.87 	 0.536434 	 229.214 	 8.10299e+47 	 4.34808e+18 	 3.93073e+14 	 511 	 0.0668387 	 0.00210513 	 0.246316
118789 	 6.96904 	 1.12525 	 140.271 	 6334.4 	 21.5508 	 229.739 	 1.89545e+48 	 4.79618e+17 	 1.57553e+16 	 656 	 0.0768869 	 0.00209558 	 0.478198
120029 	 6.98079 	 1.13185 	 139.027 	 6353.2 	 21.5355 	 230.262 	 1.89965e+48 	 4.86888e+17 	 1.57083e+16 	 657 	 0.0768853 	 0.00204903 	 0.47875
121280 	 6.99259 	 1.13848 	 137.775 	 6370.02 	 21.5033 	 230.783 	 1.90142e+48 	 4.94468e+17 	 1.56494e+16 	 658 	 0.0768064 	 0.00200698 	 0.479269
121979 	 6.99915 	 1.15027 	 65.6604 	 1463.53 	 0.539723 	 230.259 	 8.21446e+47 	 4.47502e+18 	 3.93687e+14 	 510 	 0.0668387 	 0.00197332 	 0.247707
122538 	 7.00442 	 1.15037 	 137.14 	 6442.99 	 21.8966 	 230.775 	 1.97055e+48 	 4.91065e+17 	 1.59362e+16 	 659 	 0.078928 	 0.00195538 	 0.481502
123800 	 7.01627 	 1.15706 	 135.897 	 6457.83 	 21.8468 	 231.29 	 1.96988e+48 	 4.9884e+17 	 1.58646e+16 	 660 	 0.078768 	 0.00191569 	 0.481961
125074 	 7.02817 	 1.16379 	 134.671 	 6472.98 	 21.7997 	 231.802 	 1.96969e+48 	 5.0667e+17 	 1.57953e+16 	 661 	 0.0786208 	 0.00187374 	 0.482388
125493 	 7.03207 	 1.17292 	 64.1725 	 1479.65 	 0.541584 	 231.286 	 8.31679e+47 	 4.61018e+18 	 3.93291e+14 	 509 	 0.0668387 	 0.00185428 	 0.249004
126351 	 7.0401 	 1.17578 	 134.022 	 6542.4 	 22.1616 	 231.793 	 2.03559e+48 	 5.03641e+17 	 1.60582e+16 	 662 	 0.0806119 	 0.00182917 	 0.484493
127637 	 7.05206 	 1.18257 	 132.791 	 6554.08 	 22.0846 	 232.299 	 2.03097e+48 	 5.11849e+17 	 1.59676e+16 	 663 	 0.0803252 	 0.00179252 	 0.484864
128932 	 7.06406 	 1.1894 	 131.57 	 6565.4 	 22.0049 	 232.803 	 2.02596e+48 	 5.202e+17 	 1.58755e+16 	 664 	 0.0800257 	 0.00175374 	 0.485203
129061 	 7.06525 	 1.19582 	 62.7235 	 1495.12 	 0.542833 	 232.294 	 8.41485e+47 	 4.74982e+18 	 3.92487e+14 	 508 	 0.0668387 	 0.00174366 	 0.250209
130230 	 7.07608 	 1.20148 	 130.924 	 6632.56 	 22.346 	 232.793 	 2.08994e+48 	 5.17385e+17 	 1.61223e+16 	 665 	 0.0819312 	 0.00171251 	 0.487187
131537 	 7.08814 	 1.20837 	 129.714 	 6641.94 	 22.2497 	 233.291 	 2.08242e+48 	 5.25946e+17 	 1.60185e+16 	 666 	 0.0815527 	 0.00167582 	 0.487473
132684 	 7.09868 	 1.22414 	 60.7979 	 1484.7 	 0.519971 	 232.791 	 8.34884e+47 	 4.97709e+18 	 3.75154e+14 	 507 	 0.0668387 	 0.00164079 	 0.249336
132854 	 7.10024 	 1.22053 	 129.053 	 6706.68 	 22.5692 	 233.284 	 2.14414e+48 	 5.2348e+17 	 1.62491e+16 	 667 	 0.0833675 	 0.0016366 	 0.489361
134173 	 7.11237 	 1.22748 	 127.847 	 6713.3 	 22.4497 	 233.776 	 2.13297e+48 	 5.32357e+17 	 1.61291e+16 	 668 	 0.0828779 	 0.00160457 	 0.489596
135502 	 7.12453 	 1.23446 	 126.668 	 6721.28 	 22.3422 	 234.265 	 2.12376e+48 	 5.41185e+17 	 1.60183e+16 	 669 	 0.0824453 	 0.0015706 	 0.489803
136363 	 7.13237 	 1.24754 	 59.428 	 1498.3 	 0.519795 	 233.773 	 8.43533e+47 	 5.13118e+18 	 3.73453e+14 	 506 	 0.0668387 	 0.001545 	 0.250411
136839 	 7.13673 	 1.24672 	 125.986 	 6780.99 	 22.6179 	 234.258 	 2.1794e+48 	 5.39252e+17 	 1.62164e+16 	 670 	 0.0840584 	 0.00153426 	 0.491579
138181 	 7.14895 	 1.25377 	 124.826 	 6787.86 	 22.5014 	 234.741 	 2.16876e+48 	 5.48213e+17 	 1.60997e+16 	 671 	 0.0835816 	 0.00150208 	 0.491737
139533 	 7.16122 	 1.26085 	 123.656 	 6792.12 	 22.3642 	 235.223 	 2.15477e+48 	 5.57608e+17 	 1.59687e+16 	 672 	 0.0830058 	 0.00147312 	 0.491868
140100 	 7.16635 	 1.27123 	 58.083 	 1510.79 	 0.518665 	 234.737 	 8.51495e+47 	 5.29303e+18 	 3.7111e+14 	 505 	 0.0668387 	 0.00145568 	 0.251402
140890 	 7.17351 	 1.27321 	 122.976 	 6849 	 22.6145 	 235.214 	 2.20709e+48 	 5.55951e+17 	 1.61481e+16 	 673 	 0.0845028 	 0.00143699 	 0.493537
142253 	 7.18583 	 1.28036 	 121.833 	 6853 	 22.4757 	 235.689 	 2.19281e+48 	 5.65391e+17 	 1.60166e+16 	 674 	 0.0839173 	 0.00140957 	 0.493622
143628 	 7.1982 	 1.28754 	 120.679 	 6854.39 	 22.3168 	 236.163 	 2.17524e+48 	 5.75282e+17 	 1.58714e+16 	 675 	 0.0832354 	 0.00138273 	 0.49368
143898 	 7.20063 	 1.29522 	 56.779 	 1523.04 	 0.517356 	 235.684 	 8.59266e+47 	 5.45826e+18 	 3.68686e+14 	 504 	 0.0668387 	 0.00137232 	 0.252312
145005 	 7.21059 	 1.3 	 120.009 	 6909.09 	 22.5475 	 236.154 	 2.22494e+48 	 5.73822e+17 	 1.60361e+16 	 676 	 0.0846405 	 0.00134917 	 0.495249
146391 	 7.22302 	 1.30724 	 118.875 	 6909.41 	 22.3808 	 236.621 	 2.20601e+48 	 5.83871e+17 	 1.58862e+16 	 677 	 0.0839189 	 0.00132374 	 0.495263
147757 	 7.23521 	 1.32469 	 55.0602 	 1510.07 	 0.494168 	 236.152 	 8.51068e+47 	 5.72217e+18 	 3.51464e+14 	 503 	 0.0668387 	 0.00129227 	 0.2513
147788 	 7.23549 	 1.31978 	 118.198 	 6961.84 	 22.5917 	 236.615 	 2.25305e+48 	 5.82735e+17 	 1.60363e+16 	 678 	 0.0852323 	 0.00129173 	 0.496751
149186 	 7.24798 	 1.32708 	 117.084 	 6961.11 	 22.4178 	 237.077 	 2.23279e+48 	 5.9295e+17 	 1.58818e+16 	 679 	 0.0844726 	 0.00126762 	 0.496723
150595 	 7.26051 	 1.33442 	 115.968 	 6958.65 	 22.2315 	 237.538 	 2.21049e+48 	 6.03533e+17 	 1.57193e+16 	 680 	 0.0836535 	 0.00124402 	 0.496671
151676 	 7.27009 	 1.34926 	 53.8189 	 1520.32 	 0.491516 	 237.075 	 8.57598e+47 	 5.90612e+18 	 3.48217e+14 	 502 	 0.0668387 	 0.00121961 	 0.252095
152012 	 7.27308 	 1.34706 	 115.298 	 7008.59 	 22.4209 	 237.531 	 2.2543e+48 	 6.0264e+17 	 1.58537e+16 	 681 	 0.0848621 	 0.00121423 	 0.498065
153433 	 7.28567 	 1.35446 	 114.202 	 7005.1 	 22.2281 	 237.986 	 2.23075e+48 	 6.13404e+17 	 1.56873e+16 	 682 	 0.0840078 	 0.00119184 	 0.497972
154864 	 7.29831 	 1.3619 	 113.119 	 7001.66 	 22.0375 	 238.439 	 2.2076e+48 	 6.24315e+17 	 1.55232e+16 	 683 	 0.083165 	 0.00116794 	 0.497857
155660 	 7.30531 	 1.37417 	 52.6016 	 1529.62 	 0.488154 	 237.982 	 8.63537e+47 	 6.0985e+18 	 3.44517e+14 	 501 	 0.0668387 	 0.00115161 	 0.252814
156302 	 7.31098 	 1.37464 	 112.435 	 7046.27 	 22.1835 	 238.431 	 2.24433e+48 	 6.24053e+17 	 1.56266e+16 	 684 	 0.0841607 	 0.00114217 	 0.499161
157746 	 7.32367 	 1.38215 	 111.371 	 7041.84 	 21.9871 	 238.878 	 2.22006e+48 	 6.35158e+17 	 1.54593e+16 	 685 	 0.0832866 	 0.00112136 	 0.499007
159200 	 7.33642 	 1.38969 	 110.298 	 7034.84 	 21.7727 	 239.324 	 2.19273e+48 	 6.4678e+17 	 1.528e+16 	 686 	 0.082325 	 0.0010991 	 0.498831
159710 	 7.34087 	 1.39941 	 51.4156 	 1538.45 	 0.484484 	 238.873 	 8.69153e+47 	 6.29685e+18 	 3.4065e+14 	 500 	 0.0668387 	 0.00108791 	 0.253462
160659 	 7.34918 	 1.40253 	 109.634 	 7078.39 	 21.9096 	 239.315 	 2.22805e+48 	 6.46597e+17 	 1.53766e+16 	 687 	 0.0832725 	 0.0010751 	 0.500049
162125 	 7.36199 	 1.41014 	 108.588 	 7071.31 	 21.6971 	 239.756 	 2.20087e+48 	 6.58305e+17 	 1.51995e+16 	 688 	 0.0823166 	 0.00105394 	 0.499836
163602 	 7.37483 	 1.41779 	 107.548 	 7063.5 	 21.4811 	 240.195 	 2.17313e+48 	 6.70292e+17 	 1.50207e+16 	 689 	 0.0813444 	 0.001035 	 0.499602
163826 	 7.37677 	 1.425 	 50.2415 	 1545.69 	 0.47964 	 239.75 	 8.73812e+47 	 6.50852e+18 	 3.36011e+14 	 499 	 0.0668387 	 0.00102821 	 0.25404
165083 	 7.38771 	 1.43074 	 106.882 	 7103.12 	 21.5873 	 240.185 	 2.20325e+48 	 6.70599e+17 	 1.50956e+16 	 690 	 0.0821377 	 0.0010109 	 0.500738
166572 	 7.40062 	 1.43845 	 105.861 	 7094.36 	 21.3669 	 240.619 	 2.17458e+48 	 6.82813e+17 	 1.49145e+16 	 691 	 0.0811404 	 0.000992895 	 0.500469
168011 	 7.41304 	 1.45615 	 48.7555 	 1530.93 	 0.45743 	 240.183 	 8.6442e+47 	 6.82056e+18 	 3.19875e+14 	 498 	 0.0668387 	 0.000972209 	 0.252871
168072 	 7.41357 	 1.45148 	 105.194 	 7131.9 	 21.4569 	 240.613 	 2.20208e+48 	 6.83456e+17 	 1.49777e+16 	 692 	 0.0818521 	 0.0009715 	 0.501539
169575 	 7.42655 	 1.45925 	 104.184 	 7121.26 	 21.2253 	 241.041 	 2.17131e+48 	 6.96048e+17 	 1.47897e+16 	 693 	 0.0807969 	 0.000952736 	 0.501235
171088 	 7.43957 	 1.46707 	 103.181 	 7109.94 	 20.9913 	 241.468 	 2.14014e+48 	 7.08936e+17 	 1.46008e+16 	 694 	 0.0797303 	 0.00093596 	 0.500912
172265 	 7.44966 	 1.48244 	 47.6501 	 1537.28 	 0.452381 	 241.038 	 8.68476e+47 	 7.04943e+18 	 3.15222e+14 	 497 	 0.0668387 	 0.000919651 	 0.25335
172609 	 7.45262 	 1.4802 	 102.53 	 7146.05 	 21.0708 	 241.461 	 2.16574e+48 	 7.09743e+17 	 1.46565e+16 	 695 	 0.080384 	 0.000914419 	 0.501906
174135 	 7.46571 	 1.48808 	 101.538 	 7132.85 	 20.8262 	 241.883 	 2.13257e+48 	 7.23037e+17 	 1.44611e+16 	 696 	 0.0792623 	 0.000898464 	 0.50155
175671 	 7.47884 	 1.49601 	 100.552 	 7119.01 	 20.5797 	 242.303 	 2.09912e+48 	 7.36645e+17 	 1.42652e+16 	 697 	 0.0781323 	 0.000882816 	 0.501175
176590 	 7.48666 	 1.50911 	 46.5588 	 1542.3 	 0.446461 	 241.879 	 8.71722e+47 	 7.29209e+18 	 3.10016e+14 	 496 	 0.0668387 	 0.000868789 	 0.253763
177215 	 7.49201 	 1.50925 	 99.9112 	 7152.6 	 20.6412 	 242.295 	 2.12145e+48 	 7.37795e+17 	 1.43083e+16 	 698 	 0.0786905 	 0.000862668 	 0.502095
178765 	 7.5052 	 1.51724 	 98.9428 	 7137.84 	 20.3918 	 242.711 	 2.08731e+48 	 7.51688e+17 	 1.41112e+16 	 699 	 0.0775429 	 0.000847777 	 0.501689
180325 	 7.51844 	 1.52528 	 97.9811 	 7122.47 	 20.141 	 243.125 	 2.05298e+48 	 7.65907e+17 	 1.39139e+16 	 700 	 0.0763896 	 0.000831747 	 0.501265
180988 	 7.52406 	 1.53618 	 45.5077 	 1547.76 	 0.440983 	 242.706 	 8.75165e+47 	 7.5364e+18 	 3.05168e+14 	 495 	 0.0668387 	 0.000822453 	 0.254115
181891 	 7.53172 	 1.53863 	 97.3414 	 7152.41 	 20.1774 	 243.116 	 2.07076e+48 	 7.67606e+17 	 1.39395e+16 	 701 	 0.0768166 	 0.000814307 	 0.502114
183464 	 7.54503 	 1.54673 	 96.4035 	 7137.14 	 19.9312 	 243.525 	 2.03706e+48 	 7.81974e+17 	 1.37463e+16 	 702 	 0.075683 	 0.0008004 	 0.50166
185049 	 7.55839 	 1.55488 	 95.472 	 7121.3 	 19.684 	 243.933 	 2.00323e+48 	 7.96671e+17 	 1.35532e+16 	 703 	 0.0745454 	 0.000785405 	 0.501188
185461 	 7.56185 	 1.56364 	 44.4646 	 1551.57 	 0.434449 	 243.52 	 8.77615e+47 	 7.798e+18 	 2.99641e+14 	 494 	 0.0668387 	 0.00077887 	 0.254405
186637 	 7.57177 	 1.56835 	 94.8461 	 7149.45 	 19.7091 	 243.924 	 2.01882e+48 	 7.98652e+17 	 1.3571e+16 	 704 	 0.0749089 	 0.000769081 	 0.501969
188235 	 7.5852 	 1.57656 	 93.9179 	 7130.74 	 19.4463 	 244.327 	 1.98214e+48 	 8.14016e+17 	 1.33679e+16 	 705 	 0.0736919 	 0.000754781 	 0.501468
189844 	 7.59867 	 1.58482 	 93.0029 	 7112.49 	 19.1899 	 244.728 	 1.94662e+48 	 8.29563e+17 	 1.317e+16 	 706 	 0.0725078 	 0.000742045 	 0.500951
190010 	 7.60006 	 1.59151 	 43.4428 	 1554.63 	 0.427542 	 244.32 	 8.79588e+47 	 8.07101e+18 	 2.93911e+14 	 493 	 0.0668387 	 0.00073785 	 0.254637
191456 	 7.61217 	 1.59841 	 92.3895 	 7138.71 	 19.2034 	 244.719 	 1.95992e+48 	 8.31875e+17 	 1.31798e+16 	 707 	 0.0728054 	 0.000726751 	 0.501667
193078 	 7.62571 	 1.60674 	 91.4841 	 7118.59 	 18.9388 	 245.115 	 1.92285e+48 	 8.47959e+17 	 1.29771e+16 	 708 	 0.0715787 	 0.000713358 	 0.501122
194637 	 7.63869 	 1.62501 	 42.1718 	 1537.21 	 0.40644 	 244.715 	 8.68523e+47 	 8.46296e+18 	 2.78954e+14 	 492 	 0.0668387 	 0.000699225 	 0.253304
194711 	 7.6393 	 1.62041 	 90.866 	 7142 	 18.9343 	 245.109 	 1.93295e+48 	 8.50837e+17 	 1.29744e+16 	 709 	 0.0717832 	 0.000698696 	 0.501784
196347 	 7.65292 	 1.62881 	 89.9829 	 7122.05 	 18.6755 	 245.501 	 1.89674e+48 	 8.67122e+17 	 1.27766e+16 	 710 	 0.0705825 	 0.000685913 	 0.501212
197994 	 7.66658 	 1.63726 	 89.1126 	 7102.63 	 18.4234 	 245.892 	 1.86177e+48 	 8.83586e+17 	 1.25841e+16 	 711 	 0.0694168 	 0.000674548 	 0.500624
199343 	 7.67774 	 1.65372 	 41.2061 	 1539.44 	 0.39956 	 245.497 	 8.69945e+47 	 8.75978e+18 	 2.73358e+14 	 491 	 0.0668387 	 0.000662835 	 0.253451
199651 	 7.68029 	 1.65105 	 88.5054 	 7123.91 	 18.4071 	 245.885 	 1.86954e+48 	 8.86889e+17 	 1.25734e+16 	 712 	 0.0695549 	 0.000659648 	 0.501224
201312 	 7.69403 	 1.65958 	 87.6438 	 7102.63 	 18.1477 	 246.271 	 1.83317e+48 	 9.03948e+17 	 1.23767e+16 	 713 	 0.0683507 	 0.000648806 	 0.500611
202984 	 7.70782 	 1.66814 	 86.7822 	 7079.84 	 17.882 	 246.656 	 1.79583e+48 	 9.216e+17 	 1.21765e+16 	 714 	 0.067118 	 0.00063816 	 0.499982
204130 	 7.71724 	 1.68287 	 40.256 	 1540.69 	 0.392207 	 246.266 	 8.70761e+47 	 9.07207e+18 	 2.6749e+14 	 490 	 0.0668387 	 0.000627433 	 0.253544
204665 	 7.72165 	 1.68206 	 86.1848 	 7098.83 	 17.8538 	 246.648 	 1.80122e+48 	 9.25394e+17 	 1.21576e+16 	 715 	 0.0671887 	 0.00062416 	 0.500523
206352 	 7.73551 	 1.6907 	 85.3443 	 7076.26 	 17.5945 	 247.029 	 1.78768e+48 	 9.43285e+17 	 1.19626e+16 	 716 	 0.0668387 	 0.000613998 	 0.499869
208050 	 7.74942 	 1.6994 	 84.5037 	 7052.19 	 17.3295 	 247.408 	 1.78318e+48 	 9.61801e+17 	 1.17644e+16 	 717 	 0.0668387 	 0.000602966 	 0.4992
209001 	 7.75719 	 1.71248 	 39.3337 	 1541.93 	 0.385019 	 247.024 	 8.71523e+47 	 9.39197e+18 	 2.61783e+14 	 489 	 0.0668387 	 0.000595126 	 0.253583
209755 	 7.76337 	 1.71344 	 83.9214 	 7069.85 	 17.2958 	 247.4 	 1.78647e+48 	 9.65931e+17 	 1.17419e+16 	 718 	 0.0668387 	 0.000590853 	 0.499683
211468 	 7.77736 	 1.72221 	 83.0951 	 7044.96 	 17.0309 	 247.774 	 1.78181e+48 	 9.84929e+17 	 1.15446e+16 	 719 	 0.0668387 	 0.000581322 	 0.498991
213192 	 7.7914 	 1.73103 	 82.2812 	 7020.73 	 16.7735 	 248.148 	 1.77734e+48 	 1.00413e+18 	 1.1353e+16 	 720 	 0.0668387 	 0.000570959 	 0.498284
213957 	 7.79761 	 1.74255 	 38.4208 	 1541.78 	 0.377146 	 247.769 	 8.7145e+47 	 9.73265e+18 	 2.55658e+14 	 488 	 0.0668387 	 0.000564637 	 0.25357
214923 	 7.80548 	 1.7452 	 81.7067 	 7035.9 	 16.7279 	 248.14 	 1.78015e+48 	 1.00888e+18 	 1.13225e+16 	 721 	 0.0668387 	 0.000559572 	 0.498711
216662 	 7.8196 	 1.7541 	 80.9066 	 7010.87 	 16.4709 	 248.509 	 1.77552e+48 	 1.02859e+18 	 1.1132e+16 	 722 	 0.0668387 	 0.00054966 	 0.497981
218412 	 7.83377 	 1.76304 	 80.1064 	 6984.37 	 16.2089 	 248.877 	 1.77055e+48 	 1.049e+18 	 1.09388e+16 	 723 	 0.0668387 	 0.000540885 	 0.497237
218999 	 7.83851 	 1.7731 	 37.5235 	 1540.75 	 0.368931 	 248.503 	 8.70826e+47 	 1.00908e+19 	 2.49351e+14 	 487 	 0.0668387 	 0.000535851 	 0.253507
220169 	 7.84798 	 1.77735 	 79.5448 	 6998.02 	 16.1577 	 248.868 	 1.77311e+48 	 1.0542e+18 	 1.09046e+16 	 724 	 0.0668387 	 0.000530172 	 0.497611
221934 	 7.86224 	 1.78638 	 78.7579 	 6970.72 	 15.8965 	 249.232 	 1.76798e+48 	 1.07516e+18 	 1.07126e+16 	 725 	 0.0668387 	 0.000520852 	 0.496845
223712 	 7.87654 	 1.79546 	 77.9831 	 6944.15 	 15.6431 	 249.594 	 1.76305e+48 	 1.09635e+18 	 1.05265e+16 	 726 	 0.0668387 	 0.000512608 	 0.496065
224130 	 7.8799 	 1.80414 	 36.6536 	 1539.84 	 0.360999 	 249.226 	 8.7023e+47 	 1.04572e+19 	 2.43282e+14 	 486 	 0.0668387 	 0.000508659 	 0.253395
225495 	 7.89089 	 1.80989 	 77.4273 	 6955.08 	 15.58 	 249.585 	 1.76505e+48 	 1.10233e+18 	 1.04844e+16 	 727 	 0.0668387 	 0.000501635 	 0.496386
227288 	 7.90528 	 1.81906 	 76.6654 	 6927.74 	 15.3276 	 249.944 	 1.75997e+48 	 1.12411e+18 	 1.02998e+16 	 728 	 0.0668387 	 0.000493752 	 0.495585
229092 	 7.91972 	 1.82828 	 75.9032 	 6898.94 	 15.0708 	 250.301 	 1.75453e+48 	 1.14667e+18 	 1.01128e+16 	 729 	 0.0668387 	 0.000486003 	 0.494771
229352 	 7.9218 	 1.83568 	 35.799 	 1538.11 	 0.352799 	 249.937 	 8.6913e+47 	 1.08417e+19 	 2.37079e+14 	 485 	 0.0668387 	 0.000482963 	 0.253236
230902 	 7.9342 	 1.84285 	 75.3646 	 6909.28 	 15.0082 	 250.292 	 1.75651e+48 	 1.15297e+18 	 1.00711e+16 	 730 	 0.0668387 	 0.000475657 	 0.495041
232723 	 7.94873 	 1.85216 	 74.6148 	 6879.69 	 14.7526 	 250.645 	 1.75091e+48 	 1.17617e+18 	 9.88572e+15 	 731 	 0.0668387 	 0.000468244 	 0.494206
234556 	 7.96332 	 1.86152 	 73.8768 	 6850.92 	 14.5051 	 250.996 	 1.74553e+48 	 1.19962e+18 	 9.70624e+15 	 732 	 0.0668387 	 0.000460138 	 0.493358
234668 	 7.96421 	 1.86773 	 34.9596 	 1535.61 	 0.34437 	 250.638 	 8.67545e+47 	 1.12453e+19 	 2.30768e+14 	 484 	 0.0668387 	 0.000457853 	 0.253029
236393 	 7.97794 	 1.87623 	 73.3483 	 6859.46 	 14.4368 	 250.987 	 1.74718e+48 	 1.20658e+18 	 9.66086e+15 	 733 	 0.0668387 	 0.000451194 	 0.493579
238242 	 7.99262 	 1.88568 	 72.6161 	 6828.78 	 14.1847 	 251.335 	 1.74135e+48 	 1.23102e+18 	 9.47906e+15 	 734 	 0.0668387 	 0.000444217 	 0.492711
240077 	 8.00714 	 1.90554 	 33.9513 	 1515.85 	 0.326335 	 250.983 	 8.54996e+47 	 1.1795e+19 	 2.18381e+14 	 483 	 0.0668387 	 0.000434914 	 0.251487
240103 	 8.00735 	 1.90051 	 72.0846 	 6834.74 	 14.1051 	 251.328 	 1.74244e+48 	 1.23889e+18 	 9.4261e+15 	 735 	 0.0668387 	 0.000434821 	 0.492892
241968 	 8.02211 	 1.91005 	 71.3821 	 6806.72 	 13.8723 	 251.672 	 1.73732e+48 	 1.26312e+18 	 9.25785e+15 	 736 	 0.0668387 	 0.000428142 	 0.492004
243846 	 8.03694 	 1.91964 	 70.661 	 6773.82 	 13.6183 	 252.015 	 1.73096e+48 	 1.28921e+18 	 9.07596e+15 	 737 	 0.0668387 	 0.00042082 	 0.491104
245584 	 8.05062 	 1.93865 	 33.1535 	 1512.51 	 0.31813 	 251.668 	 8.52884e+47 	 1.22382e+19 	 2.12311e+14 	 482 	 0.0668387 	 0.000413211 	 0.251214
245736 	 8.05182 	 1.93462 	 70.1563 	 6781.28 	 13.5504 	 252.008 	 1.73254e+48 	 1.29692e+18 	 9.03099e+15 	 738 	 0.0668387 	 0.0004127 	 0.491238
247630 	 8.06673 	 1.9443 	 69.4463 	 6747.59 	 13.2982 	 252.347 	 1.72601e+48 	 1.32381e+18 	 8.851e+15 	 739 	 0.0668387 	 0.000405679 	 0.490319
249537 	 8.08171 	 1.95405 	 68.7538 	 6715.95 	 13.0599 	 252.684 	 1.72001e+48 	 1.35065e+18 	 8.68076e+15 	 740 	 0.0668387 	 0.000399501 	 0.489388
251189 	 8.09464 	 1.97231 	 32.371 	 1508.54 	 0.309821 	 252.343 	 8.50377e+47 	 1.27022e+19 	 2.06214e+14 	 481 	 0.0668387 	 0.000392668 	 0.250896
251456 	 8.09674 	 1.96918 	 68.2448 	 6719.04 	 12.9748 	 252.678 	 1.72059e+48 	 1.35995e+18 	 8.62443e+15 	 741 	 0.0668387 	 0.000391834 	 0.489476
253381 	 8.11181 	 1.97902 	 67.5689 	 6687.81 	 12.7439 	 253.011 	 1.71472e+48 	 1.38727e+18 	 8.4598e+15 	 742 	 0.0668387 	 0.000385209 	 0.488527
255318 	 8.12694 	 1.98892 	 66.8923 	 6655.16 	 12.5099 	 253.344 	 1.70849e+48 	 1.4156e+18 	 8.29353e+15 	 743 	 0.0668387 	 0.000379385 	 0.487566
256897 	 8.13924 	 2.00655 	 31.6037 	 1503.96 	 0.301435 	 253.007 	 8.47488e+47 	 1.31882e+19 	 2.00105e+14 	 480 	 0.0668387 	 0.000373215 	 0.250536
257267 	 8.14213 	 2.00421 	 66.3963 	 6657.3 	 12.4247 	 253.337 	 1.70892e+48 	 1.42556e+18 	 8.23731e+15 	 744 	 0.0668387 	 0.000371468 	 0.48761
259222 	 8.15736 	 2.0142 	 65.7299 	 6623.89 	 12.1927 	 253.666 	 1.70252e+48 	 1.45481e+18 	 8.07299e+15 	 745 	 0.0668387 	 0.000365886 	 0.486631
261190 	 8.17265 	 2.02426 	 65.0747 	 6591.43 	 11.9686 	 253.994 	 1.69636e+48 	 1.48434e+18 	 7.91439e+15 	 746 	 0.0668387 	 0.000360393 	 0.485641
262708 	 8.18442 	 2.04137 	 30.8572 	 1499.35 	 0.293268 	 253.661 	 8.44545e+47 	 1.36896e+19 	 1.94181e+14 	 479 	 0.0668387 	 0.000354143 	 0.250135
263169 	 8.188 	 2.03971 	 64.5848 	 6591.35 	 11.8779 	 253.987 	 1.69632e+48 	 1.49545e+18 	 7.85463e+15 	 747 	 0.0668387 	 0.000352903 	 0.485642
265155 	 8.2034 	 2.04988 	 63.9452 	 6559.34 	 11.6612 	 254.311 	 1.6903e+48 	 1.52554e+18 	 7.70149e+15 	 748 	 0.0668387 	 0.000347636 	 0.484635
267155 	 8.21886 	 2.0601 	 63.2932 	 6523.54 	 11.4311 	 254.634 	 1.6833e+48 	 1.5576e+18 	 7.53997e+15 	 749 	 0.0668387 	 0.000341828 	 0.483617
268625 	 8.2302 	 2.07678 	 30.12 	 1493.65 	 0.284812 	 254.306 	 8.40957e+47 	 1.42218e+19 	 1.88104e+14 	 478 	 0.0668387 	 0.000336711 	 0.249692
269165 	 8.23437 	 2.07572 	 62.8146 	 6522.35 	 11.3402 	 254.626 	 1.68307e+48 	 1.56958e+18 	 7.48022e+15 	 750 	 0.0668387 	 0.000335362 	 0.483575
271183 	 8.24994 	 2.08605 	 62.1836 	 6488.18 	 11.1229 	 254.946 	 1.6765e+48 	 1.60186e+18 	 7.32769e+15 	 751 	 0.0668387 	 0.000330389 	 0.48254
273215 	 8.26556 	 2.09644 	 61.5633 	 6455.03 	 10.9133 	 255.264 	 1.6702e+48 	 1.63444e+18 	 7.18066e+15 	 752 	 0.0668387 	 0.000324899 	 0.481494
274652 	 8.27659 	 2.11281 	 29.4032 	 1487.98 	 0.276617 	 254.941 	 8.37353e+47 	 1.47706e+19 	 1.82237e+14 	 477 	 0.0668387 	 0.000320189 	 0.249209
275258 	 8.28125 	 2.11223 	 61.0895 	 6451.46 	 10.8171 	 255.257 	 1.66944e+48 	 1.64785e+18 	 7.11752e+15 	 753 	 0.0668387 	 0.00031878 	 0.481412
277308 	 8.29699 	 2.12273 	 60.4783 	 6417.56 	 10.6096 	 255.571 	 1.66296e+48 	 1.68156e+18 	 6.97245e+15 	 754 	 0.0668387 	 0.000313506 	 0.48035
279373 	 8.31279 	 2.1333 	 59.8661 	 6382.28 	 10.3998 	 255.885 	 1.65611e+48 	 1.71654e+18 	 6.82618e+15 	 755 	 0.0668387 	 0.000308889 	 0.479277
280789 	 8.32361 	 2.14946 	 28.701 	 1481.84 	 0.268444 	 255.567 	 8.33451e+47 	 1.53444e+19 	 1.76419e+14 	 476 	 0.0668387 	 0.000304521 	 0.248688
281449 	 8.32866 	 2.14927 	 59.4135 	 6379.91 	 10.3133 	 255.878 	 1.65574e+48 	 1.73007e+18 	 6.76957e+15 	 756 	 0.0668387 	 0.000303096 	 0.479155
283533 	 8.34457 	 2.15995 	 58.81 	 6343.88 	 10.1057 	 256.188 	 1.64871e+48 	 1.76628e+18 	 6.62531e+15 	 757 	 0.0668387 	 0.000298105 	 0.478066
285631 	 8.36056 	 2.1707 	 58.2055 	 6306.45 	 9.89609 	 256.497 	 1.6413e+48 	 1.80389e+18 	 6.48006e+15 	 758 	 0.0668387 	 0.000293742 	 0.476968
287041 	 8.37127 	 2.18676 	 28.0134 	 1475.25 	 0.260314 	 256.183 	 8.29267e+47 	 1.59441e+19 	 1.70665e+14 	 475 	 0.0668387 	 0.000289662 	 0.248128
287741 	 8.37661 	 2.18686 	 57.7676 	 6304.02 	 9.8138 	 256.489 	 1.641e+48 	 1.81806e+18 	 6.42636e+15 	 759 	 0.0668387 	 0.00028772 	 0.476806
289860 	 8.39271 	 2.19772 	 57.1827 	 6268.3 	 9.61611 	 256.795 	 1.63405e+48 	 1.85594e+18 	 6.28941e+15 	 760 	 0.0668387 	 0.000283529 	 0.475691
291992 	 8.40888 	 2.20865 	 56.6024 	 6232.44 	 9.42108 	 257.099 	 1.62705e+48 	 1.89471e+18 	 6.15456e+15 	 761 	 0.0668387 	 0.000279402 	 0.474568
293410 	 8.4196 	 2.22472 	 27.3295 	 1467.1 	 0.251753 	 256.79 	 8.24174e+47 	 1.65903e+19 	 1.64662e+14 	 474 	 0.0668387 	 0.000275049 	 0.24753
294137 	 8.42511 	 2.225 	 56.1559 	 6224.94 	 9.32402 	 257.092 	 1.6255e+48 	 1.91186e+18 	 6.09132e+15 	 762 	 0.0668387 	 0.000273691 	 0.474368
296291 	 8.44141 	 2.23605 	 55.5891 	 6189.58 	 9.13602 	 257.393 	 1.61863e+48 	 1.9515e+18 	 5.96152e+15 	 763 	 0.0668387 	 0.000269727 	 0.473228
298459 	 8.45777 	 2.24718 	 55.0156 	 6151.58 	 8.94152 	 257.693 	 1.61107e+48 	 1.99329e+18 	 5.82781e+15 	 764 	 0.0668387 	 0.000265326 	 0.47208
299898 	 8.46861 	 2.26336 	 26.6652 	 1459.09 	 0.243528 	 257.388 	 8.19142e+47 	 1.72567e+19 	 1.58912e+14 	 473 	 0.0668387 	 0.000261691 	 0.246896
300639 	 8.4742 	 2.26372 	 54.5824 	 6143.88 	 8.84865 	 257.686 	 1.60953e+48 	 2.01141e+18 	 5.76745e+15 	 765 	 0.0668387 	 0.000260403 	 0.471842
302829 	 8.49069 	 2.27497 	 54.0444 	 6111.41 	 8.67905 	 257.982 	 1.60341e+48 	 2.05164e+18 	 5.6504e+15 	 766 	 0.0668387 	 0.00025617 	 0.470678
305033 	 8.50725 	 2.28629 	 53.4884 	 6073.81 	 8.4941 	 258.278 	 1.59593e+48 	 2.09537e+18 	 5.52366e+15 	 767 	 0.0668387 	 0.00025248 	 0.469505
306509 	 8.51831 	 2.3027 	 26.0205 	 1451.32 	 0.235653 	 257.977 	 8.14213e+47 	 1.79424e+19 	 1.53422e+14 	 472 	 0.0668387 	 0.000249011 	 0.246225
307251 	 8.52388 	 2.30303 	 53.0567 	 6063.36 	 8.39637 	 258.271 	 1.59374e+48 	 2.11582e+18 	 5.46026e+15 	 768 	 0.0668387 	 0.00024781 	 0.469231
309477 	 8.54057 	 2.31449 	 52.5136 	 6026.26 	 8.2183 	 258.563 	 1.58639e+48 	 2.16062e+18 	 5.33842e+15 	 769 	 0.0668387 	 0.000243796 	 0.468044
311719 	 8.55734 	 2.32601 	 51.9746 	 5989.05 	 8.04287 	 258.854 	 1.579e+48 	 2.20649e+18 	 5.21859e+15 	 770 	 0.0668387 	 0.000240302 	 0.466847
313245 	 8.56873 	 2.34276 	 25.3844 	 1442.61 	 0.227653 	 258.558 	 8.08736e+47 	 1.86702e+19 	 1.47881e+14 	 471 	 0.0668387 	 0.00023652 	 0.24552
313974 	 8.57418 	 2.34297 	 51.566 	 5980.85 	 7.95758 	 258.847 	 1.57745e+48 	 2.22679e+18 	 5.16339e+15 	 771 	 0.0668387 	 0.000235424 	 0.466537
316239 	 8.59108 	 2.35463 	 51.0285 	 5941.61 	 7.78029 	 259.135 	 1.56952e+48 	 2.2752e+18 	 5.04275e+15 	 772 	 0.0668387 	 0.000232064 	 0.465326
318519 	 8.60806 	 2.36637 	 50.5061 	 5904.83 	 7.61403 	 259.422 	 1.56222e+48 	 2.3233e+18 	 4.92953e+15 	 773 	 0.0668387 	 0.000228753 	 0.464107
320111 	 8.61988 	 2.38354 	 24.7674 	 1434.2 	 0.220023 	 259.13 	 8.03402e+47 	 1.94183e+19 	 1.42609e+14 	 470 	 0.0668387 	 0.000225103 	 0.24478
320813 	 8.62511 	 2.38353 	 50.1088 	 5896.31 	 7.53215 	 259.415 	 1.56064e+48 	 2.34486e+18 	 4.87664e+15 	 774 	 0.0668387 	 0.000224118 	 0.463762
323117 	 8.64223 	 2.39541 	 49.5875 	 5857.51 	 7.36404 	 259.698 	 1.5528e+48 	 2.39565e+18 	 4.7626e+15 	 775 	 0.0668387 	 0.000220933 	 0.462528
325437 	 8.65943 	 2.40737 	 49.0812 	 5821.2 	 7.20658 	 259.981 	 1.5456e+48 	 2.44608e+18 	 4.6557e+15 	 776 	 0.0668387 	 0.000217379 	 0.461286
327108 	 8.67179 	 2.42509 	 24.1591 	 1424.92 	 0.212311 	 259.693 	 7.97562e+47 	 2.02118e+19 	 1.37312e+14 	 469 	 0.0668387 	 0.000214256 	 0.244005
327771 	 8.67671 	 2.42476 	 48.6837 	 5809.73 	 7.11992 	 259.974 	 1.54329e+48 	 2.47065e+18 	 4.59983e+15 	 777 	 0.0668387 	 0.00021339 	 0.460907
330115 	 8.69405 	 2.43686 	 48.1674 	 5768.79 	 6.95292 	 260.253 	 1.53485e+48 	 2.52569e+18 	 4.48712e+15 	 778 	 0.0668387 	 0.000209966 	 0.459651
332476 	 8.71147 	 2.44905 	 47.6766 	 5732.95 	 6.80411 	 260.532 	 1.52775e+48 	 2.57864e+18 	 4.3864e+15 	 779 	 0.0668387 	 0.000206995 	 0.458387
334240 	 8.72447 	 2.4674 	 23.5488 	 1413.53 	 0.204086 	 260.249 	 7.9052e+47 	 2.10821e+19 	 1.31711e+14 	 468 	 0.0668387 	 0.000203948 	 0.243198
334851 	 8.72898 	 2.46667 	 47.2893 	 5721.05 	 6.72066 	 260.525 	 1.52537e+48 	 2.60491e+18 	 4.33271e+15 	 780 	 0.0668387 	 0.000203205 	 0.457973
337236 	 8.74655 	 2.479 	 46.799 	 5683.17 	 6.57015 	 260.8 	 1.51771e+48 	 2.66095e+18 	 4.23121e+15 	 781 	 0.0668387 	 0.000199954 	 0.456696
339639 	 8.76421 	 2.49142 	 46.3127 	 5645.24 	 6.4221 	 261.074 	 1.51002e+48 	 2.71837e+18 	 4.13152e+15 	 782 	 0.0668387 	 0.000197135 	 0.45541
341511 	 8.77795 	 2.51051 	 22.9677 	 1403.75 	 0.19672 	 260.796 	 7.84369e+47 	 2.19496e+19 	 1.26691e+14 	 467 	 0.0668387 	 0.000193774 	 0.242358
342056 	 8.78196 	 2.50928 	 45.9242 	 5630.24 	 6.33428 	 261.068 	 1.50684e+48 	 2.74839e+18 	 4.07512e+15 	 783 	 0.0668387 	 0.000193157 	 0.454964
344484 	 8.79977 	 2.52185 	 45.4488 	 5592.85 	 6.19217 	 261.339 	 1.49928e+48 	 2.80733e+18 	 3.97957e+15 	 784 	 0.0668387 	 0.000190443 	 0.453665
346930 	 8.81767 	 2.53451 	 44.9772 	 5555.43 	 6.05242 	 261.609 	 1.49169e+48 	 2.8677e+18 	 3.88574e+15 	 785 	 0.0668387 	 0.000187768 	 0.452358
348924 	 8.83224 	 2.55445 	 22.3947 	 1393.16 	 0.189319 	 261.334 	 7.77744e+47 	 2.28703e+19 	 1.21673e+14 	 466 	 0.0668387 	 0.000184475 	 0.241485
349391 	 8.83566 	 2.55262 	 44.6085 	 5542.54 	 5.97483 	 261.603 	 1.48912e+48 	 2.89784e+18 	 3.83602e+15 	 786 	 0.0668387 	 0.000183983 	 0.451879
351863 	 8.85372 	 2.56544 	 44.137 	 5503.03 	 5.83366 	 261.87 	 1.48095e+48 	 2.96189e+18 	 3.74156e+15 	 787 	 0.0668387 	 0.000181407 	 0.45056
354353 	 8.87188 	 2.57836 	 43.6691 	 5463.49 	 5.69495 	 262.136 	 1.47275e+48 	 3.02756e+18 	 3.64889e+15 	 788 	 0.0668387 	 0.000178517 	 0.449232
356483 	 8.88738 	 2.59922 	 21.8401 	 1383.06 	 0.182331 	 261.865 	 7.71374e+47 	 2.38149e+19 	 1.16945e+14 	 465 	 0.0668387 	 0.000175633 	 0.240581
356859 	 8.89012 	 2.59672 	 43.3089 	 5450.03 	 5.62005 	 262.129 	 1.47005e+48 	 3.05998e+18 	 3.60099e+15 	 789 	 0.0668387 	 0.000175263 	 0.448722
359377 	 8.90844 	 2.6098 	 42.8515 	 5411.05 	 5.48693 	 262.393 	 1.46198e+48 	 3.12745e+18 	 3.51216e+15 	 790 	 0.0668387 	 0.000172477 	 0.447382
361912 	 8.92685 	 2.62297 	 42.4081 	 5374.7 	 5.36279 	 262.655 	 1.45459e+48 	 3.19425e+18 	 3.42928e+15 	 791 	 0.0668387 	 0.000170069 	 0.446034
364193 	 8.94338 	 2.64486 	 21.2937 	 1372.19 	 0.175336 	 262.388 	 7.64568e+47 	 2.48167e+19 	 1.12234e+14 	 464 	 0.0668387 	 0.000167223 	 0.239645
364466 	 8.94536 	 2.6416 	 42.035 	 5355.31 	 5.27719 	 262.648 	 1.45032e+48 	 3.23397e+18 	 3.37462e+15 	 792 	 0.0668387 	 0.000166643 	 0.445493
367030 	 8.96395 	 2.65494 	 41.6016 	 5319.54 	 5.15834 	 262.907 	 1.44307e+48 	 3.30263e+18 	 3.29537e+15 	 793 	 0.0668387 	 0.000164323 	 0.444133
369613 	 8.98263 	 2.66838 	 41.1613 	 5281.07 	 5.03514 	 263.166 	 1.43507e+48 	 3.37549e+18 	 3.21351e+15 	 794 	 0.0668387 	 0.000162034 	 0.442765
372056 	 9.00027 	 2.69138 	 20.7552 	 1360.57 	 0.16835 	 262.903 	 7.57329e+47 	 2.58803e+19 	 1.07551e+14 	 463 	 0.0668387 	 0.000158907 	 0.238679
372214 	 9.00141 	 2.68729 	 40.8167 	 5266.38 	 4.96512 	 263.159 	 1.43208e+48 	 3.41317e+18 	 3.1689e+15 	 795 	 0.0668387 	 0.000158772 	 0.442193
374826 	 9.02027 	 2.70091 	 40.3758 	 5225.8 	 4.84079 	 263.415 	 1.42348e+48 	 3.49074e+18 	 3.08655e+15 	 796 	 0.0668387 	 0.000156566 	 0.440813
377458 	 9.03924 	 2.71463 	 39.9487 	 5187.91 	 4.72491 	 263.669 	 1.41558e+48 	 3.56758e+18 	 3.00976e+15 	 797 	 0.0668387 	 0.000154083 	 0.439426
380077 	 9.05807 	 2.73883 	 20.2248 	 1348.22 	 0.161393 	 263.411 	 7.49674e+47 	 2.70098e+19 	 1.02908e+14 	 462 	 0.0668387 	 0.000151308 	 0.237683
380109 	 9.0583 	 2.73382 	 39.6008 	 5169.81 	 4.65105 	 263.663 	 1.41169e+48 	 3.61119e+18 	 2.96278e+15 	 798 	 0.0668387 	 0.000151282 	 0.438824
382771 	 9.07745 	 2.74772 	 39.1832 	 5132.49 	 4.54013 	 263.914 	 1.40392e+48 	 3.69025e+18 	 2.88937e+15 	 799 	 0.0668387 	 0.000148886 	 0.437425
385453 	 9.0967 	 2.76173 	 38.7585 	 5092.47 	 4.42535 	 264.165 	 1.39539e+48 	 3.77429e+18 	 2.81365e+15 	 800 	 0.0668387 	 0.000146821 	 0.436019
388155 	 9.11606 	 2.77585 	 38.3475 	 5055.15 	 4.31855 	 264.414 	 1.38757e+48 	 3.85743e+18 	 2.74316e+15 	 801 	 0.0668387 	 0.000144785 	 0.434606
388259 	 9.11681 	 2.78197 	 19.7917 	 1347.29 	 0.158168 	 264.159 	 7.49062e+47 	 2.7935e+19 	 1.00566e+14 	 461 	 0.0668387 	 0.000144077 	 0.237547
390869 	 9.13551 	 2.79542 	 38.0124 	 5036.91 	 4.24985 	 264.406 	 1.38364e+48 	 3.90508e+18 	 2.6996e+15 	 802 	 0.0668387 	 0.000141873 	 0.43397
393603 	 9.15506 	 2.80973 	 37.6003 	 4997.46 	 4.14205 	 264.653 	 1.37521e+48 	 3.9939e+18 	 2.62867e+15 	 803 	 0.0668387 	 0.000139909 	 0.432546
396358 	 9.17473 	 2.82416 	 37.2015 	 4960.75 	 4.04187 	 264.898 	 1.3675e+48 	 4.08169e+18 	 2.56272e+15 	 804 	 0.0668387 	 0.000137692 	 0.431114
396609 	 9.17652 	 2.83132 	 19.2821 	 1334.4 	 0.151441 	 264.647 	 7.41069e+47 	 2.91648e+19 	 9.61113e+13 	 460 	 0.0668387 	 0.000136916 	 0.236476
399125 	 9.19448 	 2.84404 	 36.8726 	 4941.71 	 3.97534 	 264.891 	 1.36336e+48 	 4.13351e+18 	 2.5206e+15 	 805 	 0.0668387 	 0.000135195 	 0.430449
401913 	 9.21435 	 2.85866 	 36.4726 	 4902.86 	 3.87417 	 265.133 	 1.35503e+48 	 4.22741e+18 	 2.45421e+15 	 806 	 0.0668387 	 0.000133055 	 0.429006
404722 	 9.23433 	 2.8734 	 36.0757 	 4864.02 	 3.77498 	 265.375 	 1.34667e+48 	 4.32378e+18 	 2.38919e+15 	 807 	 0.0668387 	 0.000131214 	 0.427556
405130 	 9.23722 	 2.88166 	 18.7802 	 1320.81 	 0.144771 	 265.128 	 7.32678e+47 	 3.0473e+19 	 9.17116e+13 	 459 	 0.0668387 	 0.000130375 	 0.235377
407545 	 9.2544 	 2.8936 	 35.7627 	 4846.88 	 3.7158 	 265.368 	 1.34306e+48 	 4.37657e+18 	 2.3518e+15 	 808 	 0.0668387 	 0.000128834 	 0.426862
410389 	 9.27459 	 2.90855 	 35.3745 	 4808.64 	 3.62095 	 265.607 	 1.33484e+48 	 4.47587e+18 	 2.28971e+15 	 809 	 0.0668387 	 0.000126795 	 0.425402
413254 	 9.2949 	 2.92362 	 34.9893 	 4770.42 	 3.52797 	 265.845 	 1.32659e+48 	 4.57777e+18 	 2.22892e+15 	 810 	 0.0668387 	 0.000125043 	 0.423934
413826 	 9.29895 	 2.93304 	 18.3053 	 1309.3 	 0.138911 	 265.601 	 7.25441e+47 	 3.17642e+19 	 8.78419e+13 	 458 	 0.0668387 	 0.000124148 	 0.23425
416135 	 9.31531 	 2.94416 	 34.6815 	 4752.44 	 3.47054 	 265.838 	 1.32275e+48 	 4.63537e+18 	 2.19269e+15 	 811 	 0.0668387 	 0.000122521 	 0.423212
419036 	 9.33584 	 2.95944 	 34.2948 	 4712.05 	 3.37674 	 266.073 	 1.31386e+48 	 4.74458e+18 	 2.13154e+15 	 812 	 0.0668387 	 0.000120831 	 0.421734
421960 	 9.35649 	 2.97485 	 33.921 	 4674.45 	 3.28974 	 266.307 	 1.30573e+48 	 4.85249e+18 	 2.0748e+15 	 813 	 0.0668387 	 0.000118916 	 0.420249
422704 	 9.36174 	 2.98547 	 17.8184 	 1294.38 	 0.132384 	 266.068 	 7.16311e+47 	 3.32406e+19 	 8.35682e+13 	 457 	 0.0668387 	 0.000117972 	 0.233095
424900 	 9.37724 	 2.99574 	 33.6181 	 4655.56 	 3.23399 	 266.3 	 1.30163e+48 	 4.91557e+18 	 2.03969e+15 	 814 	 0.0668387 	 0.000116756 	 0.4195
427861 	 9.39812 	 3.01137 	 33.2426 	 4615.79 	 3.14619 	 266.532 	 1.29285e+48 	 5.0314e+18 	 1.98259e+15 	 815 	 0.0668387 	 0.000114907 	 0.418004
430845 	 9.41913 	 3.02714 	 32.8799 	 4578.83 	 3.06487 	 266.763 	 1.28482e+48 	 5.14573e+18 	 1.92968e+15 	 816 	 0.0668387 	 0.00011332 	 0.416503
431768 	 9.42561 	 3.03899 	 17.3582 	 1281.63 	 0.126655 	 266.527 	 7.0838e+47 	 3.46998e+19 	 7.98139e+13 	 456 	 0.0668387 	 0.000112335 	 0.231912
433847 	 9.44024 	 3.04838 	 32.5816 	 4559 	 3.01075 	 266.756 	 1.28045e+48 	 5.2149e+18 	 1.89565e+15 	 817 	 0.0668387 	 0.000111028 	 0.415726
436870 	 9.46148 	 3.06438 	 32.2169 	 4519.86 	 2.92865 	 266.984 	 1.27177e+48 	 5.33781e+18 	 1.84238e+15 	 818 	 0.0668387 	 0.000109497 	 0.414214
439917 	 9.48286 	 3.08052 	 31.865 	 4483.54 	 2.85272 	 267.211 	 1.26386e+48 	 5.45899e+18 	 1.79309e+15 	 819 	 0.0668387 	 0.000107985 	 0.412695
441024 	 9.49061 	 3.09364 	 16.9053 	 1268.3 	 0.121003 	 266.979 	 7.00128e+47 	 3.62487e+19 	 7.61229e+13 	 455 	 0.0668387 	 0.000106739 	 0.230702
442983 	 9.50435 	 3.10214 	 31.571 	 4462.74 	 2.80016 	 267.204 	 1.25921e+48 	 5.53497e+18 	 1.7601e+15 	 820 	 0.0668387 	 0.000105797 	 0.411891
446070 	 9.52597 	 3.11852 	 31.2169 	 4424.24 	 2.72347 	 267.428 	 1.25064e+48 	 5.66546e+18 	 1.71046e+15 	 821 	 0.0668387 	 0.000104338 	 0.410363
449182 	 9.54773 	 3.13504 	 30.8656 	 4385.77 	 2.64841 	 267.652 	 1.24205e+48 	 5.79954e+18 	 1.66193e+15 	 822 	 0.0668387 	 0.00010268 	 0.408828
450477 	 9.55676 	 3.14944 	 16.4596 	 1254.4 	 0.115437 	 267.424 	 6.91562e+47 	 3.78943e+19 	 7.25006e+13 	 454 	 0.0668387 	 0.000101632 	 0.229465
452314 	 9.56961 	 3.15705 	 30.5754 	 4363.94 	 2.5974 	 267.645 	 1.23709e+48 	 5.8833e+18 	 1.62995e+15 	 823 	 0.0668387 	 0.000100808 	 0.407998
455468 	 9.59163 	 3.17382 	 30.2416 	 4328.89 	 2.53002 	 267.866 	 1.22943e+48 	 6.01622e+18 	 1.58637e+15 	 824 	 0.0668387 	 9.92058e-05 	 0.406453
458648 	 9.61378 	 3.19074 	 29.9004 	 4291.08 	 2.46 	 268.086 	 1.22095e+48 	 6.15864e+18 	 1.5412e+15 	 825 	 0.0668387 	 9.78349e-05 	 0.404901
460132 	 9.62411 	 3.20644 	 16.0212 	 1239.96 	 0.109968 	 267.862 	 6.82696e+47 	 3.96437e+19 	 6.89527e+13 	 453 	 0.0668387 	 9.67668e-05 	 0.228202
461849 	 9.63607 	 3.21316 	 29.6238 	 4271.03 	 2.41445 	 268.08 	 1.21648e+48 	 6.24476e+18 	 1.5127e+15 	 826 	 0.0668387 	 9.58434e-05 	 0.404046
465072 	 9.6585 	 3.23035 	 29.2802 	 4231 	 2.34382 	 268.297 	 1.20732e+48 	 6.39851e+18 	 1.46726e+15 	 827 	 0.0668387 	 9.45196e-05 	 0.402485
468322 	 9.68107 	 3.24768 	 28.9589 	 4196.68 	 2.28249 	 268.513 	 1.19976e+48 	 6.54347e+18 	 1.42771e+15 	 828 	 0.0668387 	 9.30124e-05 	 0.400918
469997 	 9.69269 	 3.26467 	 15.5898 	 1224.98 	 0.104605 	 268.292 	 6.73542e+47 	 4.15047e+19 	 6.54851e+13 	 452 	 0.0668387 	 9.19319e-05 	 0.226912
471594 	 9.70378 	 3.27053 	 28.6757 	 4172.7 	 2.23436 	 268.507 	 1.19415e+48 	 6.64547e+18 	 1.39764e+15 	 829 	 0.0668387 	 9.13103e-05 	 0.400036
474889 	 9.72663 	 3.28814 	 28.3517 	 4136.16 	 2.17233 	 268.721 	 1.18591e+48 	 6.8024e+18 	 1.35775e+15 	 830 	 0.0668387 	 8.98532e-05 	 0.39846
478212 	 9.74964 	 3.30591 	 28.0303 	 4099.68 	 2.11165 	 268.934 	 1.17766e+48 	 6.96364e+18 	 1.31878e+15 	 831 	 0.0668387 	 8.86088e-05 	 0.396877
480078 	 9.76254 	 3.32417 	 15.175 	 1210.97 	 0.0996633 	 268.717 	 6.64926e+47 	 4.3406e+19 	 6.22928e+13 	 451 	 0.0668387 	 8.75216e-05 	 0.225597
481559 	 9.7728 	 3.3292 	 27.7598 	 4077.42 	 2.06858 	 268.928 	 1.17252e+48 	 7.06925e+18 	 1.29192e+15 	 832 	 0.0668387 	 8.67947e-05 	 0.395971
484929 	 9.7961 	 3.34726 	 27.4454 	 4041.55 	 2.0109 	 269.138 	 1.16439e+48 	 7.23629e+18 	 1.25491e+15 	 833 	 0.0668387 	 8.55926e-05 	 0.394379
488328 	 9.81956 	 3.36548 	 27.1237 	 4002.89 	 1.951 	 269.347 	 1.15543e+48 	 7.41586e+18 	 1.21658e+15 	 834 	 0.0668387 	 8.42213e-05 	 0.392781
490380 	 9.8337 	 3.38499 	 14.7578 	 1194.98 	 0.0945281 	 269.134 	 6.55232e+47 	 4.55117e+19 	 5.89915e+13 	 450 	 0.0668387 	 8.31358e-05 	 0.224256
491752 	 9.84317 	 3.38922 	 26.8656 	 3982.33 	 1.9126 	 269.342 	 1.15076e+48 	 7.52511e+18 	 1.19266e+15 	 835 	 0.0668387 	 8.26724e-05 	 0.39185
495200 	 9.86693 	 3.40775 	 26.5507 	 3944.27 	 1.85565 	 269.549 	 1.14192e+48 	 7.71147e+18 	 1.15626e+15 	 836 	 0.0668387 	 8.15252e-05 	 0.390243
498678 	 9.89087 	 3.42645 	 26.2479 	 3909.15 	 1.80333 	 269.754 	 1.1339e+48 	 7.8946e+18 	 1.12281e+15 	 837 	 0.0668387 	 8.02155e-05 	 0.38863
500911 	 9.90621 	 3.44716 	 14.3569 	 1180.04 	 0.089811 	 269.544 	 6.46117e+47 	 4.76648e+19 	 5.59624e+13 	 449 	 0.0668387 	 7.91367e-05 	 0.222889
502182 	 9.91496 	 3.45067 	 25.9922 	 3887.42 	 1.76593 	 269.749 	 1.12886e+48 	 8.01617e+18 	 1.09954e+15 	 838 	 0.0668387 	 7.87366e-05 	 0.387675
505711 	 9.93921 	 3.46969 	 25.6864 	 3850.03 	 1.71304 	 269.952 	 1.12013e+48 	 8.21511e+18 	 1.0658e+15 	 839 	 0.0668387 	 7.74698e-05 	 0.386053
509271 	 9.96364 	 3.48888 	 25.3829 	 3812.71 	 1.66139 	 270.155 	 1.11139e+48 	 8.41991e+18 	 1.03289e+15 	 840 	 0.0668387 	 7.6221e-05 	 0.384426
511678 	 9.98012 	 3.51073 	 13.9629 	 1164.66 	 0.0852119 	 269.948 	 6.36772e+47 	 4.99552e+19 	 5.30172e+13 	 448 	 0.0668387 	 7.51568e-05 	 0.221497
512859 	 9.98823 	 3.5136 	 25.1293 	 3789.75 	 1.625 	 270.149 	 1.10596e+48 	 8.55571e+18 	 1.01029e+15 	 841 	 0.0668387 	 7.48108e-05 	 0.383446
516473 	 10.013 	 3.53312 	 24.8323 	 3753.04 	 1.576 	 270.349 	 1.09735e+48 	 8.76867e+18 	 9.79103e+14 	 842 	 0.0668387 	 7.36029e-05 	 0.38181
520118 	 10.0379 	 3.55283 	 24.5471 	 3719.29 	 1.53114 	 270.548 	 1.08956e+48 	 8.97742e+18 	 9.50532e+14 	 843 	 0.0668387 	 7.25747e-05 	 0.380168
522688 	 10.0555 	 3.57575 	 13.5757 	 1148.85 	 0.0807347 	 270.345 	 6.27207e+47 	 5.23938e+19 	 5.01578e+13 	 447 	 0.0668387 	 7.15295e-05 	 0.220081
523794 	 10.063 	 3.57808 	 24.3049 	 3697.98 	 1.49868 	 270.543 	 1.08459e+48 	 9.11838e+18 	 9.30401e+14 	 844 	 0.0668387 	 7.10674e-05 	 0.379165
527496 	 10.0883 	 3.59813 	 24.0165 	 3661.96 	 1.45324 	 270.74 	 1.07609e+48 	 9.3458e+18 	 9.01534e+14 	 845 	 0.0668387 	 7.00735e-05 	 0.377514
531231 	 10.1138 	 3.61837 	 23.7303 	 3626.01 	 1.40889 	 270.935 	 1.06758e+48 	 9.57993e+18 	 8.73389e+14 	 846 	 0.0668387 	 6.89356e-05 	 0.375859
533949 	 10.1323 	 3.64226 	 13.2046 	 1134.24 	 0.076653 	 270.736 	 6.183e+47 	 5.48763e+19 	 4.75533e+13 	 446 	 0.0668387 	 6.79169e-05 	 0.21864
534997 	 10.1395 	 3.64417 	 23.4898 	 3603.43 	 1.37727 	 270.93 	 1.06219e+48 	 9.73791e+18 	 8.53802e+14 	 847 	 0.0668387 	 6.76511e-05 	 0.374832
538791 	 10.1653 	 3.66478 	 23.2098 	 3568.09 	 1.33524 	 271.123 	 1.05381e+48 	 9.98147e+18 	 8.27157e+14 	 848 	 0.0668387 	 6.65502e-05 	 0.373168
542619 	 10.1914 	 3.68559 	 22.9319 	 3532.84 	 1.29423 	 271.316 	 1.04542e+48 	 1.02322e+19 	 8.01184e+14 	 849 	 0.0668387 	 6.56144e-05 	 0.371498
545470 	 10.2107 	 3.71032 	 12.8311 	 1117.7 	 0.0724302 	 271.12 	 6.08352e+47 	 5.76354e+19 	 4.48699e+13 	 445 	 0.0668387 	 6.44778e-05 	 0.217174
546481 	 10.2176 	 3.71196 	 22.7021 	 3511.87 	 1.26607 	 271.311 	 1.04047e+48 	 1.03967e+19 	 7.8377e+14 	 850 	 0.0668387 	 6.42396e-05 	 0.370448
550370 	 10.244 	 3.73314 	 22.4208 	 3474.3 	 1.22463 	 271.501 	 1.03134e+48 	 1.06708e+19 	 7.57586e+14 	 851 	 0.0668387 	 6.33349e-05 	 0.368771
554296 	 10.2706 	 3.75454 	 22.151 	 3439.74 	 1.18677 	 271.69 	 1.02307e+48 	 1.09397e+19 	 7.33653e+14 	 852 	 0.0668387 	 6.22974e-05 	 0.367088
557259 	 10.2907 	 3.77998 	 12.4734 	 1102.4 	 0.068592 	 271.497 	 5.99096e+47 	 6.04463e+19 	 4.24332e+13 	 444 	 0.0668387 	 6.1346e-05 	 0.215684
558256 	 10.2975 	 3.78151 	 21.913 	 3414.5 	 1.15683 	 271.685 	 1.01681e+48 	 1.11394e+19 	 7.15159e+14 	 853 	 0.0668387 	 6.11269e-05 	 0.366015
562246 	 10.3245 	 3.8033 	 21.6491 	 3380.54 	 1.12105 	 271.872 	 1.00866e+48 	 1.14199e+19 	 6.92562e+14 	 854 	 0.0668387 	 6.01229e-05 	 0.364324
566274 	 10.3518 	 3.82532 	 21.3872 	 3346.68 	 1.08615 	 272.057 	 1.00051e+48 	 1.17087e+19 	 6.70545e+14 	 855 	 0.0668387 	 5.92707e-05 	 0.362628
569324 	 10.3724 	 3.85129 	 12.1223 	 1086.78 	 0.0648748 	 271.868 	 5.89682e+47 	 6.34361e+19 	 4.00789e+13 	 443 	 0.0668387 	 5.82234e-05 	 0.214171
570338 	 10.3792 	 3.85291 	 21.1689 	 3325.95 	 1.06177 	 272.052 	 9.95559e+47 	 1.19022e+19 	 6.55502e+14 	 856 	 0.0668387 	 5.80166e-05 	 0.361533
574432 	 10.4069 	 3.87535 	 20.9033 	 3289.75 	 1.02644 	 272.236 	 9.86652e+47 	 1.2219e+19 	 6.33268e+14 	 857 	 0.0668387 	 5.71924e-05 	 0.359829
578567 	 10.4348 	 3.89801 	 20.6397 	 3253.65 	 0.992047 	 272.418 	 9.77738e+47 	 1.25459e+19 	 6.11635e+14 	 858 	 0.0668387 	 5.6246e-05 	 0.35812
581675 	 10.4557 	 3.92431 	 11.7778 	 1070.89 	 0.0612836 	 272.232 	 5.80132e+47 	 6.66162e+19 	 3.78096e+13 	 442 	 0.0668387 	 5.53812e-05 	 0.212633
582738 	 10.4629 	 3.92626 	 20.4222 	 3231.52 	 0.968259 	 272.413 	 9.72325e+47 	 1.27655e+19 	 5.9698e+14 	 859 	 0.0668387 	 5.51792e-05 	 0.357003
586943 	 10.4912 	 3.94936 	 20.1735 	 3198.96 	 0.937916 	 272.594 	 9.64421e+47 	 1.3089e+19 	 5.7789e+14 	 860 	 0.0668387 	 5.42632e-05 	 0.355286
591189 	 10.5198 	 3.97269 	 19.9175 	 3163.56 	 0.906226 	 272.773 	 9.55624e+47 	 1.34409e+19 	 5.57997e+14 	 861 	 0.0668387 	 5.336e-05 	 0.353564
594322 	 10.5408 	 3.99911 	 11.4399 	 1054.74 	 0.0578187 	 272.59 	 5.70454e+47 	 7.00015e+19 	 3.5625e+13 	 441 	 0.0668387 	 5.25455e-05 	 0.211072
595474 	 10.5486 	 4.00163 	 19.7004 	 3140 	 0.883032 	 272.768 	 9.49738e+47 	 1.369e+19 	 5.43726e+14 	 862 	 0.0668387 	 5.23424e-05 	 0.352426
599793 	 10.5776 	 4.02543 	 19.4498 	 3105.19 	 0.853132 	 272.945 	 9.41061e+47 	 1.40583e+19 	 5.24974e+14 	 863 	 0.0668387 	 5.14682e-05 	 0.350696
604156 	 10.6069 	 4.04948 	 19.2104 	 3073.44 	 0.826019 	 273.122 	 9.33277e+47 	 1.44177e+19 	 5.07962e+14 	 864 	 0.0668387 	 5.07275e-05 	 0.348962
607275 	 10.6278 	 4.07575 	 11.1085 	 1038.33 	 0.0544808 	 272.942 	 5.60657e+47 	 7.36076e+19 	 3.35251e+13 	 440 	 0.0668387 	 4.98457e-05 	 0.209488
608559 	 10.6364 	 4.07914 	 19.0028 	 3051.4 	 0.805402 	 273.117 	 9.27803e+47 	 1.46794e+19 	 4.95292e+14 	 865 	 0.0668387 	 4.96354e-05 	 0.347802
612999 	 10.6662 	 4.10368 	 18.7595 	 3017.29 	 0.777906 	 273.291 	 9.19247e+47 	 1.50763e+19 	 4.78079e+14 	 866 	 0.0668387 	 4.8919e-05 	 0.34606
617484 	 10.6962 	 4.12847 	 18.518 	 2983.28 	 0.751155 	 273.464 	 9.10686e+47 	 1.54861e+19 	 4.61346e+14 	 867 	 0.0668387 	 4.80947e-05 	 0.344314
620544 	 10.7167 	 4.15429 	 10.7836 	 1021.71 	 0.0512722 	 273.287 	 5.50762e+47 	 7.74498e+19 	 3.15108e+13 	 439 	 0.0668387 	 4.73905e-05 	 0.20788
622012 	 10.7265 	 4.15889 	 18.3197 	 2962.73 	 0.732899 	 273.459 	 9.05621e+47 	 1.57612e+19 	 4.50142e+14 	 868 	 0.0668387 	 4.70523e-05 	 0.343133
626578 	 10.757 	 4.1842 	 18.0834 	 2929.32 	 0.707663 	 273.629 	 8.97186e+47 	 1.61896e+19 	 4.3437e+14 	 869 	 0.0668387 	 4.6369e-05 	 0.341379
631192 	 10.7878 	 4.20978 	 17.8489 	 2896.02 	 0.683117 	 273.799 	 8.88749e+47 	 1.66322e+19 	 4.19044e+14 	 870 	 0.0668387 	 4.55821e-05 	 0.33962
634141 	 10.8075 	 4.23481 	 10.4651 	 1004.89 	 0.0481931 	 273.626 	 5.4078e+47 	 8.15454e+19 	 2.95818e+13 	 438 	 0.0668387 	 4.49386e-05 	 0.206249
635849 	 10.8189 	 4.24099 	 17.6506 	 2873.97 	 0.66527 	 273.794 	 8.83177e+47 	 1.69469e+19 	 4.08103e+14 	 871 	 0.0668387 	 4.46974e-05 	 0.338419
640548 	 10.8503 	 4.26711 	 17.4211 	 2841.27 	 0.642154 	 273.962 	 8.74865e+47 	 1.74103e+19 	 3.93682e+14 	 872 	 0.0668387 	 4.39356e-05 	 0.336653
645297 	 10.8819 	 4.29351 	 17.1843 	 2805.68 	 0.618033 	 274.129 	 8.6563e+47 	 1.79177e+19 	 3.78664e+14 	 873 	 0.0668387 	 4.31845e-05 	 0.334883
648077 	 10.9004 	 4.31737 	 10.1619 	 989.603 	 0.0454393 	 273.958 	 5.31643e+47 	 8.56908e+19 	 2.78576e+13 	 437 	 0.0668387 	 4.26042e-05 	 0.204595
650091 	 10.9138 	 4.32556 	 16.9948 	 2785.09 	 0.60227 	 274.124 	 8.60455e+47 	 1.82501e+19 	 3.69013e+14 	 874 	 0.0668387 	 4.23406e-05 	 0.333661
654929 	 10.946 	 4.35253 	 16.7721 	 2753.08 	 0.581142 	 274.288 	 8.52266e+47 	 1.87524e+19 	 3.55854e+14 	 875 	 0.0668387 	 4.16134e-05 	 0.331884
659820 	 10.9785 	 4.37981 	 16.5511 	 2721.19 	 0.560607 	 274.452 	 8.44076e+47 	 1.92714e+19 	 3.43075e+14 	 876 	 0.0668387 	 4.08964e-05 	 0.330102
662365 	 10.9954 	 4.40206 	 9.85625 	 972.466 	 0.04261 	 274.285 	 5.21529e+47 	 9.03345e+19 	 2.6092e+13 	 436 	 0.0668387 	 4.03817e-05 	 0.202919
664757 	 11.0113 	 4.41274 	 16.3612 	 2699.05 	 0.545187 	 274.447 	 8.38373e+47 	 1.96536e+19 	 3.33644e+14 	 877 	 0.0668387 	 4.00916e-05 	 0.32886
669742 	 11.0444 	 4.4406 	 16.1359 	 2664.75 	 0.524407 	 274.609 	 8.29376e+47 	 2.02321e+19 	 3.20739e+14 	 878 	 0.0668387 	 3.93974e-05 	 0.327072
674782 	 11.0778 	 4.46879 	 15.9213 	 2633.56 	 0.505688 	 274.769 	 8.21311e+47 	 2.07961e+19 	 3.09109e+14 	 879 	 0.0668387 	 3.88112e-05 	 0.325279
677017 	 11.0926 	 4.48896 	 9.55689 	 955.189 	 0.0399074 	 274.605 	 5.11363e+47 	 9.52928e+19 	 2.44085e+13 	 435 	 0.0668387 	 3.82659e-05 	 0.20122
679870 	 11.1115 	 4.50265 	 15.7399 	 2612.84 	 0.492082 	 274.764 	 8.15996e+47 	 2.12011e+19 	 3.00798e+14 	 880 	 0.0668387 	 3.79455e-05 	 0.324017
685009 	 11.1456 	 4.53146 	 15.5301 	 2582.25 	 0.474492 	 274.923 	 8.0806e+47 	 2.17923e+19 	 2.89878e+14 	 881 	 0.0668387 	 3.72829e-05 	 0.322218
690206 	 11.1799 	 4.56062 	 15.3129 	 2548.76 	 0.45606 	 275.08 	 7.99183e+47 	 2.24431e+19 	 2.78458e+14 	 882 	 0.0668387 	 3.67236e-05 	 0.320414
692048 	 11.1921 	 4.57815 	 9.26386 	 937.806 	 0.0373311 	 274.919 	 5.01163e+47 	 1.00588e+20 	 2.28068e+13 	 434 	 0.0668387 	 3.62518e-05 	 0.199498
695453 	 11.2146 	 4.59545 	 15.1307 	 2526.43 	 0.442766 	 275.075 	 7.93311e+47 	 2.29125e+19 	 2.70346e+14 	 883 	 0.0668387 	 3.58976e-05 	 0.319133
700754 	 11.2497 	 4.62526 	 14.9271 	 2496.54 	 0.426774 	 275.23 	 7.85503e+47 	 2.35562e+19 	 2.60435e+14 	 884 	 0.0668387 	 3.52652e-05 	 0.317322
706117 	 11.2851 	 4.65543 	 14.7251 	 2466.77 	 0.411248 	 275.385 	 7.77698e+47 	 2.42217e+19 	 2.50819e+14 	 885 	 0.0668387 	 3.47316e-05 	 0.315508
707471 	 11.294 	 4.66971 	 8.9858 	 922.121 	 0.0350487 	 275.227 	 4.91893e+47 	 1.05938e+20 	 2.13884e+13 	 433 	 0.0668387 	 3.43345e-05 	 0.197754
711531 	 11.3208 	 4.69129 	 14.542 	 2442.83 	 0.398281 	 275.38 	 7.71259e+47 	 2.47654e+19 	 2.42915e+14 	 886 	 0.0668387 	 3.39438e-05 	 0.314208
717004 	 11.3569 	 4.72216 	 14.3445 	 2413.64 	 0.383753 	 275.532 	 7.63582e+47 	 2.54661e+19 	 2.33925e+14 	 887 	 0.0668387 	 3.33401e-05 	 0.312387
722541 	 11.3933 	 4.7534 	 14.1397 	 2381.55 	 0.368483 	 275.683 	 7.54951e+47 	 2.62408e+19 	 2.24493e+14 	 888 	 0.0668387 	 3.27449e-05 	 0.310563
723301 	 11.3983 	 4.76376 	 8.71393 	 906.409 	 0.0328759 	 275.528 	 4.8263e+47 	 1.11624e+20 	 2.00405e+13 	 432 	 0.0668387 	 3.25095e-05 	 0.195988
728131 	 11.4302 	 4.79035 	 13.9734 	 2362.01 	 0.358192 	 275.678 	 7.49846e+47 	 2.67707e+19 	 2.18228e+14 	 889 	 0.0668387 	 3.20796e-05 	 0.309243
733785 	 11.4674 	 4.82233 	 13.7729 	 2330.5 	 0.343882 	 275.828 	 7.41339e+47 	 2.75872e+19 	 2.09396e+14 	 890 	 0.0668387 	 3.15035e-05 	 0.307412
739507 	 11.505 	 4.85471 	 13.583 	 2302.14 	 0.331113 	 275.976 	 7.33799e+47 	 2.83786e+19 	 2.01513e+14 	 891 	 0.0668387 	 3.09355e-05 	 0.305577
739555 	 11.5053 	 4.86038 	 8.43962 	 888.88 	 0.0306542 	 275.824 	 4.72423e+47 	 1.1803e+20 	 1.86662e+13 	 431 	 0.0668387 	 3.07725e-05 	 0.1942
745283 	 11.5429 	 4.89281 	 13.4155 	 2280.93 	 0.321027 	 275.971 	 7.2811e+47 	 2.89979e+19 	 1.95378e+14 	 892 	 0.0668387 	 3.03013e-05 	 0.30424
751128 	 11.5813 	 4.92596 	 13.2209 	 2250.12 	 0.308045 	 276.117 	 7.1973e+47 	 2.98909e+19 	 1.87378e+14 	 893 	 0.0668387 	 2.97515e-05 	 0.302399
756246 	 11.6149 	 4.96489 	 8.14763 	 866.258 	 0.0281212 	 275.968 	 4.59298e+47 	 1.25715e+20 	 1.71148e+13 	 430 	 0.0668387 	 2.91196e-05 	 0.191883
757042 	 11.6201 	 4.96489 	 13.0582 	 2229.79 	 0.298778 	 276.113 	 7.14288e+47 	 3.05374e+19 	 1.81743e+14 	 894 	 0.0668387 	 2.90584e-05 	 0.301045
763017 	 11.6593 	 4.99886 	 12.8678 	 2199.56 	 0.286642 	 276.257 	 7.06033e+47 	 3.14808e+19 	 1.7427e+14 	 895 	 0.0668387 	 2.85273e-05 	 0.299198
769065 	 11.6989 	 5.03326 	 12.6789 	 2169.45 	 0.274897 	 276.4 	 6.97781e+47 	 3.24604e+19 	 1.67043e+14 	 896 	 0.0668387 	 2.80804e-05 	 0.297347
773395 	 11.7272 	 5.06696 	 7.89227 	 850.091 	 0.0262597 	 276.254 	 4.4988e+47 	 1.32801e+20 	 1.59654e+13 	 429 	 0.0668387 	 2.75466e-05 	 0.190061
775183 	 11.7389 	 5.07345 	 12.5237 	 2150.46 	 0.266794 	 276.396 	 6.92712e+47 	 3.3151e+19 	 1.62122e+14 	 897 	 0.0668387 	 2.74197e-05 	 0.295975
781367 	 11.7794 	 5.10871 	 12.3301 	 2117.87 	 0.254899 	 276.537 	 6.83601e+47 	 3.42596e+19 	 1.54814e+14 	 898 	 0.0668387 	 2.69131e-05 	 0.294119
787629 	 11.8204 	 5.14443 	 12.1557 	 2091.51 	 0.2452 	 276.678 	 6.76464e+47 	 3.52606e+19 	 1.48848e+14 	 899 	 0.0668387 	 2.64136e-05 	 0.292258
791020 	 11.8425 	 5.17194 	 7.64305 	 834.001 	 0.0245017 	 276.534 	 4.40526e+47 	 1.40344e+20 	 1.48814e+13 	 428 	 0.0668387 	 2.60499e-05 	 0.188218
793963 	 11.8618 	 5.18596 	 11.9988 	 2070.79 	 0.237261 	 276.673 	 6.70778e+47 	 3.60767e+19 	 1.44031e+14 	 900 	 0.0668387 	 2.57849e-05 	 0.290869
800370 	 11.9036 	 5.22259 	 11.8196 	 2041.95 	 0.227367 	 276.811 	 6.62783e+47 	 3.72152e+19 	 1.37956e+14 	 901 	 0.0668387 	 2.53738e-05 	 0.289003
806859 	 11.946 	 5.25972 	 11.6418 	 2013.24 	 0.2178 	 276.949 	 6.54794e+47 	 3.83985e+19 	 1.32086e+14 	 902 	 0.0668387 	 2.48973e-05 	 0.287133
809140 	 11.9608 	 5.27994 	 7.39138 	 816.124 	 0.0227125 	 276.808 	 4.30256e+47 	 1.48891e+20 	 1.37811e+13 	 427 	 0.0668387 	 2.45563e-05 	 0.186353
813422 	 11.9888 	 5.30267 	 11.4921 	 1993.82 	 0.210868 	 276.944 	 6.49471e+47 	 3.92752e+19 	 1.27884e+14 	 903 	 0.0668387 	 2.42984e-05 	 0.285727
820065 	 12.0321 	 5.34076 	 11.3182 	 1965.68 	 0.201956 	 277.08 	 6.4161e+47 	 4.05284e+19 	 1.22419e+14 	 904 	 0.0668387 	 2.38384e-05 	 0.283851
826795 	 12.0759 	 5.37937 	 11.1458 	 1937.66 	 0.193345 	 277.214 	 6.33756e+47 	 4.18313e+19 	 1.17142e+14 	 905 	 0.0668387 	 2.3385e-05 	 0.281973
827775 	 12.0823 	 5.3911 	 7.14583 	 798.34 	 0.0210318 	 277.076 	 4.20063e+47 	 1.58048e+20 	 1.2749e+13 	 426 	 0.0668387 	 2.32046e-05 	 0.184466
833601 	 12.1202 	 5.42383 	 10.9942 	 1916.47 	 0.186562 	 277.209 	 6.27791e+47 	 4.28745e+19 	 1.13035e+14 	 906 	 0.0668387 	 2.28155e-05 	 0.280549
840495 	 12.1651 	 5.46347 	 10.8257 	 1889.02 	 0.178563 	 277.342 	 6.20063e+47 	 4.42591e+19 	 1.08137e+14 	 907 	 0.0668387 	 2.24427e-05 	 0.278665
846947 	 12.207 	 5.51076 	 6.89974 	 779.177 	 0.0193534 	 277.207 	 4.08982e+47 	 1.68028e+20 	 1.1726e+13 	 425 	 0.0668387 	 2.19191e-05 	 0.1821
847480 	 12.2105 	 5.50902 	 10.6784 	 1868.66 	 0.172356 	 277.338 	 6.14335e+47 	 4.53559e+19 	 1.04379e+14 	 908 	 0.0668387 	 2.18915e-05 	 0.277226
854544 	 12.2564 	 5.54972 	 10.5137 	 1841.78 	 0.164927 	 277.468 	 6.06736e+47 	 4.68267e+19 	 9.98336e+13 	 909 	 0.0668387 	 2.14681e-05 	 0.275337
861705 	 12.3029 	 5.59101 	 10.3503 	 1815.03 	 0.157756 	 277.598 	 5.99145e+47 	 4.83569e+19 	 9.54479e+13 	 910 	 0.0668387 	 2.10508e-05 	 0.273445
866677 	 12.3352 	 5.62863 	 6.66459 	 761.237 	 0.0178596 	 277.466 	 3.98778e+47 	 1.78722e+20 	 1.08108e+13 	 424 	 0.0668387 	 2.06352e-05 	 0.180181
868958 	 12.35 	 5.63823 	 10.2098 	 1795.93 	 0.152355 	 277.594 	 5.93773e+47 	 4.95411e+19 	 9.21814e+13 	 911 	 0.0668387 	 2.0527e-05 	 0.271989
876301 	 12.3976 	 5.68066 	 10.0502 	 1769.75 	 0.145698 	 277.721 	 5.86313e+47 	 5.11664e+19 	 8.81134e+13 	 912 	 0.0668387 	 2.01244e-05 	 0.270092
883745 	 12.4459 	 5.72371 	 9.89187 	 1743.69 	 0.139275 	 277.848 	 5.78864e+47 	 5.28581e+19 	 8.41907e+13 	 913 	 0.0668387 	 1.97276e-05 	 0.268191
886992 	 12.4669 	 5.75008 	 6.44404 	 745.443 	 0.0165745 	 277.718 	 3.89726e+47 	 1.89443e+20 	 1.00238e+13 	 423 	 0.0668387 	 1.94755e-05 	 0.17824
891285 	 12.4947 	 5.7727 	 9.74917 	 1722.77 	 0.13399 	 277.844 	 5.72823e+47 	 5.428e+19 	 8.0997e+13 	 914 	 0.0668387 	 1.92301e-05 	 0.266719
898924 	 12.5442 	 5.81697 	 9.59454 	 1697.28 	 0.128048 	 277.968 	 5.65503e+47 	 5.60836e+19 	 7.73705e+13 	 915 	 0.0668387 	 1.88472e-05 	 0.264813
906672 	 12.5944 	 5.86189 	 9.4412 	 1671.91 	 0.122318 	 278.092 	 5.58195e+47 	 5.7962e+19 	 7.38756e+13 	 916 	 0.0668387 	 1.847e-05 	 0.262904
907917 	 12.6024 	 5.8753 	 6.22951 	 729.893 	 0.0153749 	 277.965 	 3.80827e+47 	 2.00854e+20 	 9.29006e+12 	 422 	 0.0668387 	 1.83167e-05 	 0.176278
914516 	 12.6451 	 5.91279 	 9.29624 	 1649.14 	 0.117179 	 278.088 	 5.51468e+47 	 5.96753e+19 	 7.07727e+13 	 917 	 0.0668387 	 1.79977e-05 	 0.261417
922471 	 12.6966 	 5.95901 	 9.1465 	 1624.33 	 0.111898 	 278.209 	 5.44287e+47 	 6.16863e+19 	 6.75536e+13 	 918 	 0.0668387 	 1.76339e-05 	 0.259503
929479 	 12.7418 	 6.00963 	 6.00001 	 709.648 	 0.0140044 	 278.085 	 3.69351e+47 	 2.14857e+20 	 8.45832e+12 	 421 	 0.0668387 	 1.72172e-05 	 0.173874
930540 	 12.7487 	 6.01128 	 9.0143 	 1605.44 	 0.107729 	 278.206 	 5.3882e+47 	 6.33246e+19 	 6.50374e+13 	 919 	 0.0668387 	 1.7178e-05 	 0.258002
938712 	 12.8015 	 6.05886 	 8.86809 	 1581.19 	 0.102849 	 278.325 	 5.31772e+47 	 6.5468e+19 	 6.20646e+13 	 920 	 0.0668387 	 1.68272e-05 	 0.256083
947005 	 12.855 	 6.10718 	 8.71445 	 1553.97 	 0.0976594 	 278.444 	 5.23693e+47 	 6.79048e+19 	 5.89078e+13 	 921 	 0.0668387 	 1.64815e-05 	 0.254162
951704 	 12.8853 	 6.14283 	 5.77903 	 690.197 	 0.0127702 	 278.323 	 3.58493e+47 	 2.30144e+20 	 7.70632e+12 	 420 	 0.0668387 	 1.62262e-05 	 0.171879
955414 	 12.9093 	 6.16156 	 8.58846 	 1536.29 	 0.0940678 	 278.44 	 5.1857e+47 	 6.96906e+19 	 5.67421e+13 	 922 	 0.0668387 	 1.60491e-05 	 0.252645
963939 	 12.9642 	 6.21134 	 8.43829 	 1509.62 	 0.0892798 	 278.557 	 5.10616e+47 	 7.23049e+19 	 5.38314e+13 	 923 	 0.0668387 	 1.57159e-05 	 0.250719
972594 	 13.02 	 6.2619 	 8.29804 	 1486.19 	 0.0851272 	 278.673 	 5.03725e+47 	 7.48104e+19 	 5.13063e+13 	 924 	 0.0668387 	 1.53877e-05 	 0.24879
974627 	 13.0331 	 6.28033 	 5.5809 	 675.065 	 0.0118074 	 278.554 	 3.4991e+47 	 2.44468e+20 	 7.11938e+12 	 419 	 0.0668387 	 1.52352e-05 	 0.169863
981368 	 13.0765 	 6.31856 	 8.17815 	 1469.71 	 0.0820463 	 278.669 	 4.98952e+47 	 7.67538e+19 	 4.94501e+13 	 925 	 0.0668387 	 1.49777e-05 	 0.247258
990272 	 13.1339 	 6.37068 	 8.03265 	 1443.73 	 0.077794 	 278.783 	 4.91139e+47 	 7.96807e+19 	 4.6868e+13 	 926 	 0.0668387 	 1.46615e-05 	 0.245324
998279 	 13.1854 	 6.42754 	 5.36408 	 654.266 	 0.0106645 	 278.667 	 3.38285e+47 	 2.62861e+20 	 6.42762e+12 	 418 	 0.0668387 	 1.42958e-05 	 0.167433
999312 	 13.192 	 6.42898 	 7.90793 	 1424.91 	 0.0746016 	 278.78 	 4.85532e+47 	 8.20028e+19 	 4.49452e+13 	 927 	 0.0668387 	 1.42662e-05 	 0.243779
1.00848e+06 	 13.251 	 6.48275 	 7.77443 	 1402.59 	 0.0710908 	 278.892 	 4.7891e+47 	 8.48745e+19 	 4.28129e+13 	 928 	 0.0668387 	 1.39615e-05 	 0.241841
1.01779e+06 	 13.3108 	 6.53739 	 7.6335 	 1377.28 	 0.0673328 	 279.003 	 4.71237e+47 	 8.817e+19 	 4.05336e+13 	 929 	 0.0668387 	 1.36614e-05 	 0.239901
1.02269e+06 	 13.3423 	 6.57422 	 5.17648 	 639.466 	 0.009839 	 278.89 	 3.2994e+47 	 2.79582e+20 	 5.92537e+12 	 417 	 0.0668387 	 1.34055e-05 	 0.165384
1.02724e+06 	 13.3716 	 6.59825 	 7.5147 	 1359.64 	 0.0645973 	 279 	 4.65971e+47 	 9.07213e+19 	 3.88873e+13 	 930 	 0.0668387 	 1.32871e-05 	 0.238341
1.03683e+06 	 13.4332 	 6.65466 	 7.37706 	 1334.88 	 0.061149 	 279.109 	 4.58426e+47 	 9.42758e+19 	 3.67971e+13 	 931 	 0.0668387 	 1.29981e-05 	 0.236396
1.04658e+06 	 13.4958 	 6.71202 	 7.24923 	 1313.37 	 0.0581911 	 279.217 	 4.51969e+47 	 9.76607e+19 	 3.50036e+13 	 932 	 0.0668387 	 1.26699e-05 	 0.234449
1.04791e+06 	 13.5043 	 6.72587 	 4.98646 	 623.002 	 0.00900304 	 279.106 	 3.20765e+47 	 2.98832e+20 	 5.41773e+12 	 416 	 0.0668387 	 1.25621e-05 	 0.163315
1.05647e+06 	 13.5592 	 6.77563 	 7.1362 	 1296.91 	 0.0558558 	 279.213 	 4.47044e+47 	 1.00462e+20 	 3.35992e+13 	 933 	 0.0668387 	 1.23164e-05 	 0.232875
1.06652e+06 	 13.6237 	 6.83489 	 7.003 	 1272.82 	 0.0528161 	 279.319 	 4.39646e+47 	 1.04469e+20 	 3.17587e+13 	 934 	 0.0668387 	 1.20431e-05 	 0.230924
1.07396e+06 	 13.6713 	 6.88788 	 4.79103 	 604.074 	 0.00813562 	 279.211 	 3.10239e+47 	 3.21251e+20 	 4.8939e+12 	 415 	 0.0668387 	 1.17634e-05 	 0.160858
1.07673e+06 	 13.6892 	 6.90049 	 6.88502 	 1253.97 	 0.0503992 	 279.316 	 4.3386e+47 	 1.07851e+20 	 3.03057e+13 	 935 	 0.0668387 	 1.17028e-05 	 0.229337
1.0871e+06 	 13.7556 	 6.96175 	 6.7636 	 1233.55 	 0.0479291 	 279.421 	 4.27675e+47 	 1.11772e+20 	 2.88096e+13 	 936 	 0.0668387 	 1.14398e-05 	 0.227382
1.09765e+06 	 13.8232 	 7.02408 	 6.63473 	 1210.14 	 0.0452648 	 279.524 	 4.20422e+47 	 1.16319e+20 	 2.71981e+13 	 937 	 0.0668387 	 1.11409e-05 	 0.225424
1.10089e+06 	 13.8439 	 7.05014 	 4.61995 	 590.228 	 0.00749514 	 279.418 	 3.02477e+47 	 3.41976e+20 	 4.50528e+12 	 414 	 0.0668387 	 1.10072e-05 	 0.158757
1.10836e+06 	 13.8917 	 7.0928 	 6.52239 	 1192.44 	 0.0432056 	 279.521 	 4.1497e+47 	 1.20073e+20 	 2.59611e+13 	 938 	 0.0668387 	 1.08199e-05 	 0.223824
1.11925e+06 	 13.9614 	 7.15729 	 6.39665 	 1169.56 	 0.040777 	 279.622 	 4.07848e+47 	 1.2501e+20 	 2.44929e+13 	 939 	 0.0668387 	 1.05716e-05 	 0.221863
1.13033e+06 	 14.0323 	 7.22827 	 6.28782 	 1152.58 	 0.0389277 	 279.62 	 4.02608e+47 	 1.29042e+20 	 2.33823e+13 	 940 	 0.0668387 	 1.02247e-05 	 0.220251
1.14158e+06 	 14.1042 	 7.29504 	 6.17376 	 1133.38 	 0.0369716 	 279.719 	 3.96717e+47 	 1.33844e+20 	 2.21995e+13 	 941 	 0.0668387 	 9.98671e-06 	 0.218285
1.15304e+06 	 14.1774 	 7.36303 	 6.05224 	 1111.17 	 0.0348497 	 279.818 	 3.89745e+47 	 1.39457e+20 	 2.0918e+13 	 942 	 0.0668387 	 9.75253e-06 	 0.216318
1.16468e+06 	 14.2518 	 7.43756 	 5.94886 	 1095.32 	 0.0332841 	 279.815 	 3.84842e+47 	 1.43926e+20 	 1.99785e+13 	 943 	 0.0668387 	 9.42558e-06 	 0.214692
1.17653e+06 	 14.3275 	 7.50802 	 5.82183 	 1070.5 	 0.0311243 	 279.912 	 3.76896e+47 	 1.50685e+20 	 1.86757e+13 	 944 	 0.0668387 	 9.20119e-06 	 0.212721
1.18859e+06 	 14.4045 	 7.58514 	 5.72187 	 1055.36 	 0.0297308 	 279.909 	 3.72204e+47 	 1.55511e+20 	 1.78397e+13 	 945 	 0.0668387 	 8.92246e-06 	 0.211084
1.20086e+06 	 14.4827 	 7.6582 	 5.60639 	 1034.21 	 0.0279843 	 280.004 	 3.65497e+47 	 1.6218e+20 	 1.6786e+13 	 946 	 0.0668387 	 8.67264e-06 	 0.209109
1.21335e+06 	 14.5624 	 7.73268 	 5.50053 	 1016.35 	 0.0265245 	 280.098 	 3.59925e+47 	 1.68433e+20 	 1.5905e+13 	 947 	 0.0668387 	 8.46132e-06 	 0.207133
1.22606e+06 	 14.6435 	 7.81387 	 5.39732 	 999.176 	 0.0251545 	 280.095 	 3.54454e+47 	 1.74596e+20 	 1.50837e+13 	 948 	 0.0668387 	 8.16623e-06 	 0.205483
1.23901e+06 	 14.726 	 7.89118 	 5.28588 	 978.687 	 0.023643 	 280.187 	 3.47902e+47 	 1.82249e+20 	 1.41727e+13 	 949 	 0.0668387 	 7.964e-06 	 0.203503
1.2522e+06 	 14.81 	 7.97534 	 5.18601 	 962.221 	 0.0224221 	 280.185 	 3.42641e+47 	 1.88931e+20 	 1.34409e+13 	 950 	 0.0668387 	 7.6813e-06 	 0.201842
1.26562e+06 	 14.8955 	 8.05564 	 5.07749 	 942.255 	 0.0210581 	 280.275 	 3.36224e+47 	 1.97312e+20 	 1.26192e+13 	 951 	 0.0668387 	 7.4879e-06 	 0.199859
1.27931e+06 	 14.9826 	 8.13758 	 4.97002 	 922.426 	 0.0197603 	 280.365 	 3.29828e+47 	 2.06175e+20 	 1.18377e+13 	 952 	 0.0668387 	 7.26703e-06 	 0.197874
1.29326e+06 	 15.0714 	 8.22644 	 4.88377 	 910.207 	 0.0189061 	 280.362 	 3.26025e+47 	 2.12624e+20 	 1.13261e+13 	 953 	 0.0668387 	 7.00216e-06 	 0.196201
1.30747e+06 	 15.1618 	 8.31166 	 4.77918 	 890.902 	 0.0177303 	 280.449 	 3.1977e+47 	 2.22263e+20 	 1.06184e+13 	 954 	 0.0668387 	 6.8211e-06 	 0.194213
1.32196e+06 	 15.2539 	 8.40395 	 4.67917 	 873.047 	 0.0166703 	 280.447 	 3.13908e+47 	 2.31648e+20 	 9.98367e+12 	 955 	 0.0668387 	 6.56777e-06 	 0.192529
1.33673e+06 	 15.3478 	 8.49265 	 4.57741 	 854.259 	 0.0156182 	 280.533 	 3.07788e+47 	 2.42302e+20 	 9.3507e+12 	 956 	 0.0668387 	 6.36629e-06 	 0.190538
1.35181e+06 	 15.4436 	 8.58324 	 4.48515 	 838.777 	 0.0147582 	 280.617 	 3.02834e+47 	 2.52155e+20 	 8.83317e+12 	 957 	 0.0668387 	 6.19705e-06 	 0.188545
1.36718e+06 	 15.5412 	 8.681 	 4.39013 	 821.988 	 0.0138729 	 280.614 	 2.97293e+47 	 2.62863e+20 	 8.30338e+12 	 958 	 0.0668387 	 5.9603e-06 	 0.18685
1.38286e+06 	 15.6408 	 8.77541 	 4.29219 	 803.855 	 0.0129754 	 280.697 	 2.91336e+47 	 2.75251e+20 	 7.76392e+12 	 959 	 0.0668387 	 5.77187e-06 	 0.184854
1.39887e+06 	 15.7425 	 8.87716 	 4.20033 	 787.741 	 0.0121936 	 280.695 	 2.85999e+47 	 2.87014e+20 	 7.29618e+12 	 960 	 0.0668387 	 5.54634e-06 	 0.183148
1.41521e+06 	 15.8461 	 8.97565 	 4.10514 	 770.121 	 0.0113934 	 280.776 	 2.80179e+47 	 3.00736e+20 	 6.8154e+12 	 961 	 0.0668387 	 5.36703e-06 	 0.18115
1.4319e+06 	 15.952 	 9.08166 	 4.01638 	 754.674 	 0.0107043 	 280.774 	 2.75046e+47 	 3.13664e+20 	 6.40324e+12 	 962 	 0.0668387 	 5.17794e-06 	 0.179434
1.44894e+06 	 16.0601 	 9.1845 	 3.93238 	 740.747 	 0.0101 	 280.853 	 2.70528e+47 	 3.26757e+20 	 6.04006e+12 	 963 	 0.0668387 	 5.00699e-06 	 0.177433
1.46635e+06 	 16.1705 	 9.28971 	 3.84091 	 723.78 	 0.00942099 	 280.932 	 2.64878e+47 	 3.42763e+20 	 5.63239e+12 	 964 	 0.0668387 	 4.8398e-06 	 0.17543
1.48413e+06 	 16.2832 	 9.40255 	 3.75695 	 709.38 	 0.00885195 	 280.929 	 2.6007e+47 	 3.57523e+20 	 5.29224e+12 	 965 	 0.0668387 	 4.64011e-06 	 0.173704
1.50232e+06 	 16.3984 	 9.51256 	 3.65973 	 689.736 	 0.00815413 	 281.006 	 2.5339e+47 	 3.77886e+20 	 4.87371e+12 	 966 	 0.0668387 	 4.48139e-06 	 0.171699
