# Thermal Dynamics
# t_e (s) 	 t_a (s) 	 delt_a (s) 	 T_phot (K) 	 L_phot (erg/s) 	 R_phot (cm/c) 	 shell_index

83.1942 	 0.000854492 	 0.000853177 	 1.07549e+07 	 5.96004e+46 	 83.1933 	 0
77.4273 	 0.0107574 	 0.000756742 	 1.14653e+07 	 6.35376e+46 	 77.4165 	 1
72.2522 	 0.0206757 	 0.000674171 	 1.21941e+07 	 6.7576e+46 	 72.2315 	 2
67.5944 	 0.0306015 	 0.000603136 	 1.29401e+07 	 7.17104e+46 	 67.5638 	 3
63.3901 	 0.0405426 	 0.000541748 	 1.37025e+07 	 7.59355e+46 	 63.3495 	 4
59.5847 	 0.0504875 	 0.000488469 	 1.44804e+07 	 8.0246e+46 	 59.5343 	 5
56.1316 	 0.0604439 	 0.000442036 	 1.52727e+07 	 8.46368e+46 	 56.0712 	 6
52.9903 	 0.0704002 	 0.000401412 	 1.60785e+07 	 8.91022e+46 	 52.9199 	 7
50.1258 	 0.0803642 	 0.000365735 	 1.68968e+07 	 9.36371e+46 	 50.0455 	 8
47.5079 	 0.0903358 	 0.000334291 	 1.77266e+07 	 9.82359e+46 	 47.4176 	 9
45.1102 	 0.100307 	 0.000306482 	 1.85671e+07 	 1.02893e+47 	 45.0099 	 10
42.9095 	 0.110283 	 0.000281807 	 1.94171e+07 	 1.07604e+47 	 42.7992 	 11
40.8857 	 0.120258 	 0.000259843 	 2.02759e+07 	 1.12363e+47 	 40.7654 	 12
39.021 	 0.130241 	 0.000240235 	 2.11424e+07 	 1.17165e+47 	 38.8907 	 13
37.2998 	 0.140224 	 0.000222677 	 2.20157e+07 	 1.22005e+47 	 37.1596 	 14
35.7083 	 0.150208 	 0.000206914 	 2.28949e+07 	 1.26877e+47 	 35.5581 	 15
34.2342 	 0.160194 	 0.000192722 	 2.37791e+07 	 1.31777e+47 	 34.074 	 16
32.8668 	 0.170181 	 0.000179913 	 2.46675e+07 	 1.367e+47 	 32.6966 	 17
31.5963 	 0.180168 	 0.000168324 	 2.55592e+07 	 1.41642e+47 	 31.4161 	 18
30.4141 	 0.190157 	 0.000157814 	 2.64534e+07 	 1.46597e+47 	 30.224 	 19
29.3126 	 0.200148 	 0.00014826 	 2.73493e+07 	 1.51562e+47 	 29.1125 	 20
28.2849 	 0.21014 	 0.000139557 	 2.82461e+07 	 1.56532e+47 	 28.0748 	 21
27.3247 	 0.220131 	 0.000131612 	 2.9143e+07 	 1.61502e+47 	 27.1046 	 22
26.4266 	 0.230124 	 0.000124346 	 3.00393e+07 	 1.66469e+47 	 26.1965 	 23
25.5855 	 0.240118 	 0.000117685 	 3.09343e+07 	 1.71429e+47 	 25.3454 	 24
24.7969 	 0.250111 	 0.00011157 	 3.18273e+07 	 1.76378e+47 	 24.5467 	 25
24.0566 	 0.260105 	 0.000105945 	 3.27177e+07 	 1.81312e+47 	 23.7965 	 26
23.3611 	 0.270102 	 0.000100762 	 3.36048e+07 	 1.86228e+47 	 23.091 	 27
22.7069 	 0.280096 	 9.5978e-05 	 3.4488e+07 	 1.91122e+47 	 22.4268 	 28
22.091 	 0.290092 	 9.15555e-05 	 3.53667e+07 	 1.95992e+47 	 21.801 	 29
21.5107 	 0.300087 	 8.74607e-05 	 3.62403e+07 	 2.00834e+47 	 21.2106 	 30
20.9633 	 0.310083 	 8.36638e-05 	 3.71084e+07 	 2.05644e+47 	 20.6532 	 31
20.4466 	 0.32008 	 8.0138e-05 	 3.79704e+07 	 2.10421e+47 	 20.1265 	 32
19.9584 	 0.330076 	 7.68594e-05 	 3.88258e+07 	 2.15162e+47 	 19.6283 	 33
19.4969 	 0.340075 	 7.38067e-05 	 3.96742e+07 	 2.19863e+47 	 19.1568 	 34
19.0601 	 0.350071 	 7.09607e-05 	 4.0515e+07 	 2.24523e+47 	 18.7101 	 35
18.6466 	 0.360067 	 6.8304e-05 	 4.1348e+07 	 2.29139e+47 	 18.2866 	 36
18.2549 	 0.370066 	 6.58211e-05 	 4.21727e+07 	 2.33709e+47 	 17.8848 	 37
17.8834 	 0.380064 	 6.3498e-05 	 4.29886e+07 	 2.38231e+47 	 17.5033 	 38
17.531 	 0.39006 	 6.1322e-05 	 4.37956e+07 	 2.42703e+47 	 17.141 	 39
17.1965 	 0.400059 	 5.92817e-05 	 4.45931e+07 	 2.47122e+47 	 16.7964 	 40
16.8788 	 0.410057 	 5.73666e-05 	 4.5381e+07 	 2.51489e+47 	 16.4687 	 41
16.5769 	 0.420055 	 5.55673e-05 	 4.61589e+07 	 2.55799e+47 	 16.1568 	 42
16.2899 	 0.430054 	 5.38752e-05 	 4.69265e+07 	 2.60053e+47 	 15.8598 	 43
16.0169 	 0.440052 	 5.22824e-05 	 4.76836e+07 	 2.64249e+47 	 15.5768 	 44
15.757 	 0.45005 	 5.07819e-05 	 4.843e+07 	 2.68385e+47 	 15.307 	 45
15.5097 	 0.46005 	 4.9367e-05 	 4.91654e+07 	 2.72461e+47 	 15.0497 	 46
15.2742 	 0.470048 	 4.80319e-05 	 4.98896e+07 	 2.76474e+47 	 14.8041 	 47
15.0498 	 0.480047 	 4.6771e-05 	 5.06024e+07 	 2.80424e+47 	 14.5697 	 48
14.8359 	 0.490046 	 4.55795e-05 	 5.13037e+07 	 2.84311e+47 	 14.3459 	 49
14.632 	 0.500045 	 4.44525e-05 	 5.19933e+07 	 2.88132e+47 	 14.132 	 50
14.4376 	 0.510043 	 4.33861e-05 	 5.26711e+07 	 2.91888e+47 	 13.9276 	 51
14.2522 	 0.520042 	 4.23762e-05 	 5.33368e+07 	 2.95578e+47 	 13.7321 	 52
14.0753 	 0.530042 	 4.14193e-05 	 5.39905e+07 	 2.992e+47 	 13.5452 	 53
13.9065 	 0.54004 	 4.0512e-05 	 5.4632e+07 	 3.02755e+47 	 13.3664 	 54
13.7454 	 0.550039 	 3.96514e-05 	 5.52613e+07 	 3.06242e+47 	 13.1953 	 55
13.5916 	 0.560039 	 3.88346e-05 	 5.58782e+07 	 3.09661e+47 	 13.0316 	 56
13.4448 	 0.570038 	 3.8059e-05 	 5.64826e+07 	 3.13011e+47 	 12.8748 	 57
13.3047 	 0.580037 	 3.73222e-05 	 5.70746e+07 	 3.16291e+47 	 12.7246 	 58
13.1709 	 0.590036 	 3.6622e-05 	 5.76541e+07 	 3.19503e+47 	 12.5808 	 59
13.0431 	 0.600036 	 3.59562e-05 	 5.8221e+07 	 3.22644e+47 	 12.4431 	 60
12.9212 	 0.610035 	 3.53229e-05 	 5.87754e+07 	 3.25716e+47 	 12.3112 	 61
12.8048 	 0.620035 	 3.47204e-05 	 5.93171e+07 	 3.28719e+47 	 12.1847 	 62
12.6936 	 0.630034 	 3.4147e-05 	 5.98463e+07 	 3.31651e+47 	 12.0636 	 63
12.5875 	 0.640034 	 3.36011e-05 	 6.03629e+07 	 3.34514e+47 	 11.9475 	 64
12.4863 	 0.650033 	 3.30813e-05 	 6.0867e+07 	 3.37307e+47 	 11.8363 	 65
12.3897 	 0.660032 	 3.25862e-05 	 6.13585e+07 	 3.40031e+47 	 11.7296 	 66
12.2975 	 0.670033 	 3.21145e-05 	 6.18374e+07 	 3.42685e+47 	 11.6275 	 67
12.2096 	 0.680032 	 3.16652e-05 	 6.23039e+07 	 3.45271e+47 	 11.5296 	 68
12.1258 	 0.690031 	 3.1237e-05 	 6.27579e+07 	 3.47787e+47 	 11.4358 	 69
12.046 	 0.700031 	 3.0829e-05 	 6.31996e+07 	 3.50234e+47 	 11.3459 	 70
11.9699 	 0.710031 	 3.04401e-05 	 6.36289e+07 	 3.52613e+47 	 11.2599 	 71
11.8974 	 0.72003 	 3.00696e-05 	 6.40459e+07 	 3.54924e+47 	 11.1774 	 72
11.8285 	 0.73003 	 2.97164e-05 	 6.44507e+07 	 3.57167e+47 	 11.0985 	 73
11.7629 	 0.740029 	 2.93799e-05 	 6.48433e+07 	 3.59343e+47 	 11.0229 	 74
11.7006 	 0.750029 	 2.90593e-05 	 6.52239e+07 	 3.61453e+47 	 10.9505 	 75
11.6414 	 0.760029 	 2.87539e-05 	 6.55925e+07 	 3.63495e+47 	 10.8813 	 76
11.5852 	 0.770028 	 2.84629e-05 	 6.59492e+07 	 3.65472e+47 	 10.8152 	 77
11.5319 	 0.780028 	 2.81859e-05 	 6.62941e+07 	 3.67383e+47 	 10.7519 	 78
11.4814 	 0.790028 	 2.79222e-05 	 6.66273e+07 	 3.6923e+47 	 10.6914 	 79
11.4337 	 0.800028 	 2.76713e-05 	 6.69489e+07 	 3.71011e+47 	 10.6337 	 80
11.3886 	 0.810027 	 2.74326e-05 	 6.72589e+07 	 3.7273e+47 	 10.5785 	 81
11.346 	 0.820027 	 2.72057e-05 	 6.75575e+07 	 3.74384e+47 	 10.5259 	 82
11.3058 	 0.830027 	 2.69901e-05 	 6.78448e+07 	 3.75976e+47 	 10.4758 	 83
11.2681 	 0.840027 	 2.67854e-05 	 6.81208e+07 	 3.77506e+47 	 10.4281 	 84
11.2326 	 0.850026 	 2.65911e-05 	 6.83858e+07 	 3.78975e+47 	 10.3826 	 85
11.1994 	 0.860026 	 2.64069e-05 	 6.86399e+07 	 3.80383e+47 	 10.3394 	 86
11.1684 	 0.870027 	 2.62324e-05 	 6.8883e+07 	 3.8173e+47 	 10.2984 	 87
11.1394 	 0.880026 	 2.60672e-05 	 6.91154e+07 	 3.83018e+47 	 10.2594 	 88
11.1125 	 0.890026 	 2.59111e-05 	 6.93372e+07 	 3.84247e+47 	 10.2225 	 89
11.0876 	 0.900025 	 2.57637e-05 	 6.95485e+07 	 3.85418e+47 	 10.1876 	 90
11.0646 	 0.910026 	 2.56248e-05 	 6.97494e+07 	 3.86531e+47 	 10.1546 	 91
11.0434 	 0.920026 	 2.5494e-05 	 6.994e+07 	 3.87588e+47 	 10.1234 	 92
11.0241 	 0.930025 	 2.5371e-05 	 7.01205e+07 	 3.88588e+47 	 10.0941 	 93
11.0066 	 0.940025 	 2.52558e-05 	 7.02911e+07 	 3.89533e+47 	 10.0666 	 94
10.9908 	 0.950026 	 2.51479e-05 	 7.04517e+07 	 3.90423e+47 	 10.0407 	 95
10.9766 	 0.960025 	 2.50472e-05 	 7.06026e+07 	 3.91259e+47 	 10.0166 	 96
10.9641 	 0.970025 	 2.49535e-05 	 7.07439e+07 	 3.92042e+47 	 9.9941 	 97
10.9532 	 0.980025 	 2.48666e-05 	 7.08757e+07 	 3.92773e+47 	 9.9732 	 98
10.9439 	 0.990025 	 2.47862e-05 	 7.09981e+07 	 3.93451e+47 	 9.95385 	 99
10.9361 	 1.00002 	 2.47123e-05 	 7.11113e+07 	 3.94079e+47 	 9.93603 	 100
10.9297 	 1.01003 	 2.46446e-05 	 7.12154e+07 	 3.94656e+47 	 9.91969 	 101
10.9248 	 1.02002 	 2.4583e-05 	 7.13106e+07 	 3.95183e+47 	 9.9048 	 102
10.9213 	 1.03002 	 2.45273e-05 	 7.13969e+07 	 3.95661e+47 	 9.89132 	 103
10.9193 	 1.04002 	 2.44774e-05 	 7.14745e+07 	 3.96091e+47 	 9.87924 	 104
10.9185 	 1.05002 	 2.44331e-05 	 7.15436e+07 	 3.96474e+47 	 9.86851 	 105
10.9191 	 1.06002 	 2.43943e-05 	 7.16042e+07 	 3.9681e+47 	 9.85911 	 106
10.921 	 1.07002 	 2.43609e-05 	 7.16565e+07 	 3.971e+47 	 9.85102 	 107
10.9242 	 1.08002 	 2.43328e-05 	 7.17007e+07 	 3.97345e+47 	 9.84419 	 108
10.9286 	 1.09002 	 2.43098e-05 	 7.17368e+07 	 3.97545e+47 	 9.83862 	 109
10.9343 	 1.10002 	 2.42919e-05 	 7.1765e+07 	 3.97701e+47 	 9.83427 	 110
10.9411 	 1.11002 	 2.4279e-05 	 7.17854e+07 	 3.97814e+47 	 9.83112 	 111
10.9492 	 1.12002 	 2.42709e-05 	 7.17981e+07 	 3.97885e+47 	 9.82916 	 112
10.9584 	 1.13002 	 2.42676e-05 	 7.18034e+07 	 3.97914e+47 	 9.82835 	 113
10.9687 	 1.14002 	 2.42689e-05 	 7.18012e+07 	 3.97902e+47 	 9.82869 	 114
10.9802 	 1.15002 	 2.42749e-05 	 7.17918e+07 	 3.9785e+47 	 9.83014 	 115
10.9927 	 1.16002 	 2.42854e-05 	 7.17752e+07 	 3.97758e+47 	 9.83269 	 116
11.0064 	 1.17002 	 2.43004e-05 	 7.17516e+07 	 3.97627e+47 	 9.83633 	 117
11.0211 	 1.18002 	 2.43198e-05 	 7.17211e+07 	 3.97458e+47 	 9.84103 	 118
11.0368 	 1.19002 	 2.43435e-05 	 7.16839e+07 	 3.97252e+47 	 9.84679 	 119
11.0536 	 1.20002 	 2.43714e-05 	 7.164e+07 	 3.97009e+47 	 9.85357 	 120
11.0714 	 1.21002 	 2.44036e-05 	 7.15896e+07 	 3.96729e+47 	 9.86138 	 121
11.0902 	 1.22002 	 2.444e-05 	 7.15328e+07 	 3.96414e+47 	 9.87019 	 122
11.11 	 1.23002 	 2.44805e-05 	 7.14697e+07 	 3.96065e+47 	 9.87999 	 123
11.1308 	 1.24002 	 2.4525e-05 	 7.14005e+07 	 3.95681e+47 	 9.89077 	 124
11.1525 	 1.25002 	 2.45735e-05 	 7.13252e+07 	 3.95264e+47 	 9.90252 	 125
11.1752 	 1.26003 	 2.46261e-05 	 7.1244e+07 	 3.94814e+47 	 9.91522 	 126
11.1989 	 1.27002 	 2.46826e-05 	 7.1157e+07 	 3.94332e+47 	 9.92886 	 127
11.2235 	 1.28002 	 2.4743e-05 	 7.10642e+07 	 3.93818e+47 	 9.94343 	 128
11.2489 	 1.29002 	 2.48073e-05 	 7.0966e+07 	 3.93273e+47 	 9.95892 	 129
11.2754 	 1.30002 	 2.48754e-05 	 7.08622e+07 	 3.92698e+47 	 9.97533 	 130
11.3027 	 1.31003 	 2.49474e-05 	 7.07531e+07 	 3.92094e+47 	 9.99263 	 131
11.3309 	 1.32002 	 2.50231e-05 	 7.06388e+07 	 3.9146e+47 	 10.0108 	 132
11.3599 	 1.33002 	 2.51027e-05 	 7.05193e+07 	 3.90798e+47 	 10.0299 	 133
11.3899 	 1.34002 	 2.5186e-05 	 7.03949e+07 	 3.90108e+47 	 10.0499 	 134
11.4207 	 1.35003 	 2.5273e-05 	 7.02655e+07 	 3.89391e+47 	 10.0707 	 135
11.4524 	 1.36003 	 2.53638e-05 	 7.01313e+07 	 3.88648e+47 	 10.0924 	 136
11.4849 	 1.37003 	 2.54582e-05 	 6.99924e+07 	 3.87878e+47 	 10.1149 	 137
11.5183 	 1.38003 	 2.55564e-05 	 6.98489e+07 	 3.87083e+47 	 10.1383 	 138
11.5525 	 1.39003 	 2.56582e-05 	 6.97009e+07 	 3.86262e+47 	 10.1625 	 139
11.5876 	 1.40003 	 2.57637e-05 	 6.95485e+07 	 3.85418e+47 	 10.1876 	 140
11.6235 	 1.41003 	 2.58729e-05 	 6.93918e+07 	 3.8455e+47 	 10.2134 	 141
11.6602 	 1.42003 	 2.59858e-05 	 6.92309e+07 	 3.83658e+47 	 10.2401 	 142
11.6977 	 1.43003 	 2.61023e-05 	 6.9066e+07 	 3.82744e+47 	 10.2677 	 143
11.736 	 1.44003 	 2.62224e-05 	 6.8897e+07 	 3.81807e+47 	 10.296 	 144
11.7752 	 1.45003 	 2.63462e-05 	 6.87241e+07 	 3.80849e+47 	 10.3251 	 145
11.8151 	 1.46003 	 2.64737e-05 	 6.85474e+07 	 3.7987e+47 	 10.3551 	 146
11.8559 	 1.47003 	 2.66048e-05 	 6.8367e+07 	 3.78871e+47 	 10.3858 	 147
11.8974 	 1.48003 	 2.67396e-05 	 6.8183e+07 	 3.77851e+47 	 10.4174 	 148
11.9397 	 1.49003 	 2.68781e-05 	 6.79954e+07 	 3.76811e+47 	 10.4497 	 149
11.9829 	 1.50003 	 2.70203e-05 	 6.78044e+07 	 3.75753e+47 	 10.4828 	 150
12.0268 	 1.51003 	 2.71661e-05 	 6.761e+07 	 3.74676e+47 	 10.5167 	 151
12.0715 	 1.52003 	 2.73156e-05 	 6.74124e+07 	 3.7358e+47 	 10.5514 	 152
12.1169 	 1.53003 	 2.74688e-05 	 6.72116e+07 	 3.72467e+47 	 10.5869 	 153
12.1632 	 1.54003 	 2.76258e-05 	 6.70077e+07 	 3.71337e+47 	 10.6232 	 154
12.2102 	 1.55003 	 2.77865e-05 	 6.68007e+07 	 3.70191e+47 	 10.6602 	 155
12.258 	 1.56003 	 2.79509e-05 	 6.65909e+07 	 3.69028e+47 	 10.698 	 156
12.3066 	 1.57003 	 2.81191e-05 	 6.63781e+07 	 3.67849e+47 	 10.7366 	 157
12.356 	 1.58003 	 2.82911e-05 	 6.61626e+07 	 3.66654e+47 	 10.7759 	 158
12.4061 	 1.59003 	 2.84668e-05 	 6.59444e+07 	 3.65445e+47 	 10.816 	 159
12.457 	 1.60003 	 2.86464e-05 	 6.57236e+07 	 3.64222e+47 	 10.8569 	 160
12.5086 	 1.61003 	 2.88298e-05 	 6.55003e+07 	 3.62984e+47 	 10.8986 	 161
12.561 	 1.62003 	 2.90171e-05 	 6.52744e+07 	 3.61732e+47 	 10.941 	 162
12.6142 	 1.63003 	 2.92083e-05 	 6.50462e+07 	 3.60468e+47 	 10.9842 	 163
12.6682 	 1.64003 	 2.94034e-05 	 6.48157e+07 	 3.5919e+47 	 11.0282 	 164
12.7229 	 1.65003 	 2.96024e-05 	 6.45829e+07 	 3.579e+47 	 11.0729 	 165
12.7784 	 1.66003 	 2.98054e-05 	 6.4348e+07 	 3.56598e+47 	 11.1184 	 166
12.8347 	 1.67003 	 3.00124e-05 	 6.41109e+07 	 3.55284e+47 	 11.1647 	 167
12.8917 	 1.68003 	 3.02234e-05 	 6.38718e+07 	 3.53959e+47 	 11.2117 	 168
12.9495 	 1.69003 	 3.04385e-05 	 6.36307e+07 	 3.52623e+47 	 11.2595 	 169
13.0081 	 1.70003 	 3.06576e-05 	 6.33877e+07 	 3.51277e+47 	 11.3081 	 170
13.0674 	 1.71003 	 3.08809e-05 	 6.31429e+07 	 3.4992e+47 	 11.3574 	 171
13.1275 	 1.72003 	 3.11083e-05 	 6.28963e+07 	 3.48554e+47 	 11.4075 	 172
13.1884 	 1.73003 	 3.13399e-05 	 6.2648e+07 	 3.47177e+47 	 11.4584 	 173
13.2501 	 1.74003 	 3.15757e-05 	 6.23981e+07 	 3.45792e+47 	 11.51 	 174
13.3125 	 1.75003 	 3.18157e-05 	 6.21465e+07 	 3.44398e+47 	 11.5625 	 175
13.3757 	 1.76003 	 3.20601e-05 	 6.18934e+07 	 3.42996e+47 	 11.6157 	 176
13.4397 	 1.77003 	 3.23088e-05 	 6.16389e+07 	 3.41585e+47 	 11.6696 	 177
13.5044 	 1.78003 	 3.25618e-05 	 6.13829e+07 	 3.40167e+47 	 11.7244 	 178
13.57 	 1.79003 	 3.28193e-05 	 6.11256e+07 	 3.38741e+47 	 11.7799 	 179
13.6363 	 1.80003 	 3.30813e-05 	 6.0867e+07 	 3.37307e+47 	 11.8363 	 180
13.7034 	 1.81003 	 3.33477e-05 	 6.06071e+07 	 3.35867e+47 	 11.8934 	 181
13.7713 	 1.82003 	 3.36187e-05 	 6.03461e+07 	 3.34421e+47 	 11.9513 	 182
13.84 	 1.83003 	 3.38943e-05 	 6.00839e+07 	 3.32968e+47 	 12.0099 	 183
13.9095 	 1.84003 	 3.41746e-05 	 5.98206e+07 	 3.31509e+47 	 12.0694 	 184
13.9797 	 1.85003 	 3.44595e-05 	 5.95563e+07 	 3.30044e+47 	 12.1297 	 185
14.0508 	 1.86003 	 3.47491e-05 	 5.9291e+07 	 3.28574e+47 	 12.1908 	 186
14.1227 	 1.87004 	 3.50436e-05 	 5.90248e+07 	 3.27099e+47 	 12.2527 	 187
14.1954 	 1.88004 	 3.53429e-05 	 5.87577e+07 	 3.25618e+47 	 12.3153 	 188
14.2689 	 1.89004 	 3.56471e-05 	 5.84897e+07 	 3.24134e+47 	 12.3788 	 189
14.3431 	 1.90004 	 3.59562e-05 	 5.8221e+07 	 3.22644e+47 	 12.4431 	 190
14.4183 	 1.91004 	 3.62703e-05 	 5.79515e+07 	 3.21151e+47 	 12.5082 	 191
14.4942 	 1.92004 	 3.65895e-05 	 5.76814e+07 	 3.19654e+47 	 12.5742 	 192
14.5709 	 1.93004 	 3.69138e-05 	 5.74105e+07 	 3.18153e+47 	 12.6409 	 193
14.6485 	 1.94004 	 3.72433e-05 	 5.71391e+07 	 3.16649e+47 	 12.7085 	 194
14.7269 	 1.95004 	 3.7578e-05 	 5.68671e+07 	 3.15141e+47 	 12.7769 	 195
14.8062 	 1.96004 	 3.7918e-05 	 5.65946e+07 	 3.13631e+47 	 12.8461 	 196
14.8862 	 1.97004 	 3.82634e-05 	 5.63215e+07 	 3.12118e+47 	 12.9162 	 197
14.9672 	 1.98004 	 3.86142e-05 	 5.60481e+07 	 3.10603e+47 	 12.9871 	 198
15.0489 	 1.99004 	 3.89704e-05 	 5.57742e+07 	 3.09085e+47 	 13.0589 	 199
15.1315 	 2.00004 	 3.93322e-05 	 5.55e+07 	 3.07565e+47 	 13.1315 	 200
15.215 	 2.01004 	 3.96997e-05 	 5.52254e+07 	 3.06044e+47 	 13.205 	 201
15.2993 	 2.02004 	 4.00728e-05 	 5.49506e+07 	 3.04521e+47 	 13.2793 	 202
15.3845 	 2.03004 	 4.04517e-05 	 5.46755e+07 	 3.02996e+47 	 13.3545 	 203
15.4706 	 2.04004 	 4.08364e-05 	 5.44002e+07 	 3.0147e+47 	 13.4305 	 204
15.5575 	 2.05004 	 4.1227e-05 	 5.41247e+07 	 2.99944e+47 	 13.5075 	 205
15.6453 	 2.06004 	 4.16236e-05 	 5.3849e+07 	 2.98416e+47 	 13.5853 	 206
15.734 	 2.07004 	 4.20262e-05 	 5.35733e+07 	 2.96888e+47 	 13.664 	 207
15.8236 	 2.08004 	 4.2435e-05 	 5.32974e+07 	 2.95359e+47 	 13.7436 	 208
15.9141 	 2.09004 	 4.28499e-05 	 5.30215e+07 	 2.9383e+47 	 13.824 	 209
16.0055 	 2.10004 	 4.32712e-05 	 5.27456e+07 	 2.92301e+47 	 13.9054 	 210
16.0977 	 2.11004 	 4.36988e-05 	 5.24697e+07 	 2.90772e+47 	 13.9877 	 211
16.1909 	 2.12004 	 4.41328e-05 	 5.21939e+07 	 2.89244e+47 	 14.0709 	 212
16.2851 	 2.13004 	 4.45734e-05 	 5.19181e+07 	 2.87715e+47 	 14.155 	 213
16.3801 	 2.14005 	 4.50205e-05 	 5.16424e+07 	 2.86188e+47 	 14.24 	 214
16.476 	 2.15004 	 4.54744e-05 	 5.13669e+07 	 2.84661e+47 	 14.326 	 215
16.5729 	 2.16005 	 4.59351e-05 	 5.10915e+07 	 2.83135e+47 	 14.4129 	 216
16.6708 	 2.17005 	 4.64026e-05 	 5.08163e+07 	 2.8161e+47 	 14.5007 	 217
16.7696 	 2.18005 	 4.68771e-05 	 5.05413e+07 	 2.80086e+47 	 14.5895 	 218
16.8693 	 2.19005 	 4.73586e-05 	 5.02666e+07 	 2.78563e+47 	 14.6793 	 219
16.97 	 2.20005 	 4.78473e-05 	 4.99921e+07 	 2.77042e+47 	 14.77 	 220
17.0717 	 2.21005 	 4.83433e-05 	 4.97179e+07 	 2.75523e+47 	 14.8616 	 221
17.1743 	 2.22005 	 4.88466e-05 	 4.94441e+07 	 2.74005e+47 	 14.9543 	 222
17.2779 	 2.23005 	 4.93573e-05 	 4.91705e+07 	 2.72489e+47 	 15.0479 	 223
17.3825 	 2.24005 	 4.98756e-05 	 4.88974e+07 	 2.70975e+47 	 15.1425 	 224
17.4882 	 2.25005 	 5.04015e-05 	 4.86246e+07 	 2.69464e+47 	 15.2381 	 225
17.5948 	 2.26005 	 5.09351e-05 	 4.83522e+07 	 2.67954e+47 	 15.3347 	 226
17.7024 	 2.27005 	 5.14766e-05 	 4.80803e+07 	 2.66447e+47 	 15.4323 	 227
17.811 	 2.28005 	 5.20261e-05 	 4.78088e+07 	 2.64943e+47 	 15.5309 	 228
17.9206 	 2.29005 	 5.25836e-05 	 4.75378e+07 	 2.63441e+47 	 15.6306 	 229
18.0313 	 2.30005 	 5.31493e-05 	 4.72672e+07 	 2.61942e+47 	 15.7313 	 230
18.143 	 2.31005 	 5.37233e-05 	 4.69972e+07 	 2.60445e+47 	 15.833 	 231
18.2558 	 2.32006 	 5.43057e-05 	 4.67277e+07 	 2.58952e+47 	 15.9357 	 232
18.3696 	 2.33006 	 5.48966e-05 	 4.64588e+07 	 2.57461e+47 	 16.0396 	 233
18.4845 	 2.34006 	 5.54962e-05 	 4.61904e+07 	 2.55974e+47 	 16.1444 	 234
18.6004 	 2.35006 	 5.61045e-05 	 4.59226e+07 	 2.5449e+47 	 16.2504 	 235
18.7175 	 2.36006 	 5.67217e-05 	 4.56555e+07 	 2.5301e+47 	 16.3574 	 236
18.8356 	 2.37006 	 5.73479e-05 	 4.53889e+07 	 2.51532e+47 	 16.4655 	 237
18.9548 	 2.38006 	 5.79832e-05 	 4.5123e+07 	 2.50059e+47 	 16.5747 	 238
19.0751 	 2.39006 	 5.86278e-05 	 4.48577e+07 	 2.48589e+47 	 16.685 	 239
19.1965 	 2.40006 	 5.92817e-05 	 4.45931e+07 	 2.47122e+47 	 16.7964 	 240
19.319 	 2.41006 	 5.99452e-05 	 4.43292e+07 	 2.4566e+47 	 16.909 	 241
19.4427 	 2.42006 	 6.06183e-05 	 4.4066e+07 	 2.44201e+47 	 17.0226 	 242
19.5675 	 2.43006 	 6.13012e-05 	 4.38035e+07 	 2.42747e+47 	 17.1375 	 243
19.6935 	 2.44006 	 6.1994e-05 	 4.35417e+07 	 2.41296e+47 	 17.2534 	 244
19.8206 	 2.45006 	 6.26969e-05 	 4.32807e+07 	 2.39849e+47 	 17.3705 	 245
19.9488 	 2.46006 	 6.341e-05 	 4.30204e+07 	 2.38407e+47 	 17.4888 	 246
20.0783 	 2.47006 	 6.41334e-05 	 4.2761e+07 	 2.36969e+47 	 17.6082 	 247
20.2089 	 2.48006 	 6.48673e-05 	 4.25022e+07 	 2.35535e+47 	 17.7289 	 248
20.3407 	 2.49007 	 6.56119e-05 	 4.22443e+07 	 2.34106e+47 	 17.8507 	 249
20.4738 	 2.50007 	 6.63673e-05 	 4.19872e+07 	 2.32681e+47 	 17.9737 	 250
20.608 	 2.51007 	 6.71336e-05 	 4.17309e+07 	 2.31261e+47 	 18.0979 	 251
20.7435 	 2.52007 	 6.7911e-05 	 4.14754e+07 	 2.29845e+47 	 18.2234 	 252
20.8801 	 2.53007 	 6.86997e-05 	 4.12208e+07 	 2.28434e+47 	 18.3501 	 253
21.0181 	 2.54007 	 6.94998e-05 	 4.0967e+07 	 2.27028e+47 	 18.478 	 254
21.1573 	 2.55007 	 7.03115e-05 	 4.07141e+07 	 2.25626e+47 	 18.6072 	 255
21.2977 	 2.56007 	 7.1135e-05 	 4.0462e+07 	 2.24229e+47 	 18.7376 	 256
21.4394 	 2.57007 	 7.19704e-05 	 4.02109e+07 	 2.22837e+47 	 18.8694 	 257
21.5824 	 2.58007 	 7.28179e-05 	 3.99606e+07 	 2.2145e+47 	 19.0024 	 258
21.7267 	 2.59007 	 7.36776e-05 	 3.97112e+07 	 2.20068e+47 	 19.1367 	 259
21.8723 	 2.60007 	 7.45498e-05 	 3.94628e+07 	 2.18691e+47 	 19.2723 	 260
22.0193 	 2.61007 	 7.54347e-05 	 3.92152e+07 	 2.1732e+47 	 19.4092 	 261
22.1675 	 2.62008 	 7.63323e-05 	 3.89686e+07 	 2.15953e+47 	 19.5474 	 262
22.3171 	 2.63008 	 7.72429e-05 	 3.87229e+07 	 2.14591e+47 	 19.687 	 263
22.468 	 2.64008 	 7.81667e-05 	 3.84781e+07 	 2.13235e+47 	 19.828 	 264
22.6203 	 2.65008 	 7.91039e-05 	 3.82343e+07 	 2.11884e+47 	 19.9703 	 265
22.774 	 2.66008 	 8.00547e-05 	 3.79915e+07 	 2.10538e+47 	 20.1139 	 266
22.9291 	 2.67008 	 8.10192e-05 	 3.77496e+07 	 2.09197e+47 	 20.259 	 267
23.0855 	 2.68008 	 8.19977e-05 	 3.75086e+07 	 2.07862e+47 	 20.4054 	 268
23.2434 	 2.69008 	 8.29904e-05 	 3.72687e+07 	 2.06533e+47 	 20.5533 	 269
23.4027 	 2.70008 	 8.39974e-05 	 3.70297e+07 	 2.05208e+47 	 20.7026 	 270
23.5634 	 2.71008 	 8.5019e-05 	 3.67917e+07 	 2.03889e+47 	 20.8533 	 271
23.7255 	 2.72009 	 8.60554e-05 	 3.65548e+07 	 2.02576e+47 	 21.0054 	 272
23.8891 	 2.73009 	 8.71069e-05 	 3.63188e+07 	 2.01268e+47 	 21.1591 	 273
24.0542 	 2.74009 	 8.81735e-05 	 3.60838e+07 	 1.99966e+47 	 21.3141 	 274
24.2208 	 2.75009 	 8.92557e-05 	 3.58498e+07 	 1.98669e+47 	 21.4707 	 275
24.3889 	 2.76009 	 9.03535e-05 	 3.56168e+07 	 1.97378e+47 	 21.6288 	 276
24.5584 	 2.77009 	 9.14672e-05 	 3.53849e+07 	 1.96093e+47 	 21.7883 	 277
24.7295 	 2.78009 	 9.25971e-05 	 3.51539e+07 	 1.94813e+47 	 21.9494 	 278
24.9022 	 2.79009 	 9.37433e-05 	 3.4924e+07 	 1.93539e+47 	 22.1121 	 279
25.0763 	 2.80009 	 9.49062e-05 	 3.46951e+07 	 1.92271e+47 	 22.2762 	 280
25.2521 	 2.8101 	 9.6086e-05 	 3.44673e+07 	 1.91008e+47 	 22.442 	 281
25.4294 	 2.8201 	 9.72828e-05 	 3.42405e+07 	 1.89751e+47 	 22.6093 	 282
25.6083 	 2.8301 	 9.84971e-05 	 3.40147e+07 	 1.885e+47 	 22.7782 	 283
25.7888 	 2.8401 	 9.9729e-05 	 3.379e+07 	 1.87254e+47 	 22.9487 	 284
25.9709 	 2.8501 	 0.000100979 	 3.35663e+07 	 1.86015e+47 	 23.1208 	 285
26.1546 	 2.8601 	 0.000102247 	 3.33436e+07 	 1.84781e+47 	 23.2945 	 286
26.34 	 2.8701 	 0.000103533 	 3.3122e+07 	 1.83553e+47 	 23.4699 	 287
26.5271 	 2.8801 	 0.000104838 	 3.29015e+07 	 1.82331e+47 	 23.647 	 288
26.7158 	 2.89011 	 0.000106162 	 3.2682e+07 	 1.81114e+47 	 23.8257 	 289
26.9063 	 2.90011 	 0.000107505 	 3.24636e+07 	 1.79904e+47 	 24.0062 	 290
27.0984 	 2.91011 	 0.000108868 	 3.22462e+07 	 1.78699e+47 	 24.1883 	 291
27.2922 	 2.92011 	 0.000110251 	 3.20299e+07 	 1.77501e+47 	 24.3721 	 292
27.4878 	 2.93011 	 0.000111653 	 3.18147e+07 	 1.76308e+47 	 24.5577 	 293
27.6852 	 2.94011 	 0.000113076 	 3.16005e+07 	 1.75121e+47 	 24.745 	 294
27.8843 	 2.95012 	 0.00011452 	 3.13874e+07 	 1.7394e+47 	 24.9341 	 295
28.0851 	 2.96012 	 0.000115985 	 3.11753e+07 	 1.72765e+47 	 25.125 	 296
28.2878 	 2.97012 	 0.000117471 	 3.09643e+07 	 1.71596e+47 	 25.3177 	 297
28.4923 	 2.98012 	 0.000118979 	 3.07544e+07 	 1.70432e+47 	 25.5122 	 298
28.6986 	 2.99012 	 0.000120509 	 3.05456e+07 	 1.69275e+47 	 25.7085 	 299
28.9068 	 3.00012 	 0.000122061 	 3.03378e+07 	 1.68123e+47 	 25.9067 	 300
29.1168 	 3.01012 	 0.000123636 	 3.01311e+07 	 1.66978e+47 	 26.1067 	 301
29.3287 	 3.02012 	 0.000125234 	 2.99254e+07 	 1.65838e+47 	 26.3086 	 302
29.5426 	 3.03013 	 0.000126855 	 2.97209e+07 	 1.64705e+47 	 26.5124 	 303
29.7583 	 3.04013 	 0.0001285 	 2.95174e+07 	 1.63577e+47 	 26.7182 	 304
29.9759 	 3.05013 	 0.000130169 	 2.93149e+07 	 1.62455e+47 	 26.9258 	 305
30.1955 	 3.06013 	 0.000131862 	 2.91136e+07 	 1.61339e+47 	 27.1354 	 306
30.4171 	 3.07013 	 0.00013358 	 2.89133e+07 	 1.60229e+47 	 27.347 	 307
30.6407 	 3.08014 	 0.000135323 	 2.8714e+07 	 1.59125e+47 	 27.5605 	 308
30.8662 	 3.09014 	 0.000137091 	 2.85159e+07 	 1.58027e+47 	 27.7761 	 309
31.0938 	 3.10014 	 0.000138886 	 2.83188e+07 	 1.56935e+47 	 27.9937 	 310
31.3234 	 3.11014 	 0.000140707 	 2.81228e+07 	 1.55848e+47 	 28.2133 	 311
31.5551 	 3.12014 	 0.000142554 	 2.79278e+07 	 1.54768e+47 	 28.4349 	 312
31.7888 	 3.13014 	 0.000144428 	 2.77339e+07 	 1.53693e+47 	 28.6587 	 313
32.0247 	 3.14014 	 0.00014633 	 2.75411e+07 	 1.52625e+47 	 28.8845 	 314
32.2626 	 3.15015 	 0.00014826 	 2.73493e+07 	 1.51562e+47 	 29.1125 	 315
32.5027 	 3.16015 	 0.000150218 	 2.71586e+07 	 1.50505e+47 	 29.3426 	 316
32.745 	 3.17015 	 0.000152205 	 2.69689e+07 	 1.49454e+47 	 29.5748 	 317
32.9894 	 3.18015 	 0.000154221 	 2.67803e+07 	 1.48409e+47 	 29.8092 	 318
33.236 	 3.19016 	 0.000156266 	 2.65928e+07 	 1.4737e+47 	 30.0458 	 319
33.4848 	 3.20016 	 0.000158342 	 2.64063e+07 	 1.46336e+47 	 30.2847 	 320
33.7359 	 3.21016 	 0.000160448 	 2.62209e+07 	 1.45309e+47 	 30.5257 	 321
33.9892 	 3.22016 	 0.000162585 	 2.60365e+07 	 1.44287e+47 	 30.769 	 322
34.2447 	 3.23016 	 0.000164754 	 2.58532e+07 	 1.43271e+47 	 31.0146 	 323
34.5026 	 3.24017 	 0.000166954 	 2.56709e+07 	 1.42261e+47 	 31.2624 	 324
34.7628 	 3.25017 	 0.000169187 	 2.54896e+07 	 1.41256e+47 	 31.5126 	 325
35.0253 	 3.26017 	 0.000171452 	 2.53094e+07 	 1.40258e+47 	 31.7651 	 326
35.2902 	 3.27017 	 0.000173751 	 2.51303e+07 	 1.39265e+47 	 32.02 	 327
35.5574 	 3.28017 	 0.000176084 	 2.49522e+07 	 1.38278e+47 	 32.2773 	 328
35.8271 	 3.29018 	 0.000178451 	 2.47751e+07 	 1.37297e+47 	 32.5369 	 329
36.0992 	 3.30018 	 0.000180853 	 2.4599e+07 	 1.36321e+47 	 32.799 	 330
36.3737 	 3.31018 	 0.000183291 	 2.4424e+07 	 1.35351e+47 	 33.0635 	 331
36.6507 	 3.32019 	 0.000185764 	 2.425e+07 	 1.34387e+47 	 33.3305 	 332
36.9302 	 3.33019 	 0.000188274 	 2.40771e+07 	 1.33428e+47 	 33.6 	 333
37.2122 	 3.34019 	 0.000190821 	 2.39052e+07 	 1.32476e+47 	 33.872 	 334
37.4967 	 3.35019 	 0.000193406 	 2.37342e+07 	 1.31528e+47 	 34.1465 	 335
37.7838 	 3.3602 	 0.000196029 	 2.35643e+07 	 1.30587e+47 	 34.4236 	 336
38.0735 	 3.3702 	 0.00019869 	 2.33955e+07 	 1.29651e+47 	 34.7033 	 337
38.3658 	 3.3802 	 0.000201391 	 2.32276e+07 	 1.28721e+47 	 34.9856 	 338
38.6607 	 3.39021 	 0.000204132 	 2.30607e+07 	 1.27796e+47 	 35.2705 	 339
38.9583 	 3.40021 	 0.000206914 	 2.28949e+07 	 1.26877e+47 	 35.5581 	 340
39.2585 	 3.41021 	 0.000209736 	 2.273e+07 	 1.25963e+47 	 35.8483 	 341
39.5615 	 3.42021 	 0.000212601 	 2.25662e+07 	 1.25055e+47 	 36.1413 	 342
39.8672 	 3.43021 	 0.000215508 	 2.24033e+07 	 1.24153e+47 	 36.437 	 343
40.1756 	 3.44022 	 0.000218457 	 2.22415e+07 	 1.23256e+47 	 36.7354 	 344
40.4869 	 3.45022 	 0.000221451 	 2.20806e+07 	 1.22364e+47 	 37.0367 	 345
40.8009 	 3.46022 	 0.000224489 	 2.19207e+07 	 1.21478e+47 	 37.3407 	 346
41.1178 	 3.47023 	 0.000227573 	 2.17618e+07 	 1.20598e+47 	 37.6476 	 347
41.4375 	 3.48023 	 0.000230701 	 2.16039e+07 	 1.19723e+47 	 37.9573 	 348
41.7601 	 3.49023 	 0.000233877 	 2.1447e+07 	 1.18853e+47 	 38.2699 	 349
42.0857 	 3.50024 	 0.0002371 	 2.1291e+07 	 1.17989e+47 	 38.5854 	 350
42.4141 	 3.51024 	 0.00024037 	 2.1136e+07 	 1.1713e+47 	 38.9039 	 351
42.7456 	 3.52024 	 0.000243689 	 2.0982e+07 	 1.16276e+47 	 39.2253 	 352
43.08 	 3.53025 	 0.000247058 	 2.08289e+07 	 1.15428e+47 	 39.5498 	 353
43.4175 	 3.54025 	 0.000250476 	 2.06768e+07 	 1.14585e+47 	 39.8772 	 354
43.758 	 3.55025 	 0.000253946 	 2.05257e+07 	 1.13747e+47 	 40.2077 	 355
44.1016 	 3.56026 	 0.000257467 	 2.03755e+07 	 1.12915e+47 	 40.5413 	 356
44.4482 	 3.57026 	 0.00026104 	 2.02262e+07 	 1.12088e+47 	 40.878 	 357
44.7981 	 3.58027 	 0.000264667 	 2.00779e+07 	 1.11266e+47 	 41.2178 	 358
45.1511 	 3.59027 	 0.000268348 	 1.99306e+07 	 1.1045e+47 	 41.5608 	 359
45.5073 	 3.60027 	 0.000272084 	 1.97842e+07 	 1.09638e+47 	 41.907 	 360
45.8667 	 3.61028 	 0.000275875 	 1.96387e+07 	 1.08832e+47 	 42.2564 	 361
46.2294 	 3.62028 	 0.000279724 	 1.94941e+07 	 1.08031e+47 	 42.6091 	 362
46.5953 	 3.63028 	 0.000283629 	 1.93505e+07 	 1.07235e+47 	 42.9651 	 363
46.9646 	 3.64029 	 0.000287593 	 1.92078e+07 	 1.06444e+47 	 43.3243 	 364
47.3373 	 3.65029 	 0.000291616 	 1.9066e+07 	 1.05658e+47 	 43.687 	 365
47.7133 	 3.6603 	 0.000295699 	 1.89251e+07 	 1.04878e+47 	 44.053 	 366
48.0927 	 3.6703 	 0.000299844 	 1.87852e+07 	 1.04102e+47 	 44.4224 	 367
48.4755 	 3.68031 	 0.00030405 	 1.86461e+07 	 1.03331e+47 	 44.7952 	 368
48.8619 	 3.69031 	 0.000308319 	 1.8508e+07 	 1.02566e+47 	 45.1716 	 369
49.2517 	 3.70031 	 0.000312652 	 1.83707e+07 	 1.01805e+47 	 45.5514 	 370
49.6451 	 3.71032 	 0.00031705 	 1.82344e+07 	 1.0105e+47 	 45.9348 	 371
50.0421 	 3.72032 	 0.000321514 	 1.80989e+07 	 1.00299e+47 	 46.3218 	 372
50.4426 	 3.73033 	 0.000326045 	 1.79643e+07 	 9.95532e+46 	 46.7123 	 373
50.8469 	 3.74033 	 0.000330644 	 1.78306e+07 	 9.88123e+46 	 47.1065 	 374
51.2547 	 3.75034 	 0.000335311 	 1.76978e+07 	 9.80763e+46 	 47.5044 	 375
51.6663 	 3.76034 	 0.000340049 	 1.75659e+07 	 9.73452e+46 	 47.906 	 376
52.0817 	 3.77034 	 0.000344858 	 1.74348e+07 	 9.66188e+46 	 48.3113 	 377
52.5008 	 3.78035 	 0.000349739 	 1.73046e+07 	 9.58973e+46 	 48.7204 	 378
52.9237 	 3.79036 	 0.000354693 	 1.71753e+07 	 9.51806e+46 	 49.1334 	 379
53.3505 	 3.80036 	 0.000359722 	 1.70468e+07 	 9.44686e+46 	 49.5502 	 380
53.7812 	 3.81036 	 0.000364826 	 1.69192e+07 	 9.37614e+46 	 49.9708 	 381
54.2158 	 3.82037 	 0.000370007 	 1.67924e+07 	 9.30589e+46 	 50.3954 	 382
54.6544 	 3.83038 	 0.000375266 	 1.66665e+07 	 9.2361e+46 	 50.824 	 383
55.0969 	 3.84038 	 0.000380604 	 1.65414e+07 	 9.16679e+46 	 51.2565 	 384
55.5435 	 3.85039 	 0.000386023 	 1.64172e+07 	 9.09794e+46 	 51.6931 	 385
55.9942 	 3.86039 	 0.000391523 	 1.62938e+07 	 9.02955e+46 	 52.1338 	 386
56.4489 	 3.8704 	 0.000397106 	 1.61712e+07 	 8.96162e+46 	 52.5785 	 387
56.9079 	 3.8804 	 0.000402773 	 1.60495e+07 	 8.89415e+46 	 53.0275 	 388
57.371 	 3.89041 	 0.000408525 	 1.59285e+07 	 8.82714e+46 	 53.4806 	 389
57.8383 	 3.90041 	 0.000414364 	 1.58084e+07 	 8.76058e+46 	 53.9379 	 390
58.31 	 3.91042 	 0.000420291 	 1.56891e+07 	 8.69447e+46 	 54.3995 	 391
58.7859 	 3.92043 	 0.000426308 	 1.55706e+07 	 8.6288e+46 	 54.8655 	 392
59.2662 	 3.93043 	 0.000432416 	 1.5453e+07 	 8.56359e+46 	 55.3357 	 393
59.7508 	 3.94044 	 0.000438615 	 1.53361e+07 	 8.49882e+46 	 55.8104 	 394
60.2399 	 3.95044 	 0.000444909 	 1.522e+07 	 8.43449e+46 	 56.2895 	 395
60.7335 	 3.96045 	 0.000451297 	 1.51047e+07 	 8.3706e+46 	 56.7731 	 396
61.2316 	 3.97046 	 0.000457782 	 1.49902e+07 	 8.30715e+46 	 57.2612 	 397
61.7343 	 3.98046 	 0.000464365 	 1.48765e+07 	 8.24413e+46 	 57.7538 	 398
62.2415 	 3.99047 	 0.000471048 	 1.47636e+07 	 8.18155e+46 	 58.251 	 399
62.7534 	 4.00048 	 0.000477831 	 1.46514e+07 	 8.11939e+46 	 58.7529 	 400
63.27 	 4.01048 	 0.000484718 	 1.454e+07 	 8.05767e+46 	 59.2595 	 401
63.7913 	 4.02049 	 0.000491708 	 1.44294e+07 	 7.99636e+46 	 59.7708 	 402
64.3174 	 4.0305 	 0.000498805 	 1.43196e+07 	 7.93549e+46 	 60.2869 	 403
64.8484 	 4.04051 	 0.000506009 	 1.42105e+07 	 7.87503e+46 	 60.8079 	 404
65.3842 	 4.05051 	 0.000513322 	 1.41021e+07 	 7.81499e+46 	 61.3336 	 405
65.9249 	 4.06052 	 0.000520746 	 1.39945e+07 	 7.75537e+46 	 61.8644 	 406
66.4706 	 4.07053 	 0.000528283 	 1.38877e+07 	 7.69617e+46 	 62.4 	 407
67.0212 	 4.08054 	 0.000535934 	 1.37816e+07 	 7.63737e+46 	 62.9407 	 408
67.577 	 4.09055 	 0.000543701 	 1.36762e+07 	 7.57899e+46 	 63.4864 	 409
68.1378 	 4.10055 	 0.000551586 	 1.35716e+07 	 7.52101e+46 	 64.0373 	 410
68.7038 	 4.11056 	 0.000559591 	 1.34677e+07 	 7.46344e+46 	 64.5933 	 411
69.275 	 4.12057 	 0.000567717 	 1.33646e+07 	 7.40627e+46 	 65.1544 	 412
69.8515 	 4.13058 	 0.000575967 	 1.32621e+07 	 7.3495e+46 	 65.7209 	 413
70.4332 	 4.14059 	 0.000584342 	 1.31604e+07 	 7.29313e+46 	 66.2926 	 414
71.0203 	 4.1506 	 0.000592845 	 1.30594e+07 	 7.23716e+46 	 66.8697 	 415
71.6128 	 4.1606 	 0.000601477 	 1.29591e+07 	 7.18158e+46 	 67.4522 	 416
72.2108 	 4.17061 	 0.00061024 	 1.28595e+07 	 7.12639e+46 	 68.0402 	 417
72.8142 	 4.18062 	 0.000619137 	 1.27606e+07 	 7.07159e+46 	 68.6336 	 418
73.4232 	 4.19063 	 0.000628169 	 1.26625e+07 	 7.01718e+46 	 69.2326 	 419
74.0379 	 4.20064 	 0.000637339 	 1.2565e+07 	 6.96315e+46 	 69.8372 	 420
74.6582 	 4.21065 	 0.000646648 	 1.24682e+07 	 6.90951e+46 	 70.4475 	 421
75.2842 	 4.22066 	 0.000656099 	 1.23721e+07 	 6.85624e+46 	 71.0635 	 422
75.9159 	 4.23067 	 0.000665695 	 1.22766e+07 	 6.80336e+46 	 71.6853 	 423
76.5535 	 4.24068 	 0.000675436 	 1.21819e+07 	 6.75085e+46 	 72.3129 	 424
77.197 	 4.25069 	 0.000685327 	 1.20878e+07 	 6.69871e+46 	 72.9463 	 425
77.8464 	 4.2607 	 0.000695368 	 1.19944e+07 	 6.64695e+46 	 73.5857 	 426
78.5018 	 4.27071 	 0.000705562 	 1.19016e+07 	 6.59555e+46 	 74.2311 	 427
79.1633 	 4.28072 	 0.000715912 	 1.18096e+07 	 6.54452e+46 	 74.8826 	 428
79.8309 	 4.29073 	 0.000726421 	 1.17181e+07 	 6.49386e+46 	 75.5401 	 429
80.5046 	 4.30074 	 0.000737089 	 1.16274e+07 	 6.44356e+46 	 76.2039 	 430
81.1846 	 4.31075 	 0.000747921 	 1.15373e+07 	 6.39362e+46 	 76.8738 	 431
81.8708 	 4.32076 	 0.000758919 	 1.14478e+07 	 6.34404e+46 	 77.55 	 432
82.5634 	 4.33077 	 0.000770084 	 1.1359e+07 	 6.29481e+46 	 78.2326 	 433
83.2624 	 4.34078 	 0.000781421 	 1.12708e+07 	 6.24594e+46 	 78.9216 	 434
83.9678 	 4.35079 	 0.00079293 	 1.11832e+07 	 6.19742e+46 	 79.617 	 435
84.6798 	 4.3608 	 0.000804616 	 1.10963e+07 	 6.14926e+46 	 80.319 	 436
85.3984 	 4.37082 	 0.000816481 	 1.101e+07 	 6.10143e+46 	 81.0275 	 437
86.1236 	 4.38083 	 0.000828528 	 1.09243e+07 	 6.05396e+46 	 81.7427 	 438
86.8555 	 4.39084 	 0.000840759 	 1.08393e+07 	 6.00683e+46 	 82.4646 	 439
87.5942 	 4.40086 	 0.000853178 	 1.07549e+07 	 5.96004e+46 	 83.1933 	 440
88.3397 	 4.41087 	 0.000865786 	 1.0671e+07 	 5.91358e+46 	 83.9289 	 441
89.0922 	 4.42088 	 0.000878589 	 1.05878e+07 	 5.86747e+46 	 84.6713 	 442
89.8516 	 4.43089 	 0.000891587 	 1.05052e+07 	 5.82169e+46 	 85.4207 	 443
90.6181 	 4.4409 	 0.000904785 	 1.04232e+07 	 5.77624e+46 	 86.1772 	 444
91.3917 	 4.45092 	 0.000918186 	 1.03418e+07 	 5.73113e+46 	 86.9407 	 445
92.1724 	 4.46093 	 0.000931792 	 1.0261e+07 	 5.68634e+46 	 87.7115 	 446
92.9604 	 4.47095 	 0.000945607 	 1.01808e+07 	 5.64188e+46 	 88.4894 	 447
93.7557 	 4.48096 	 0.000959635 	 1.01011e+07 	 5.59775e+46 	 89.2747 	 448
94.5584 	 4.49097 	 0.000973878 	 1.0022e+07 	 5.55394e+46 	 90.0674 	 449
95.3685 	 4.50099 	 0.00098834 	 9.94357e+06 	 5.51044e+46 	 90.8675 	 450
96.1862 	 4.511 	 0.00100302 	 9.86566e+06 	 5.46727e+46 	 91.6752 	 451
97.0114 	 4.52102 	 0.00101793 	 9.78833e+06 	 5.42441e+46 	 92.4904 	 452
97.8443 	 4.53104 	 0.00103307 	 9.71156e+06 	 5.38187e+46 	 93.3133 	 453
98.685 	 4.54105 	 0.00104845 	 9.63536e+06 	 5.33964e+46 	 94.1439 	 454
99.5335 	 4.55106 	 0.00106405 	 9.55972e+06 	 5.29772e+46 	 94.9824 	 455
100.39 	 4.56108 	 0.0010799 	 9.48463e+06 	 5.25611e+46 	 95.8287 	 456
101.254 	 4.5711 	 0.001096 	 9.4101e+06 	 5.21481e+46 	 96.683 	 457
102.127 	 4.58112 	 0.00111234 	 9.33612e+06 	 5.17381e+46 	 97.5454 	 458
103.007 	 4.59113 	 0.00112893 	 9.26268e+06 	 5.13311e+46 	 98.4159 	 459
103.896 	 4.60114 	 0.00114578 	 9.18978e+06 	 5.09272e+46 	 99.2945 	 460
104.793 	 4.61116 	 0.00116289 	 9.11743e+06 	 5.05262e+46 	 100.181 	 461
105.698 	 4.62118 	 0.00118026 	 9.04561e+06 	 5.01282e+46 	 101.077 	 462
106.612 	 4.6312 	 0.0011979 	 8.97432e+06 	 4.97331e+46 	 101.98 	 463
107.534 	 4.64121 	 0.00121581 	 8.90356e+06 	 4.9341e+46 	 102.893 	 464
108.465 	 4.65124 	 0.001234 	 8.83333e+06 	 4.89518e+46 	 103.813 	 465
109.404 	 4.66125 	 0.00125247 	 8.76362e+06 	 4.85655e+46 	 104.743 	 466
110.353 	 4.67127 	 0.00127122 	 8.69442e+06 	 4.8182e+46 	 105.681 	 467
111.31 	 4.68129 	 0.00129027 	 8.62575e+06 	 4.78014e+46 	 106.628 	 468
112.276 	 4.69131 	 0.0013096 	 8.55758e+06 	 4.74237e+46 	 107.584 	 469
113.251 	 4.70133 	 0.00132924 	 8.48992e+06 	 4.70487e+46 	 108.549 	 470
114.235 	 4.71135 	 0.00134918 	 8.42276e+06 	 4.66766e+46 	 109.523 	 471
115.228 	 4.72137 	 0.00136943 	 8.35611e+06 	 4.63072e+46 	 110.507 	 472
116.231 	 4.73139 	 0.00138999 	 8.28996e+06 	 4.59406e+46 	 111.499 	 473
117.243 	 4.74141 	 0.00141087 	 8.2243e+06 	 4.55767e+46 	 112.501 	 474
118.264 	 4.75143 	 0.00143208 	 8.15913e+06 	 4.52156e+46 	 113.513 	 475
119.295 	 4.76145 	 0.00145361 	 8.09445e+06 	 4.48571e+46 	 114.534 	 476
120.336 	 4.77148 	 0.00147547 	 8.03025e+06 	 4.45014e+46 	 115.564 	 477
121.386 	 4.78149 	 0.00149767 	 7.96654e+06 	 4.41483e+46 	 116.605 	 478
122.446 	 4.79152 	 0.00152022 	 7.9033e+06 	 4.37979e+46 	 117.655 	 479
123.516 	 4.80154 	 0.00154312 	 7.84054e+06 	 4.34501e+46 	 118.715 	 480
124.596 	 4.81157 	 0.00156637 	 7.77825e+06 	 4.31049e+46 	 119.785 	 481
125.686 	 4.82159 	 0.00158998 	 7.71644e+06 	 4.27623e+46 	 120.865 	 482
126.787 	 4.83161 	 0.00161396 	 7.65508e+06 	 4.24223e+46 	 121.955 	 483
127.897 	 4.84164 	 0.00163831 	 7.59419e+06 	 4.20848e+46 	 123.056 	 484
129.018 	 4.85167 	 0.00166303 	 7.53376e+06 	 4.175e+46 	 124.167 	 485
130.15 	 4.86169 	 0.00168814 	 7.47378e+06 	 4.14176e+46 	 125.288 	 486
131.292 	 4.87171 	 0.00171364 	 7.41426e+06 	 4.10877e+46 	 126.42 	 487
132.445 	 4.88174 	 0.00173954 	 7.35519e+06 	 4.07604e+46 	 127.563 	 488
133.609 	 4.89177 	 0.00176584 	 7.29656e+06 	 4.04355e+46 	 128.717 	 489
134.783 	 4.90179 	 0.00179255 	 7.23838e+06 	 4.01131e+46 	 129.881 	 490
135.969 	 4.91182 	 0.00181967 	 7.18064e+06 	 3.97931e+46 	 131.057 	 491
137.165 	 4.92184 	 0.00184721 	 7.12334e+06 	 3.94755e+46 	 132.244 	 492
138.373 	 4.93187 	 0.00187518 	 7.06647e+06 	 3.91604e+46 	 133.441 	 493
139.593 	 4.94191 	 0.00190359 	 7.01004e+06 	 3.88476e+46 	 134.651 	 494
140.823 	 4.95193 	 0.00193243 	 6.95403e+06 	 3.85373e+46 	 135.871 	 495
142.065 	 4.96196 	 0.00196173 	 6.89845e+06 	 3.82292e+46 	 137.103 	 496
143.319 	 4.97198 	 0.00199148 	 6.84329e+06 	 3.79236e+46 	 138.347 	 497
144.585 	 4.98203 	 0.0020217 	 6.78855e+06 	 3.76202e+46 	 139.603 	 498
145.862 	 4.99205 	 0.00205238 	 6.73423e+06 	 3.73192e+46 	 140.87 	 499
147.152 	 5.00209 	 0.00208354 	 6.68033e+06 	 3.70205e+46 	 142.15 	 500
148.454 	 5.01212 	 0.00211519 	 6.62683e+06 	 3.6724e+46 	 143.441 	 501
149.767 	 5.02214 	 0.00214733 	 6.57375e+06 	 3.64298e+46 	 144.745 	 502
151.094 	 5.03218 	 0.00217997 	 6.52106e+06 	 3.61379e+46 	 146.061 	 503
152.432 	 5.04221 	 0.00221312 	 6.46879e+06 	 3.58482e+46 	 147.39 	 504
153.783 	 5.05225 	 0.00224679 	 6.41691e+06 	 3.55607e+46 	 148.731 	 505
155.147 	 5.06229 	 0.00228098 	 6.36543e+06 	 3.52754e+46 	 150.085 	 506
156.524 	 5.07231 	 0.0023157 	 6.31434e+06 	 3.49923e+46 	 151.452 	 507
157.914 	 5.08235 	 0.00235097 	 6.26365e+06 	 3.47114e+46 	 152.832 	 508
159.317 	 5.09239 	 0.00238678 	 6.21334e+06 	 3.44326e+46 	 154.224 	 509
160.733 	 5.10242 	 0.00242316 	 6.16342e+06 	 3.41559e+46 	 155.63 	 510
162.162 	 5.11246 	 0.0024601 	 6.11389e+06 	 3.38814e+46 	 157.049 	 511
163.605 	 5.1225 	 0.00249761 	 6.06474e+06 	 3.36091e+46 	 158.482 	 512
165.06 	 5.13254 	 0.0025357 	 6.01598e+06 	 3.33389e+46 	 159.928 	 513
166.529 	 5.14258 	 0.00257436 	 5.96763e+06 	 3.30709e+46 	 161.386 	 514
168.009 	 5.15262 	 0.00261356 	 5.91972e+06 	 3.28054e+46 	 162.856 	 515
169.499 	 5.16266 	 0.00265326 	 5.87232e+06 	 3.25427e+46 	 164.336 	 516
170.995 	 5.1727 	 0.00269336 	 5.82552e+06 	 3.22834e+46 	 165.822 	 517
172.492 	 5.18274 	 0.00273376 	 5.77946e+06 	 3.20281e+46 	 167.31 	 518
173.985 	 5.19278 	 0.00277425 	 5.73431e+06 	 3.17779e+46 	 168.792 	 519
175.464 	 5.20282 	 0.00281462 	 5.6903e+06 	 3.1534e+46 	 170.262 	 520
176.92 	 5.21286 	 0.00285456 	 5.6477e+06 	 3.12979e+46 	 171.707 	 521
178.34 	 5.2229 	 0.00289372 	 5.6068e+06 	 3.10713e+46 	 173.117 	 522
179.709 	 5.23293 	 0.0029317 	 5.56795e+06 	 3.0856e+46 	 174.476 	 523
181.013 	 5.24297 	 0.00296803 	 5.5315e+06 	 3.0654e+46 	 175.77 	 524
182.235 	 5.25301 	 0.00300221 	 5.49782e+06 	 3.04673e+46 	 176.982 	 525
183.357 	 5.26303 	 0.00303372 	 5.46729e+06 	 3.02982e+46 	 178.094 	 526
184.362 	 5.27306 	 0.00306201 	 5.44029e+06 	 3.01485e+46 	 179.089 	 527
185.231 	 5.28308 	 0.00308653 	 5.4172e+06 	 3.00206e+46 	 179.948 	 528
185.948 	 5.29311 	 0.00310675 	 5.39836e+06 	 2.99162e+46 	 180.655 	 529
186.495 	 5.30312 	 0.00312217 	 5.38413e+06 	 2.98373e+46 	 181.192 	 530
186.858 	 5.31313 	 0.00313231 	 5.37483e+06 	 2.97858e+46 	 181.545 	 531
187.023 	 5.32314 	 0.00313677 	 5.37075e+06 	 2.97632e+46 	 181.7 	 532
186.978 	 5.33313 	 0.0031352 	 5.37218e+06 	 2.97711e+46 	 181.645 	 533
186.715 	 5.34312 	 0.00312734 	 5.37938e+06 	 2.9811e+46 	 181.372 	 534
186.226 	 5.35312 	 0.00311302 	 5.39257e+06 	 2.98841e+46 	 180.873 	 535
185.507 	 5.3631 	 0.00309213 	 5.41196e+06 	 2.99916e+46 	 180.144 	 536
184.556 	 5.37306 	 0.00306468 	 5.43776e+06 	 3.01345e+46 	 179.183 	 537
183.373 	 5.38303 	 0.00303076 	 5.47014e+06 	 3.03139e+46 	 177.99 	 538
181.962 	 5.39299 	 0.00299055 	 5.50924e+06 	 3.05307e+46 	 176.569 	 539
180.329 	 5.40294 	 0.00294431 	 5.55522e+06 	 3.07854e+46 	 174.926 	 540
178.481 	 5.41289 	 0.00289238 	 5.60819e+06 	 3.1079e+46 	 173.069 	 541
176.429 	 5.42284 	 0.00283516 	 5.66828e+06 	 3.1412e+46 	 171.006 	 542
174.183 	 5.43277 	 0.0027731 	 5.73558e+06 	 3.17849e+46 	 168.75 	 543
171.757 	 5.4427 	 0.00270671 	 5.81019e+06 	 3.21984e+46 	 166.314 	 544
169.165 	 5.45264 	 0.0026365 	 5.8922e+06 	 3.26529e+46 	 163.713 	 545
166.423 	 5.46257 	 0.00256304 	 5.98167e+06 	 3.31487e+46 	 160.96 	 546
163.545 	 5.47249 	 0.00248688 	 6.07869e+06 	 3.36864e+46 	 158.073 	 547
160.55 	 5.48241 	 0.00240856 	 6.18331e+06 	 3.42662e+46 	 155.067 	 548
157.452 	 5.49232 	 0.00232865 	 6.2956e+06 	 3.48884e+46 	 151.959 	 549
154.268 	 5.50224 	 0.00224765 	 6.4156e+06 	 3.55534e+46 	 148.765 	 550
151.014 	 5.51216 	 0.00216606 	 6.54337e+06 	 3.62615e+46 	 145.501 	 551
147.705 	 5.52208 	 0.00208436 	 6.67894e+06 	 3.70128e+46 	 142.183 	 552
144.357 	 5.532 	 0.00200296 	 6.82235e+06 	 3.78075e+46 	 138.825 	 553
140.984 	 5.54192 	 0.00192226 	 6.97363e+06 	 3.86459e+46 	 135.442 	 554
137.598 	 5.55185 	 0.00184261 	 7.13282e+06 	 3.95281e+46 	 132.046 	 555
134.212 	 5.56177 	 0.00176431 	 7.29993e+06 	 4.04541e+46 	 128.65 	 556
130.837 	 5.57169 	 0.00168764 	 7.47498e+06 	 4.14242e+46 	 125.266 	 557
127.485 	 5.58161 	 0.00161281 	 7.65798e+06 	 4.24384e+46 	 121.903 	 558
124.163 	 5.59154 	 0.00154002 	 7.84894e+06 	 4.34966e+46 	 118.572 	 559
120.881 	 5.60147 	 0.00146943 	 8.04786e+06 	 4.45989e+46 	 115.28 	 560
117.646 	 5.6114 	 0.00140114 	 8.25473e+06 	 4.57454e+46 	 112.035 	 561
114.465 	 5.62134 	 0.00133525 	 8.46954e+06 	 4.69358e+46 	 108.843 	 562
111.342 	 5.63127 	 0.00127181 	 8.69227e+06 	 4.81701e+46 	 105.711 	 563
108.283 	 5.64121 	 0.00121087 	 8.92291e+06 	 4.94482e+46 	 102.642 	 564
105.292 	 5.65115 	 0.00115244 	 9.16142e+06 	 5.077e+46 	 99.6405 	 565
102.371 	 5.66109 	 0.00109651 	 9.40776e+06 	 5.21351e+46 	 96.7101 	 566
99.5242 	 5.67104 	 0.00104305 	 9.66189e+06 	 5.35434e+46 	 93.8532 	 567
96.7526 	 5.68099 	 0.000992042 	 9.92376e+06 	 5.49947e+46 	 91.0716 	 568
94.0576 	 5.69094 	 0.000943422 	 1.01933e+07 	 5.64885e+46 	 88.3667 	 569
91.4402 	 5.7009 	 0.000897137 	 1.04705e+07 	 5.80246e+46 	 85.7393 	 570
88.9008 	 5.71085 	 0.00085312 	 1.07552e+07 	 5.96025e+46 	 83.19 	 571
86.4394 	 5.72081 	 0.000811299 	 1.10475e+07 	 6.12219e+46 	 80.7186 	 572
84.0556 	 5.73077 	 0.000771597 	 1.13471e+07 	 6.28823e+46 	 78.3248 	 573
81.7487 	 5.74073 	 0.000733935 	 1.1654e+07 	 6.45832e+46 	 76.008 	 574
79.518 	 5.7507 	 0.00069823 	 1.19681e+07 	 6.6324e+46 	 73.7673 	 575
77.3622 	 5.76067 	 0.000664399 	 1.22894e+07 	 6.81043e+46 	 71.6015 	 576
75.28 	 5.77063 	 0.000632359 	 1.26176e+07 	 6.99234e+46 	 69.5093 	 577
73.2699 	 5.7806 	 0.000602028 	 1.29528e+07 	 7.17807e+46 	 67.4893 	 578
71.3303 	 5.79057 	 0.000573323 	 1.32947e+07 	 7.36756e+46 	 65.5397 	 579
69.4595 	 5.80054 	 0.000546165 	 1.36433e+07 	 7.56073e+46 	 63.6589 	 580
67.6556 	 5.81052 	 0.000520476 	 1.39984e+07 	 7.75752e+46 	 61.8451 	 581
65.9169 	 5.8205 	 0.00049618 	 1.43599e+07 	 7.95785e+46 	 60.0964 	 582
64.2414 	 5.83047 	 0.000473204 	 1.47276e+07 	 8.16164e+46 	 58.4109 	 583
62.6271 	 5.84045 	 0.000451478 	 1.51015e+07 	 8.36881e+46 	 56.7867 	 584
61.0722 	 5.85043 	 0.000430933 	 1.54813e+07 	 8.57929e+46 	 55.2218 	 585
59.5747 	 5.86041 	 0.000411505 	 1.58669e+07 	 8.79299e+46 	 53.7143 	 586
58.1326 	 5.87039 	 0.000393132 	 1.62582e+07 	 9.00982e+46 	 52.2622 	 587
56.744 	 5.88037 	 0.000375755 	 1.66549e+07 	 9.2297e+46 	 50.8637 	 588
55.4071 	 5.89036 	 0.000359318 	 1.7057e+07 	 9.45252e+46 	 49.5168 	 589
54.12 	 5.90034 	 0.000343768 	 1.74643e+07 	 9.67821e+46 	 48.2196 	 590
52.8808 	 5.91033 	 0.000329053 	 1.78765e+07 	 9.90667e+46 	 46.9705 	 591
51.6878 	 5.92031 	 0.000315127 	 1.82936e+07 	 1.01378e+47 	 45.7674 	 592
50.5392 	 5.9303 	 0.000301944 	 1.87153e+07 	 1.03715e+47 	 44.6089 	 593
49.4333 	 5.94029 	 0.000289462 	 1.91416e+07 	 1.06077e+47 	 43.493 	 594
48.3685 	 5.95028 	 0.000277639 	 1.9572e+07 	 1.08463e+47 	 42.4183 	 595
47.3433 	 5.96027 	 0.000266438 	 2.00067e+07 	 1.10871e+47 	 41.383 	 596
46.356 	 5.97026 	 0.000255822 	 2.04452e+07 	 1.13302e+47 	 40.3857 	 597
45.4051 	 5.98025 	 0.000245759 	 2.08875e+07 	 1.15753e+47 	 39.4249 	 598
44.4893 	 5.99023 	 0.000236216 	 2.13334e+07 	 1.18224e+47 	 38.4991 	 599
43.6072 	 6.00023 	 0.000227163 	 2.17827e+07 	 1.20714e+47 	 37.6069 	 600
42.7573 	 6.01022 	 0.000218573 	 2.22352e+07 	 1.23221e+47 	 36.7471 	 601
41.9384 	 6.02021 	 0.000210418 	 2.26907e+07 	 1.25745e+47 	 35.9182 	 602
41.1494 	 6.0302 	 0.000202674 	 2.3149e+07 	 1.28285e+47 	 35.1192 	 603
40.3889 	 6.0402 	 0.000195318 	 2.361e+07 	 1.3084e+47 	 34.3487 	 604
39.6558 	 6.05019 	 0.000188326 	 2.40735e+07 	 1.33409e+47 	 33.6056 	 605
38.9491 	 6.06018 	 0.00018168 	 2.45393e+07 	 1.3599e+47 	 32.8889 	 606
38.2676 	 6.07018 	 0.000175359 	 2.50072e+07 	 1.38583e+47 	 32.1974 	 607
37.6105 	 6.08017 	 0.000169345 	 2.5477e+07 	 1.41186e+47 	 31.5303 	 608
36.9766 	 6.09016 	 0.000163621 	 2.59485e+07 	 1.43799e+47 	 30.8864 	 609
36.3651 	 6.10016 	 0.00015817 	 2.64216e+07 	 1.46421e+47 	 30.2649 	 610
35.7751 	 6.11015 	 0.000152979 	 2.68961e+07 	 1.49051e+47 	 29.6649 	 611
35.2057 	 6.12015 	 0.000148032 	 2.73718e+07 	 1.51687e+47 	 29.0856 	 612
34.6561 	 6.13014 	 0.000143316 	 2.78485e+07 	 1.54329e+47 	 28.526 	 613
34.1256 	 6.14014 	 0.000138818 	 2.83262e+07 	 1.56975e+47 	 27.9855 	 614
33.6134 	 6.15013 	 0.000134528 	 2.88045e+07 	 1.59626e+47 	 27.4632 	 615
33.1187 	 6.16013 	 0.000130433 	 2.92833e+07 	 1.6228e+47 	 26.9586 	 616
32.6409 	 6.17013 	 0.000126523 	 2.97625e+07 	 1.64935e+47 	 26.4708 	 617
32.1793 	 6.18012 	 0.000122789 	 3.02418e+07 	 1.67592e+47 	 25.9992 	 618
31.7333 	 6.19012 	 0.00011922 	 3.07212e+07 	 1.70248e+47 	 25.5432 	 619
31.3023 	 6.20012 	 0.00011581 	 3.12005e+07 	 1.72904e+47 	 25.1022 	 620
30.8857 	 6.21011 	 0.000112548 	 3.16795e+07 	 1.75559e+47 	 24.6756 	 621
30.483 	 6.22011 	 0.000109428 	 3.2158e+07 	 1.78211e+47 	 24.2629 	 622
30.0937 	 6.23011 	 0.000106443 	 3.2636e+07 	 1.80859e+47 	 23.8636 	 623
29.7171 	 6.2401 	 0.000103585 	 3.31132e+07 	 1.83504e+47 	 23.477 	 624
29.3529 	 6.2501 	 0.000100848 	 3.35895e+07 	 1.86143e+47 	 23.1028 	 625
29.0006 	 6.2601 	 9.8226e-05 	 3.40647e+07 	 1.88777e+47 	 22.7405 	 626
28.6598 	 6.2701 	 9.57132e-05 	 3.45388e+07 	 1.91404e+47 	 22.3897 	 627
28.33 	 6.28009 	 9.33043e-05 	 3.50116e+07 	 1.94024e+47 	 22.0499 	 628
28.0107 	 6.29009 	 9.09941e-05 	 3.54829e+07 	 1.96636e+47 	 21.7206 	 629
27.7018 	 6.30009 	 8.87778e-05 	 3.59526e+07 	 1.99239e+47 	 21.4017 	 630
27.4026 	 6.31009 	 8.66509e-05 	 3.64206e+07 	 2.01832e+47 	 21.0925 	 631
27.113 	 6.32008 	 8.46091e-05 	 3.68867e+07 	 2.04416e+47 	 20.7929 	 632
26.8325 	 6.33008 	 8.26483e-05 	 3.73509e+07 	 2.06988e+47 	 20.5024 	 633
26.5609 	 6.34008 	 8.07647e-05 	 3.7813e+07 	 2.09549e+47 	 20.2208 	 634
26.2977 	 6.35008 	 7.89548e-05 	 3.82728e+07 	 2.12097e+47 	 19.9477 	 635
26.0428 	 6.36008 	 7.7215e-05 	 3.87304e+07 	 2.14633e+47 	 19.6828 	 636
25.7958 	 6.37008 	 7.55421e-05 	 3.91855e+07 	 2.17155e+47 	 19.4258 	 637
25.5565 	 6.38007 	 7.3933e-05 	 3.9638e+07 	 2.19663e+47 	 19.1764 	 638
25.3246 	 6.39007 	 7.2385e-05 	 4.00879e+07 	 2.22156e+47 	 18.9345 	 639
25.0998 	 6.40007 	 7.08951e-05 	 4.0535e+07 	 2.24634e+47 	 18.6997 	 640
24.8819 	 6.41007 	 6.94608e-05 	 4.09793e+07 	 2.27096e+47 	 18.4718 	 641
24.6706 	 6.42007 	 6.80797e-05 	 4.14206e+07 	 2.29541e+47 	 18.2505 	 642
24.4658 	 6.43007 	 6.67494e-05 	 4.18588e+07 	 2.3197e+47 	 18.0357 	 643
24.2672 	 6.44007 	 6.54676e-05 	 4.22939e+07 	 2.34381e+47 	 17.8271 	 644
24.0746 	 6.45006 	 6.42323e-05 	 4.27258e+07 	 2.36774e+47 	 17.6245 	 645
23.8878 	 6.46006 	 6.30415e-05 	 4.31544e+07 	 2.39149e+47 	 17.4277 	 646
23.7066 	 6.47006 	 6.18933e-05 	 4.35795e+07 	 2.41505e+47 	 17.2366 	 647
23.5309 	 6.48006 	 6.07858e-05 	 4.40012e+07 	 2.43842e+47 	 17.0509 	 648
23.3605 	 6.49006 	 5.97175e-05 	 4.44193e+07 	 2.46159e+47 	 16.8704 	 649
23.1951 	 6.50006 	 5.86866e-05 	 4.48337e+07 	 2.48456e+47 	 16.6951 	 650
23.0347 	 6.51006 	 5.76916e-05 	 4.52445e+07 	 2.50732e+47 	 16.5247 	 651
22.8791 	 6.52006 	 5.6731e-05 	 4.56515e+07 	 2.52987e+47 	 16.359 	 652
22.7281 	 6.53006 	 5.58035e-05 	 4.60546e+07 	 2.55222e+47 	 16.198 	 653
22.5815 	 6.54005 	 5.49076e-05 	 4.64538e+07 	 2.57434e+47 	 16.0415 	 654
22.4394 	 6.55005 	 5.40423e-05 	 4.68491e+07 	 2.59624e+47 	 15.8893 	 655
22.3014 	 6.56005 	 5.32061e-05 	 4.72403e+07 	 2.61792e+47 	 15.7413 	 656
22.1675 	 6.57005 	 5.23981e-05 	 4.76274e+07 	 2.63938e+47 	 15.5975 	 657
22.0376 	 6.58005 	 5.16171e-05 	 4.80105e+07 	 2.6606e+47 	 15.4576 	 658
21.9115 	 6.59005 	 5.0862e-05 	 4.83893e+07 	 2.6816e+47 	 15.3215 	 659
21.7892 	 6.60005 	 5.01319e-05 	 4.87638e+07 	 2.70235e+47 	 15.1892 	 660
21.6705 	 6.61005 	 4.94259e-05 	 4.91341e+07 	 2.72287e+47 	 15.0604 	 661
21.5553 	 6.62005 	 4.87429e-05 	 4.95001e+07 	 2.74315e+47 	 14.9352 	 662
21.4435 	 6.63005 	 4.80823e-05 	 4.98617e+07 	 2.76319e+47 	 14.8134 	 663
21.335 	 6.64005 	 4.7443e-05 	 5.02189e+07 	 2.78299e+47 	 14.695 	 664
21.2297 	 6.65005 	 4.68245e-05 	 5.05716e+07 	 2.80253e+47 	 14.5797 	 665
21.1276 	 6.66005 	 4.62258e-05 	 5.09199e+07 	 2.82183e+47 	 14.4676 	 666
21.0285 	 6.67005 	 4.56463e-05 	 5.12636e+07 	 2.84088e+47 	 14.3585 	 667
20.9324 	 6.68005 	 4.50854e-05 	 5.16028e+07 	 2.85968e+47 	 14.2523 	 668
20.8391 	 6.69005 	 4.45423e-05 	 5.19374e+07 	 2.87822e+47 	 14.1491 	 669
20.7487 	 6.70004 	 4.40164e-05 	 5.22675e+07 	 2.89651e+47 	 14.0486 	 670
20.6609 	 6.71004 	 4.35071e-05 	 5.25929e+07 	 2.91455e+47 	 13.9509 	 671
20.5758 	 6.72004 	 4.30139e-05 	 5.29136e+07 	 2.93232e+47 	 13.8558 	 672
20.4933 	 6.73004 	 4.25363e-05 	 5.32297e+07 	 2.94984e+47 	 13.7632 	 673
20.4133 	 6.74004 	 4.20736e-05 	 5.35411e+07 	 2.9671e+47 	 13.6732 	 674
20.3357 	 6.75004 	 4.16254e-05 	 5.38478e+07 	 2.98409e+47 	 13.5856 	 675
20.2605 	 6.76004 	 4.11912e-05 	 5.41498e+07 	 3.00083e+47 	 13.5004 	 676
20.1876 	 6.77004 	 4.07705e-05 	 5.4447e+07 	 3.0173e+47 	 13.4175 	 677
20.1169 	 6.78004 	 4.0363e-05 	 5.47395e+07 	 3.03351e+47 	 13.3369 	 678
20.0485 	 6.79004 	 3.99681e-05 	 5.50273e+07 	 3.04946e+47 	 13.2585 	 679
19.9822 	 6.80004 	 3.95856e-05 	 5.53103e+07 	 3.06514e+47 	 13.1822 	 680
19.918 	 6.81004 	 3.92149e-05 	 5.55885e+07 	 3.08056e+47 	 13.108 	 681
19.8558 	 6.82004 	 3.88557e-05 	 5.5862e+07 	 3.09571e+47 	 13.0358 	 682
19.7957 	 6.83004 	 3.85077e-05 	 5.61307e+07 	 3.1106e+47 	 12.9656 	 683
19.7374 	 6.84004 	 3.81705e-05 	 5.63946e+07 	 3.12523e+47 	 12.8974 	 684
19.6811 	 6.85004 	 3.78438e-05 	 5.66537e+07 	 3.13959e+47 	 12.831 	 685
19.6266 	 6.86004 	 3.75273e-05 	 5.6908e+07 	 3.15368e+47 	 12.7665 	 686
19.5739 	 6.87004 	 3.72207e-05 	 5.71576e+07 	 3.16751e+47 	 12.7039 	 687
19.523 	 6.88004 	 3.69236e-05 	 5.74024e+07 	 3.18108e+47 	 12.6429 	 688
19.4737 	 6.89004 	 3.66358e-05 	 5.76424e+07 	 3.19438e+47 	 12.5837 	 689
19.4262 	 6.90004 	 3.63571e-05 	 5.78777e+07 	 3.20742e+47 	 12.5262 	 690
19.3803 	 6.91004 	 3.60872e-05 	 5.81082e+07 	 3.22019e+47 	 12.4703 	 691
19.336 	 6.92004 	 3.58257e-05 	 5.8334e+07 	 3.2327e+47 	 12.416 	 692
19.2933 	 6.93004 	 3.55726e-05 	 5.8555e+07 	 3.24495e+47 	 12.3633 	 693
19.2521 	 6.94003 	 3.53275e-05 	 5.87713e+07 	 3.25694e+47 	 12.3121 	 694
19.2125 	 6.95003 	 3.50903e-05 	 5.89829e+07 	 3.26866e+47 	 12.2624 	 695
19.1743 	 6.96003 	 3.48606e-05 	 5.91898e+07 	 3.28013e+47 	 12.2142 	 696
19.1375 	 6.97003 	 3.46384e-05 	 5.9392e+07 	 3.29134e+47 	 12.1675 	 697
19.1021 	 6.98003 	 3.44235e-05 	 5.95895e+07 	 3.30228e+47 	 12.1221 	 698
19.0681 	 6.99003 	 3.42155e-05 	 5.97824e+07 	 3.31297e+47 	 12.0781 	 699
19.0355 	 7.00003 	 3.40144e-05 	 5.99706e+07 	 3.3234e+47 	 12.0355 	 700
19.0042 	 7.01003 	 3.382e-05 	 6.01542e+07 	 3.33358e+47 	 11.9941 	 701
18.9742 	 7.02003 	 3.36321e-05 	 6.03332e+07 	 3.3435e+47 	 11.9541 	 702
18.9454 	 7.03003 	 3.34506e-05 	 6.05076e+07 	 3.35316e+47 	 11.9154 	 703
18.9179 	 7.04003 	 3.32752e-05 	 6.06775e+07 	 3.36257e+47 	 11.8778 	 704
18.8916 	 7.05003 	 3.31059e-05 	 6.08428e+07 	 3.37173e+47 	 11.8415 	 705
18.8665 	 7.06003 	 3.29425e-05 	 6.10036e+07 	 3.38065e+47 	 11.8064 	 706
18.8425 	 7.07003 	 3.27849e-05 	 6.11599e+07 	 3.38931e+47 	 11.7725 	 707
18.8198 	 7.08003 	 3.26328e-05 	 6.13117e+07 	 3.39772e+47 	 11.7397 	 708
18.7981 	 7.09003 	 3.24863e-05 	 6.1459e+07 	 3.40588e+47 	 11.7081 	 709
18.7775 	 7.10003 	 3.23451e-05 	 6.1602e+07 	 3.41381e+47 	 11.6775 	 710
18.7581 	 7.11003 	 3.22092e-05 	 6.17405e+07 	 3.42148e+47 	 11.648 	 711
18.7397 	 7.12003 	 3.20783e-05 	 6.18746e+07 	 3.42892e+47 	 11.6196 	 712
18.7223 	 7.13003 	 3.19526e-05 	 6.20044e+07 	 3.43611e+47 	 11.5923 	 713
18.706 	 7.14003 	 3.18317e-05 	 6.21299e+07 	 3.44306e+47 	 11.5659 	 714
18.6906 	 7.15003 	 3.17156e-05 	 6.22511e+07 	 3.44978e+47 	 11.5406 	 715
18.6763 	 7.16003 	 3.16042e-05 	 6.2368e+07 	 3.45626e+47 	 11.5163 	 716
18.6629 	 7.17003 	 3.14975e-05 	 6.24806e+07 	 3.4625e+47 	 11.4929 	 717
18.6505 	 7.18003 	 3.13952e-05 	 6.25891e+07 	 3.46851e+47 	 11.4705 	 718
18.6391 	 7.19003 	 3.12974e-05 	 6.26933e+07 	 3.47429e+47 	 11.4491 	 719
18.6286 	 7.20003 	 3.12039e-05 	 6.27935e+07 	 3.47984e+47 	 11.4285 	 720
18.6189 	 7.21003 	 3.11146e-05 	 6.28895e+07 	 3.48515e+47 	 11.4089 	 721
18.6102 	 7.22003 	 3.10296e-05 	 6.29814e+07 	 3.49025e+47 	 11.3902 	 722
18.6024 	 7.23003 	 3.09486e-05 	 6.30692e+07 	 3.49511e+47 	 11.3723 	 723
18.5954 	 7.24003 	 3.08716e-05 	 6.3153e+07 	 3.49976e+47 	 11.3554 	 724
18.5893 	 7.25003 	 3.07986e-05 	 6.32328e+07 	 3.50418e+47 	 11.3392 	 725
18.584 	 7.26003 	 3.07295e-05 	 6.33086e+07 	 3.50838e+47 	 11.324 	 726
18.5795 	 7.27003 	 3.06641e-05 	 6.33805e+07 	 3.51237e+47 	 11.3095 	 727
18.5759 	 7.28003 	 3.06026e-05 	 6.34485e+07 	 3.51614e+47 	 11.2959 	 728
18.5731 	 7.29003 	 3.05446e-05 	 6.35127e+07 	 3.51969e+47 	 11.283 	 729
18.571 	 7.30003 	 3.04903e-05 	 6.3573e+07 	 3.52303e+47 	 11.271 	 730
18.5698 	 7.31003 	 3.04396e-05 	 6.36294e+07 	 3.52616e+47 	 11.2597 	 731
18.5693 	 7.32003 	 3.03924e-05 	 6.36822e+07 	 3.52908e+47 	 11.2493 	 732
18.5696 	 7.33003 	 3.03486e-05 	 6.37311e+07 	 3.5318e+47 	 11.2395 	 733
18.5706 	 7.34003 	 3.03082e-05 	 6.37764e+07 	 3.53431e+47 	 11.2306 	 734
18.5723 	 7.35003 	 3.02712e-05 	 6.3818e+07 	 3.53661e+47 	 11.2223 	 735
18.5748 	 7.36003 	 3.02374e-05 	 6.3856e+07 	 3.53872e+47 	 11.2148 	 736
18.5781 	 7.37003 	 3.02069e-05 	 6.38904e+07 	 3.54062e+47 	 11.208 	 737
18.582 	 7.38003 	 3.01797e-05 	 6.39212e+07 	 3.54233e+47 	 11.2019 	 738
18.5866 	 7.39003 	 3.01555e-05 	 6.39484e+07 	 3.54384e+47 	 11.1966 	 739
18.5919 	 7.40003 	 3.01345e-05 	 6.39722e+07 	 3.54516e+47 	 11.1919 	 740
18.5979 	 7.41003 	 3.01166e-05 	 6.39925e+07 	 3.54628e+47 	 11.1879 	 741
18.6046 	 7.42003 	 3.01017e-05 	 6.40094e+07 	 3.54722e+47 	 11.1846 	 742
18.612 	 7.43003 	 3.00898e-05 	 6.40229e+07 	 3.54797e+47 	 11.1819 	 743
18.62 	 7.44003 	 3.00809e-05 	 6.4033e+07 	 3.54853e+47 	 11.1799 	 744
18.6286 	 7.45003 	 3.00749e-05 	 6.40398e+07 	 3.5489e+47 	 11.1786 	 745
18.6379 	 7.46003 	 3.00718e-05 	 6.40433e+07 	 3.5491e+47 	 11.1779 	 746
18.6479 	 7.47003 	 3.00716e-05 	 6.40436e+07 	 3.54911e+47 	 11.1779 	 747
18.6585 	 7.48003 	 3.00742e-05 	 6.40406e+07 	 3.54895e+47 	 11.1784 	 748
18.6697 	 7.49003 	 3.00796e-05 	 6.40345e+07 	 3.54861e+47 	 11.1797 	 749
18.6815 	 7.50003 	 3.00878e-05 	 6.40252e+07 	 3.54809e+47 	 11.1815 	 750
18.6939 	 7.51003 	 3.00987e-05 	 6.40128e+07 	 3.5474e+47 	 11.1839 	 751
18.707 	 7.52003 	 3.01124e-05 	 6.39973e+07 	 3.54655e+47 	 11.187 	 752
18.7206 	 7.53003 	 3.01288e-05 	 6.39787e+07 	 3.54552e+47 	 11.1906 	 753
18.7349 	 7.54003 	 3.01478e-05 	 6.39572e+07 	 3.54432e+47 	 11.1949 	 754
18.7497 	 7.55003 	 3.01695e-05 	 6.39326e+07 	 3.54297e+47 	 11.1997 	 755
18.7651 	 7.56003 	 3.01938e-05 	 6.39052e+07 	 3.54144e+47 	 11.2051 	 756
18.7811 	 7.57003 	 3.02207e-05 	 6.38748e+07 	 3.53976e+47 	 11.2111 	 757
18.7977 	 7.58003 	 3.02503e-05 	 6.38416e+07 	 3.53792e+47 	 11.2177 	 758
18.8148 	 7.59003 	 3.02823e-05 	 6.38055e+07 	 3.53592e+47 	 11.2248 	 759
18.8325 	 7.60003 	 3.0317e-05 	 6.37666e+07 	 3.53376e+47 	 11.2325 	 760
18.8508 	 7.61003 	 3.03541e-05 	 6.37249e+07 	 3.53145e+47 	 11.2408 	 761
18.8696 	 7.62003 	 3.03938e-05 	 6.36806e+07 	 3.529e+47 	 11.2496 	 762
18.889 	 7.63003 	 3.0436e-05 	 6.36335e+07 	 3.52639e+47 	 11.2589 	 763
18.9089 	 7.64003 	 3.04807e-05 	 6.35837e+07 	 3.52363e+47 	 11.2689 	 764
18.9293 	 7.65003 	 3.05278e-05 	 6.35313e+07 	 3.52072e+47 	 11.2793 	 765
18.9503 	 7.66003 	 3.05774e-05 	 6.34763e+07 	 3.51768e+47 	 11.2903 	 766
18.9719 	 7.67003 	 3.06295e-05 	 6.34188e+07 	 3.51449e+47 	 11.3018 	 767
18.9939 	 7.68003 	 3.0684e-05 	 6.33587e+07 	 3.51116e+47 	 11.3139 	 768
19.0165 	 7.69003 	 3.07409e-05 	 6.32961e+07 	 3.50769e+47 	 11.3265 	 769
19.0396 	 7.70003 	 3.08002e-05 	 6.3231e+07 	 3.50408e+47 	 11.3396 	 770
19.0632 	 7.71003 	 3.08619e-05 	 6.31636e+07 	 3.50034e+47 	 11.3532 	 771
19.0874 	 7.72003 	 3.09261e-05 	 6.30937e+07 	 3.49647e+47 	 11.3674 	 772
19.1121 	 7.73003 	 3.09926e-05 	 6.30214e+07 	 3.49247e+47 	 11.382 	 773
19.1372 	 7.74003 	 3.10615e-05 	 6.29468e+07 	 3.48833e+47 	 11.3972 	 774
19.1629 	 7.75003 	 3.11327e-05 	 6.28699e+07 	 3.48407e+47 	 11.4129 	 775
19.1891 	 7.76003 	 3.12064e-05 	 6.27908e+07 	 3.47969e+47 	 11.4291 	 776
19.2158 	 7.77003 	 3.12824e-05 	 6.27094e+07 	 3.47518e+47 	 11.4458 	 777
19.243 	 7.78003 	 3.13607e-05 	 6.26258e+07 	 3.47054e+47 	 11.4629 	 778
19.2707 	 7.79003 	 3.14414e-05 	 6.254e+07 	 3.46579e+47 	 11.4806 	 779
19.2989 	 7.80003 	 3.15244e-05 	 6.24521e+07 	 3.46092e+47 	 11.4988 	 780
19.3275 	 7.81003 	 3.16098e-05 	 6.23621e+07 	 3.45593e+47 	 11.5175 	 781
19.3567 	 7.82003 	 3.16975e-05 	 6.227e+07 	 3.45082e+47 	 11.5367 	 782
19.3864 	 7.83003 	 3.17876e-05 	 6.21758e+07 	 3.44561e+47 	 11.5563 	 783
19.4165 	 7.84003 	 3.188e-05 	 6.20796e+07 	 3.44028e+47 	 11.5765 	 784
19.4471 	 7.85003 	 3.19747e-05 	 6.19815e+07 	 3.43484e+47 	 11.5971 	 785
19.4782 	 7.86003 	 3.20718e-05 	 6.18814e+07 	 3.42929e+47 	 11.6182 	 786
19.5098 	 7.87003 	 3.21712e-05 	 6.17793e+07 	 3.42363e+47 	 11.6398 	 787
19.5419 	 7.88003 	 3.2273e-05 	 6.16754e+07 	 3.41787e+47 	 11.6619 	 788
19.5745 	 7.89003 	 3.2377e-05 	 6.15695e+07 	 3.41201e+47 	 11.6844 	 789
19.6075 	 7.90003 	 3.24834e-05 	 6.14619e+07 	 3.40604e+47 	 11.7074 	 790
19.641 	 7.91003 	 3.25922e-05 	 6.13524e+07 	 3.39998e+47 	 11.7309 	 791
19.675 	 7.92003 	 3.27033e-05 	 6.12412e+07 	 3.39381e+47 	 11.7549 	 792
19.7094 	 7.93003 	 3.28167e-05 	 6.11282e+07 	 3.38755e+47 	 11.7794 	 793
19.7443 	 7.94003 	 3.29325e-05 	 6.10135e+07 	 3.38119e+47 	 11.8043 	 794
19.7797 	 7.95003 	 3.30506e-05 	 6.08971e+07 	 3.37474e+47 	 11.8297 	 795
19.8156 	 7.96003 	 3.31711e-05 	 6.0779e+07 	 3.3682e+47 	 11.8555 	 796
19.8519 	 7.97003 	 3.32939e-05 	 6.06593e+07 	 3.36157e+47 	 11.8819 	 797
19.8887 	 7.98003 	 3.34192e-05 	 6.0538e+07 	 3.35484e+47 	 11.9086 	 798
19.9259 	 7.99003 	 3.35467e-05 	 6.04151e+07 	 3.34803e+47 	 11.9359 	 799
19.9637 	 8.00003 	 3.36767e-05 	 6.02906e+07 	 3.34114e+47 	 11.9636 	 800
20.0018 	 8.01003 	 3.3809e-05 	 6.01647e+07 	 3.33415e+47 	 11.9918 	 801
20.0405 	 8.02003 	 3.39438e-05 	 6.00372e+07 	 3.32709e+47 	 12.0205 	 802
20.0796 	 8.03003 	 3.40809e-05 	 5.99082e+07 	 3.31994e+47 	 12.0496 	 803
20.1192 	 8.04003 	 3.42204e-05 	 5.97778e+07 	 3.31272e+47 	 12.0791 	 804
20.1592 	 8.05004 	 3.43623e-05 	 5.9646e+07 	 3.30541e+47 	 12.1092 	 805
20.1997 	 8.06003 	 3.45067e-05 	 5.95128e+07 	 3.29803e+47 	 12.1397 	 806
20.2407 	 8.07003 	 3.46535e-05 	 5.93782e+07 	 3.29057e+47 	 12.1706 	 807
20.2821 	 8.08003 	 3.48027e-05 	 5.92423e+07 	 3.28304e+47 	 12.2021 	 808
20.324 	 8.09003 	 3.49544e-05 	 5.91051e+07 	 3.27543e+47 	 12.2339 	 809
20.3663 	 8.10003 	 3.51085e-05 	 5.89665e+07 	 3.26776e+47 	 12.2663 	 810
20.4091 	 8.11003 	 3.52651e-05 	 5.88267e+07 	 3.26001e+47 	 12.2991 	 811
20.4524 	 8.12004 	 3.54242e-05 	 5.86857e+07 	 3.25219e+47 	 12.3323 	 812
20.4961 	 8.13004 	 3.55858e-05 	 5.85434e+07 	 3.24431e+47 	 12.366 	 813
20.5403 	 8.14003 	 3.57499e-05 	 5.84e+07 	 3.23636e+47 	 12.4002 	 814
20.5849 	 8.15004 	 3.59165e-05 	 5.82553e+07 	 3.22835e+47 	 12.4349 	 815
20.63 	 8.16004 	 3.60856e-05 	 5.81096e+07 	 3.22027e+47 	 12.47 	 816
20.6756 	 8.17004 	 3.62572e-05 	 5.79627e+07 	 3.21213e+47 	 12.5055 	 817
20.7216 	 8.18004 	 3.64315e-05 	 5.78147e+07 	 3.20393e+47 	 12.5415 	 818
20.7681 	 8.19004 	 3.66082e-05 	 5.76656e+07 	 3.19566e+47 	 12.578 	 819
20.815 	 8.20004 	 3.67876e-05 	 5.75155e+07 	 3.18735e+47 	 12.615 	 820
20.8624 	 8.21004 	 3.69696e-05 	 5.73644e+07 	 3.17897e+47 	 12.6524 	 821
20.9103 	 8.22004 	 3.71541e-05 	 5.72122e+07 	 3.17054e+47 	 12.6902 	 822
20.9586 	 8.23004 	 3.73413e-05 	 5.70591e+07 	 3.16205e+47 	 12.7285 	 823
21.0074 	 8.24004 	 3.75312e-05 	 5.69049e+07 	 3.15351e+47 	 12.7673 	 824
21.0566 	 8.25004 	 3.77236e-05 	 5.67499e+07 	 3.14492e+47 	 12.8066 	 825
21.1063 	 8.26004 	 3.79188e-05 	 5.65939e+07 	 3.13627e+47 	 12.8463 	 826
21.1565 	 8.27004 	 3.81167e-05 	 5.64371e+07 	 3.12758e+47 	 12.8865 	 827
21.2071 	 8.28004 	 3.83172e-05 	 5.62793e+07 	 3.11884e+47 	 12.9271 	 828
21.2583 	 8.29004 	 3.85205e-05 	 5.61207e+07 	 3.11005e+47 	 12.9682 	 829
21.3098 	 8.30004 	 3.87265e-05 	 5.59613e+07 	 3.10122e+47 	 13.0098 	 830
21.3619 	 8.31004 	 3.89353e-05 	 5.5801e+07 	 3.09233e+47 	 13.0518 	 831
21.4144 	 8.32004 	 3.91469e-05 	 5.564e+07 	 3.08341e+47 	 13.0943 	 832
21.4674 	 8.33004 	 3.93613e-05 	 5.54782e+07 	 3.07444e+47 	 13.1373 	 833
21.5208 	 8.34004 	 3.95785e-05 	 5.53156e+07 	 3.06543e+47 	 13.1808 	 834
21.5747 	 8.35004 	 3.97985e-05 	 5.51523e+07 	 3.05638e+47 	 13.2247 	 835
21.6291 	 8.36004 	 4.00214e-05 	 5.49883e+07 	 3.04729e+47 	 13.2691 	 836
21.684 	 8.37004 	 4.02471e-05 	 5.48235e+07 	 3.03816e+47 	 13.3139 	 837
21.7393 	 8.38004 	 4.04758e-05 	 5.46581e+07 	 3.029e+47 	 13.3593 	 838
21.7951 	 8.39004 	 4.07074e-05 	 5.44921e+07 	 3.0198e+47 	 13.4051 	 839
21.8514 	 8.40004 	 4.09419e-05 	 5.43254e+07 	 3.01056e+47 	 13.4513 	 840
21.9081 	 8.41004 	 4.11794e-05 	 5.41581e+07 	 3.00129e+47 	 13.4981 	 841
21.9654 	 8.42004 	 4.14199e-05 	 5.39901e+07 	 2.99198e+47 	 13.5453 	 842
22.0231 	 8.43004 	 4.16633e-05 	 5.38216e+07 	 2.98264e+47 	 13.5931 	 843
22.0813 	 8.44004 	 4.19099e-05 	 5.36525e+07 	 2.97327e+47 	 13.6413 	 844
22.14 	 8.45004 	 4.21594e-05 	 5.34829e+07 	 2.96387e+47 	 13.6899 	 845
22.1992 	 8.46004 	 4.24121e-05 	 5.33128e+07 	 2.95444e+47 	 13.7391 	 846
22.2588 	 8.47004 	 4.26678e-05 	 5.31421e+07 	 2.94498e+47 	 13.7888 	 847
22.3189 	 8.48004 	 4.29267e-05 	 5.29709e+07 	 2.9355e+47 	 13.8389 	 848
22.3796 	 8.49004 	 4.31888e-05 	 5.27993e+07 	 2.92598e+47 	 13.8895 	 849
22.4407 	 8.50004 	 4.3454e-05 	 5.26271e+07 	 2.91645e+47 	 13.9406 	 850
22.5023 	 8.51004 	 4.37224e-05 	 5.24546e+07 	 2.90688e+47 	 13.9922 	 851
22.5644 	 8.52004 	 4.39941e-05 	 5.22816e+07 	 2.8973e+47 	 14.0443 	 852
22.627 	 8.53004 	 4.4269e-05 	 5.21082e+07 	 2.88769e+47 	 14.0969 	 853
22.6901 	 8.54004 	 4.45472e-05 	 5.19343e+07 	 2.87805e+47 	 14.15 	 854
22.7537 	 8.55005 	 4.48288e-05 	 5.17601e+07 	 2.8684e+47 	 14.2036 	 855
22.8178 	 8.56005 	 4.51136e-05 	 5.15856e+07 	 2.85872e+47 	 14.2577 	 856
22.8823 	 8.57005 	 4.54019e-05 	 5.14106e+07 	 2.84903e+47 	 14.3123 	 857
22.9474 	 8.58005 	 4.56935e-05 	 5.12354e+07 	 2.83932e+47 	 14.3674 	 858
23.013 	 8.59005 	 4.59886e-05 	 5.10598e+07 	 2.82959e+47 	 14.423 	 859
23.0791 	 8.60005 	 4.62871e-05 	 5.08839e+07 	 2.81984e+47 	 14.4791 	 860
23.1457 	 8.61005 	 4.65892e-05 	 5.07077e+07 	 2.81007e+47 	 14.5357 	 861
23.2129 	 8.62005 	 4.68947e-05 	 5.05312e+07 	 2.80029e+47 	 14.5928 	 862
23.2805 	 8.63005 	 4.72038e-05 	 5.03544e+07 	 2.7905e+47 	 14.6505 	 863
23.3487 	 8.64005 	 4.75165e-05 	 5.01774e+07 	 2.78069e+47 	 14.7086 	 864
23.4173 	 8.65005 	 4.78328e-05 	 5.00002e+07 	 2.77087e+47 	 14.7673 	 865
23.4865 	 8.66005 	 4.81528e-05 	 4.98227e+07 	 2.76103e+47 	 14.8265 	 866
23.5562 	 8.67005 	 4.84764e-05 	 4.96451e+07 	 2.75119e+47 	 14.8862 	 867
23.6265 	 8.68005 	 4.88037e-05 	 4.94672e+07 	 2.74133e+47 	 14.9464 	 868
23.6972 	 8.69005 	 4.91348e-05 	 4.92891e+07 	 2.73146e+47 	 15.0072 	 869
23.7685 	 8.70005 	 4.94697e-05 	 4.91109e+07 	 2.72159e+47 	 15.0684 	 870
23.8403 	 8.71005 	 4.98084e-05 	 4.89325e+07 	 2.7117e+47 	 15.1303 	 871
23.9127 	 8.72005 	 5.0151e-05 	 4.8754e+07 	 2.70181e+47 	 15.1926 	 872
23.9855 	 8.73005 	 5.04974e-05 	 4.85753e+07 	 2.69191e+47 	 15.2555 	 873
24.059 	 8.74005 	 5.08478e-05 	 4.83965e+07 	 2.682e+47 	 15.3189 	 874
24.1329 	 8.75005 	 5.12021e-05 	 4.82176e+07 	 2.67208e+47 	 15.3829 	 875
24.2074 	 8.76005 	 5.15604e-05 	 4.80386e+07 	 2.66216e+47 	 15.4474 	 876
24.2825 	 8.77005 	 5.19228e-05 	 4.78595e+07 	 2.65224e+47 	 15.5124 	 877
24.3581 	 8.78005 	 5.22892e-05 	 4.76803e+07 	 2.64231e+47 	 15.578 	 878
24.4342 	 8.79005 	 5.26598e-05 	 4.75011e+07 	 2.63238e+47 	 15.6442 	 879
24.5109 	 8.80005 	 5.30345e-05 	 4.73218e+07 	 2.62244e+47 	 15.7109 	 880
24.5882 	 8.81005 	 5.34134e-05 	 4.71425e+07 	 2.6125e+47 	 15.7781 	 881
24.666 	 8.82005 	 5.37965e-05 	 4.69631e+07 	 2.60256e+47 	 15.8459 	 882
24.7443 	 8.83005 	 5.41839e-05 	 4.67837e+07 	 2.59262e+47 	 15.9143 	 883
24.8233 	 8.84005 	 5.45756e-05 	 4.66043e+07 	 2.58268e+47 	 15.9832 	 884
24.9028 	 8.85005 	 5.49717e-05 	 4.6425e+07 	 2.57274e+47 	 16.0527 	 885
24.9828 	 8.86006 	 5.53722e-05 	 4.62456e+07 	 2.5628e+47 	 16.1228 	 886
25.0635 	 8.87006 	 5.57771e-05 	 4.60662e+07 	 2.55286e+47 	 16.1934 	 887
25.1447 	 8.88006 	 5.61865e-05 	 4.58869e+07 	 2.54292e+47 	 16.2646 	 888
25.2265 	 8.89006 	 5.66004e-05 	 4.57076e+07 	 2.53299e+47 	 16.3364 	 889
25.3088 	 8.90006 	 5.70189e-05 	 4.55284e+07 	 2.52305e+47 	 16.4088 	 890
25.3918 	 8.91006 	 5.7442e-05 	 4.53492e+07 	 2.51312e+47 	 16.4817 	 891
25.4753 	 8.92006 	 5.78698e-05 	 4.51701e+07 	 2.5032e+47 	 16.5553 	 892
25.5594 	 8.93006 	 5.83023e-05 	 4.49911e+07 	 2.49328e+47 	 16.6294 	 893
25.6442 	 8.94006 	 5.87395e-05 	 4.48122e+07 	 2.48336e+47 	 16.7041 	 894
25.7295 	 8.95006 	 5.91816e-05 	 4.46334e+07 	 2.47345e+47 	 16.7794 	 895
25.8154 	 8.96006 	 5.96285e-05 	 4.44546e+07 	 2.46355e+47 	 16.8553 	 896
25.9019 	 8.97006 	 6.00803e-05 	 4.4276e+07 	 2.45365e+47 	 16.9318 	 897
25.989 	 8.98006 	 6.0537e-05 	 4.40975e+07 	 2.44376e+47 	 17.009 	 898
26.0767 	 8.99006 	 6.09988e-05 	 4.39192e+07 	 2.43388e+47 	 17.0867 	 899
26.1651 	 9.00006 	 6.14656e-05 	 4.3741e+07 	 2.424e+47 	 17.165 	 900
26.254 	 9.01006 	 6.19375e-05 	 4.35629e+07 	 2.41413e+47 	 17.244 	 901
26.3436 	 9.02006 	 6.24145e-05 	 4.3385e+07 	 2.40428e+47 	 17.3235 	 902
26.4338 	 9.03006 	 6.28968e-05 	 4.32073e+07 	 2.39443e+47 	 17.4037 	 903
26.5246 	 9.04006 	 6.33843e-05 	 4.30297e+07 	 2.38459e+47 	 17.4845 	 904
26.616 	 9.05006 	 6.38771e-05 	 4.28524e+07 	 2.37476e+47 	 17.566 	 905
26.7081 	 9.06006 	 6.43753e-05 	 4.26752e+07 	 2.36494e+47 	 17.648 	 906
26.8008 	 9.07006 	 6.48789e-05 	 4.24982e+07 	 2.35513e+47 	 17.7308 	 907
26.8942 	 9.08006 	 6.5388e-05 	 4.23214e+07 	 2.34533e+47 	 17.8141 	 908
26.9882 	 9.09007 	 6.59026e-05 	 4.21448e+07 	 2.33555e+47 	 17.8981 	 909
27.0828 	 9.10007 	 6.64228e-05 	 4.19685e+07 	 2.32577e+47 	 17.9827 	 910
27.1781 	 9.11007 	 6.69487e-05 	 4.17923e+07 	 2.31601e+47 	 18.068 	 911
27.274 	 9.12007 	 6.74802e-05 	 4.16164e+07 	 2.30626e+47 	 18.1539 	 912
27.3706 	 9.13007 	 6.80175e-05 	 4.14408e+07 	 2.29653e+47 	 18.2405 	 913
27.4678 	 9.14007 	 6.85607e-05 	 4.12654e+07 	 2.28681e+47 	 18.3278 	 914
27.5658 	 9.15007 	 6.91097e-05 	 4.10902e+07 	 2.2771e+47 	 18.4157 	 915
27.6644 	 9.16007 	 6.96646e-05 	 4.09153e+07 	 2.26741e+47 	 18.5043 	 916
27.7636 	 9.17007 	 7.02256e-05 	 4.07407e+07 	 2.25773e+47 	 18.5935 	 917
27.8635 	 9.18007 	 7.07926e-05 	 4.05663e+07 	 2.24807e+47 	 18.6835 	 918
27.9642 	 9.19007 	 7.13657e-05 	 4.03922e+07 	 2.23842e+47 	 18.7741 	 919
28.0655 	 9.20007 	 7.19451e-05 	 4.02184e+07 	 2.22879e+47 	 18.8654 	 920
28.1674 	 9.21007 	 7.25307e-05 	 4.00449e+07 	 2.21918e+47 	 18.9574 	 921
28.2701 	 9.22007 	 7.31226e-05 	 3.98717e+07 	 2.20958e+47 	 19.05 	 922
28.3735 	 9.23007 	 7.37209e-05 	 3.96988e+07 	 2.19999e+47 	 19.1434 	 923
28.4776 	 9.24007 	 7.43257e-05 	 3.95262e+07 	 2.19043e+47 	 19.2375 	 924
28.5823 	 9.25007 	 7.4937e-05 	 3.93539e+07 	 2.18088e+47 	 19.3323 	 925
28.6878 	 9.26008 	 7.55549e-05 	 3.91819e+07 	 2.17135e+47 	 19.4277 	 926
28.794 	 9.27007 	 7.61794e-05 	 3.90103e+07 	 2.16184e+47 	 19.5239 	 927
28.9009 	 9.28008 	 7.68107e-05 	 3.88389e+07 	 2.15234e+47 	 19.6209 	 928
29.0086 	 9.29008 	 7.74488e-05 	 3.86679e+07 	 2.14287e+47 	 19.7185 	 929
29.1169 	 9.30008 	 7.80938e-05 	 3.84973e+07 	 2.13341e+47 	 19.8169 	 930
29.226 	 9.31008 	 7.87457e-05 	 3.8327e+07 	 2.12397e+47 	 19.9159 	 931
29.3359 	 9.32008 	 7.94046e-05 	 3.8157e+07 	 2.11455e+47 	 20.0158 	 932
29.4464 	 9.33008 	 8.00707e-05 	 3.79874e+07 	 2.10516e+47 	 20.1163 	 933
29.5577 	 9.34008 	 8.07438e-05 	 3.78182e+07 	 2.09578e+47 	 20.2176 	 934
29.6698 	 9.35008 	 8.14243e-05 	 3.76493e+07 	 2.08642e+47 	 20.3197 	 935
29.7826 	 9.36008 	 8.21121e-05 	 3.74808e+07 	 2.07708e+47 	 20.4225 	 936
29.8962 	 9.37008 	 8.28072e-05 	 3.73126e+07 	 2.06776e+47 	 20.5261 	 937
30.0105 	 9.38008 	 8.35099e-05 	 3.71449e+07 	 2.05846e+47 	 20.6304 	 938
30.1256 	 9.39008 	 8.42201e-05 	 3.69775e+07 	 2.04919e+47 	 20.7355 	 939
30.2414 	 9.40009 	 8.4938e-05 	 3.68105e+07 	 2.03993e+47 	 20.8414 	 940
30.3581 	 9.41009 	 8.56636e-05 	 3.66438e+07 	 2.0307e+47 	 20.948 	 941
30.4755 	 9.42009 	 8.6397e-05 	 3.64776e+07 	 2.02149e+47 	 21.0554 	 942
30.5937 	 9.43009 	 8.71382e-05 	 3.63118e+07 	 2.0123e+47 	 21.1636 	 943
30.7127 	 9.44009 	 8.78875e-05 	 3.61464e+07 	 2.00313e+47 	 21.2726 	 944
30.8325 	 9.45009 	 8.86448e-05 	 3.59813e+07 	 1.99398e+47 	 21.3824 	 945
30.9531 	 9.46009 	 8.94103e-05 	 3.58167e+07 	 1.98486e+47 	 21.493 	 946
31.0745 	 9.47009 	 9.0184e-05 	 3.56525e+07 	 1.97576e+47 	 21.6044 	 947
31.1967 	 9.48009 	 9.0966e-05 	 3.54887e+07 	 1.96668e+47 	 21.7166 	 948
31.3197 	 9.49009 	 9.17564e-05 	 3.53253e+07 	 1.95763e+47 	 21.8297 	 949
31.4436 	 9.50009 	 9.25554e-05 	 3.51624e+07 	 1.9486e+47 	 21.9435 	 950
31.5683 	 9.51009 	 9.33629e-05 	 3.49998e+07 	 1.93959e+47 	 22.0582 	 951
31.6938 	 9.52009 	 9.41791e-05 	 3.48377e+07 	 1.93061e+47 	 22.1737 	 952
31.8201 	 9.53009 	 9.50041e-05 	 3.46761e+07 	 1.92165e+47 	 22.29 	 953
31.9473 	 9.5401 	 9.5838e-05 	 3.45148e+07 	 1.91271e+47 	 22.4072 	 954
32.0753 	 9.5501 	 9.66809e-05 	 3.4354e+07 	 1.9038e+47 	 22.5252 	 955
32.2042 	 9.5601 	 9.75328e-05 	 3.41936e+07 	 1.89491e+47 	 22.6441 	 956
32.334 	 9.5701 	 9.83939e-05 	 3.40337e+07 	 1.88605e+47 	 22.7639 	 957
32.4646 	 9.5801 	 9.92643e-05 	 3.38742e+07 	 1.87721e+47 	 22.8845 	 958
32.596 	 9.5901 	 0.000100144 	 3.37152e+07 	 1.8684e+47 	 23.0059 	 959
32.7284 	 9.6001 	 0.000101033 	 3.35566e+07 	 1.85961e+47 	 23.1283 	 960
32.8616 	 9.6101 	 0.000101932 	 3.33985e+07 	 1.85085e+47 	 23.2515 	 961
32.9957 	 9.6201 	 0.00010284 	 3.32408e+07 	 1.84211e+47 	 23.3756 	 962
33.1307 	 9.6301 	 0.000103759 	 3.30836e+07 	 1.8334e+47 	 23.5006 	 963
33.2666 	 9.6401 	 0.000104687 	 3.29268e+07 	 1.82471e+47 	 23.6265 	 964
33.4034 	 9.6501 	 0.000105625 	 3.27705e+07 	 1.81605e+47 	 23.7533 	 965
33.5412 	 9.6601 	 0.000106573 	 3.26147e+07 	 1.80741e+47 	 23.8811 	 966
33.6798 	 9.67011 	 0.000107532 	 3.24593e+07 	 1.7988e+47 	 24.0097 	 967
33.8194 	 9.68011 	 0.0001085 	 3.23044e+07 	 1.79022e+47 	 24.1392 	 968
33.9598 	 9.69011 	 0.00010948 	 3.215e+07 	 1.78166e+47 	 24.2697 	 969
34.1012 	 9.70011 	 0.000110469 	 3.19961e+07 	 1.77313e+47 	 24.4011 	 970
34.2436 	 9.71011 	 0.00011147 	 3.18426e+07 	 1.76463e+47 	 24.5335 	 971
34.3869 	 9.72011 	 0.000112481 	 3.16896e+07 	 1.75615e+47 	 24.6668 	 972
34.5312 	 9.73011 	 0.000113503 	 3.15371e+07 	 1.74769e+47 	 24.801 	 973
34.6764 	 9.74012 	 0.000114536 	 3.1385e+07 	 1.73927e+47 	 24.9362 	 974
34.8225 	 9.75012 	 0.000115581 	 3.12335e+07 	 1.73087e+47 	 25.0724 	 975
34.9697 	 9.76012 	 0.000116636 	 3.10824e+07 	 1.7225e+47 	 25.2096 	 976
35.1178 	 9.77012 	 0.000117703 	 3.09318e+07 	 1.71415e+47 	 25.3477 	 977
35.2669 	 9.78012 	 0.000118782 	 3.07817e+07 	 1.70583e+47 	 25.4868 	 978
35.417 	 9.79012 	 0.000119872 	 3.06321e+07 	 1.69754e+47 	 25.6269 	 979
35.5681 	 9.80012 	 0.000120974 	 3.04829e+07 	 1.68928e+47 	 25.768 	 980
35.7202 	 9.81012 	 0.000122088 	 3.03343e+07 	 1.68104e+47 	 25.91 	 981
35.8733 	 9.82012 	 0.000123214 	 3.01861e+07 	 1.67283e+47 	 26.0532 	 982
36.0274 	 9.83012 	 0.000124352 	 3.00385e+07 	 1.66465e+47 	 26.1973 	 983
36.1825 	 9.84012 	 0.000125502 	 2.98913e+07 	 1.65649e+47 	 26.3424 	 984
36.3387 	 9.85012 	 0.000126665 	 2.97447e+07 	 1.64836e+47 	 26.4886 	 985
36.4959 	 9.86013 	 0.00012784 	 2.95985e+07 	 1.64026e+47 	 26.6358 	 986
36.6542 	 9.87013 	 0.000129028 	 2.94528e+07 	 1.63219e+47 	 26.784 	 987
36.8135 	 9.88013 	 0.000130229 	 2.93077e+07 	 1.62415e+47 	 26.9333 	 988
36.9738 	 9.89013 	 0.000131443 	 2.9163e+07 	 1.61613e+47 	 27.0837 	 989
37.1352 	 9.90013 	 0.00013267 	 2.90188e+07 	 1.60814e+47 	 27.2351 	 990
37.2977 	 9.91013 	 0.000133911 	 2.88752e+07 	 1.60018e+47 	 27.3876 	 991
37.4613 	 9.92014 	 0.000135164 	 2.8732e+07 	 1.59224e+47 	 27.5412 	 992
37.626 	 9.93014 	 0.000136432 	 2.85893e+07 	 1.58434e+47 	 27.6958 	 993
37.7917 	 9.94014 	 0.000137713 	 2.84472e+07 	 1.57646e+47 	 27.8516 	 994
37.9586 	 9.95014 	 0.000139008 	 2.83055e+07 	 1.56861e+47 	 28.0084 	 995
38.1265 	 9.96014 	 0.000140317 	 2.81644e+07 	 1.56079e+47 	 28.1664 	 996
38.2956 	 9.97014 	 0.00014164 	 2.80237e+07 	 1.553e+47 	 28.3255 	 997
38.4658 	 9.98014 	 0.000142978 	 2.78836e+07 	 1.54523e+47 	 28.4857 	 998
38.6371 	 9.99014 	 0.00014433 	 2.7744e+07 	 1.53749e+47 	 28.647 	 999
