-19.999506 9.000000
-19.989506 15.000000
-19.979506 8.000000
-19.969506 9.000000
-19.959506 12.000000
-19.949506 13.000000
-19.939506 10.000000
-19.929506 11.000000
-19.919506 13.000000
-19.909506 6.000000
-19.899506 7.000000
-19.889506 13.000000
-19.879506 10.000000
-19.869506 15.000000
-19.859506 11.000000
-19.849506 19.000000
-19.839506 5.000000
-19.829506 14.000000
-19.819506 15.000000
-19.809506 9.000000
-19.799506 7.000000
-19.789506 16.000000
-19.779506 10.000000
-19.769506 11.000000
-19.759506 11.000000
-19.749506 6.000000
-19.739506 16.000000
-19.729506 12.000000
-19.719506 10.000000
-19.709506 11.000000
-19.699506 12.000000
-19.689506 7.000000
-19.679506 7.000000
-19.669506 14.000000
-19.659506 9.000000
-19.649506 17.000000
-19.639506 12.000000
-19.629506 11.000000
-19.619506 7.000000
-19.609506 12.000000
-19.599506 9.000000
-19.589506 8.000000
-19.579506 8.000000
-19.569506 9.000000
-19.559506 13.000000
-19.549506 15.000000
-19.539506 15.000000
-19.529506 5.000000
-19.519506 7.000000
-19.509506 10.000000
-19.499506 10.000000
-19.489506 8.000000
-19.479506 12.000000
-19.469506 10.000000
-19.459506 12.000000
-19.449506 7.000000
-19.439506 9.000000
-19.429506 9.000000
-19.419506 12.000000
-19.409506 8.000000
-19.399506 10.000000
-19.389506 12.000000
-19.379506 10.000000
-19.369506 8.000000
-19.359506 13.000000
-19.349506 10.000000
-19.339506 16.000000
-19.329506 11.000000
-19.319506 13.000000
-19.309506 12.000000
-19.299506 10.000000
-19.289506 16.000000
-19.279506 15.000000
-19.269506 12.000000
-19.259506 9.000000
-19.249506 16.000000
-19.239506 15.000000
-19.229506 9.000000
-19.219506 12.000000
-19.209506 6.000000
-19.199506 12.000000
-19.189506 11.000000
-19.179506 7.000000
-19.169506 13.000000
-19.159506 6.000000
-19.149506 5.000000
-19.139506 7.000000
-19.129506 8.000000
-19.119506 9.000000
-19.109506 14.000000
-19.099506 14.000000
-19.089506 15.000000
-19.079506 12.000000
-19.069506 8.000000
-19.059506 14.000000
-19.049506 8.000000
-19.039506 10.000000
-19.029506 14.000000
-19.019506 11.000000
-19.009506 7.000000
-18.999506 9.000000
-18.989506 9.000000
-18.979506 13.000000
-18.969506 6.000000
-18.959506 13.000000
-18.949506 8.000000
-18.939506 17.000000
-18.929506 12.000000
-18.919506 8.000000
-18.909506 15.000000
-18.899506 12.000000
-18.889506 8.000000
-18.879506 3.000000
-18.869506 15.000000
-18.859506 8.000000
-18.849506 10.000000
-18.839506 11.000000
-18.829506 14.000000
-18.819506 15.000000
-18.809506 16.000000
-18.799506 12.000000
-18.789506 12.000000
-18.779506 18.000000
-18.769506 13.000000
-18.759506 13.000000
-18.749506 6.000000
-18.739506 7.000000
-18.729506 8.000000
-18.719506 13.000000
-18.709506 8.000000
-18.699506 11.000000
-18.689506 9.000000
-18.679506 11.000000
-18.669506 13.000000
-18.659506 9.000000
-18.649506 4.000000
-18.639506 7.000000
-18.629506 13.000000
-18.619506 12.000000
-18.609506 11.000000
-18.599506 11.000000
-18.589506 13.000000
-18.579506 8.000000
-18.569506 6.000000
-18.559506 10.000000
-18.549506 7.000000
-18.539506 11.000000
-18.529506 11.000000
-18.519506 17.000000
-18.509506 10.000000
-18.499506 12.000000
-18.489506 9.000000
-18.479506 9.000000
-18.469506 8.000000
-18.459506 5.000000
-18.449506 8.000000
-18.439506 10.000000
-18.429506 7.000000
-18.419506 7.000000
-18.409506 5.000000
-18.399506 10.000000
-18.389506 19.000000
-18.379506 14.000000
-18.369506 15.000000
-18.359506 11.000000
-18.349506 10.000000
-18.339506 9.000000
-18.329506 8.000000
-18.319506 15.000000
-18.309506 9.000000
-18.299506 11.000000
-18.289506 12.000000
-18.279506 9.000000
-18.269506 8.000000
-18.259506 7.000000
-18.249506 10.000000
-18.239506 12.000000
-18.229506 7.000000
-18.219506 12.000000
-18.209506 14.000000
-18.199506 14.000000
-18.189506 17.000000
-18.179506 12.000000
-18.169506 16.000000
-18.159506 9.000000
-18.149506 12.000000
-18.139506 6.000000
-18.129506 10.000000
-18.119506 11.000000
-18.109506 6.000000
-18.099506 8.000000
-18.089506 9.000000
-18.079506 10.000000
-18.069506 9.000000
-18.059506 6.000000
-18.049506 16.000000
-18.039506 12.000000
-18.029506 15.000000
-18.019506 4.000000
-18.009506 8.000000
-17.999506 12.000000
-17.989506 7.000000
-17.979506 9.000000
-17.969506 8.000000
-17.959506 10.000000
-17.949506 12.000000
-17.939506 17.000000
-17.929506 14.000000
-17.919506 5.000000
-17.909506 15.000000
-17.899506 9.000000
-17.889506 9.000000
-17.879506 8.000000
-17.869506 10.000000
-17.859506 5.000000
-17.849506 12.000000
-17.839506 7.000000
-17.829506 7.000000
-17.819506 9.000000
-17.809506 12.000000
-17.799506 12.000000
-17.789506 15.000000
-17.779506 11.000000
-17.769506 8.000000
-17.759506 6.000000
-17.749506 14.000000
-17.739506 12.000000
-17.729506 9.000000
-17.719506 10.000000
-17.709506 11.000000
-17.699506 13.000000
-17.689506 11.000000
-17.679506 8.000000
-17.669506 10.000000
-17.659506 8.000000
-17.649506 15.000000
-17.639506 4.000000
-17.629506 10.000000
-17.619506 11.000000
-17.609506 8.000000
-17.599506 10.000000
-17.589506 12.000000
-17.579506 10.000000
-17.569506 14.000000
-17.559506 16.000000
-17.549506 5.000000
-17.539506 10.000000
-17.529506 9.000000
-17.519506 4.000000
-17.509506 9.000000
-17.499506 18.000000
-17.489506 15.000000
-17.479506 10.000000
-17.469506 13.000000
-17.459506 10.000000
-17.449506 12.000000
-17.439506 4.000000
-17.429506 14.000000
-17.419506 7.000000
-17.409506 11.000000
-17.399506 16.000000
-17.389506 13.000000
-17.379506 11.000000
-17.369506 15.000000
-17.359506 7.000000
-17.349506 15.000000
-17.339506 11.000000
-17.329506 11.000000
-17.319506 9.000000
-17.309506 8.000000
-17.299506 10.000000
-17.289506 7.000000
-17.279506 11.000000
-17.269506 14.000000
-17.259506 14.000000
-17.249506 15.000000
-17.239506 14.000000
-17.229506 12.000000
-17.219506 8.000000
-17.209506 11.000000
-17.199506 7.000000
-17.189506 11.000000
-17.179506 7.000000
-17.169506 13.000000
-17.159506 7.000000
-17.149506 7.000000
-17.139506 12.000000
-17.129506 10.000000
-17.119506 14.000000
-17.109506 12.000000
-17.099506 11.000000
-17.089506 17.000000
-17.079506 14.000000
-17.069506 13.000000
-17.059506 17.000000
-17.049506 11.000000
-17.039506 10.000000
-17.029506 5.000000
-17.019506 18.000000
-17.009506 9.000000
-16.999506 10.000000
-16.989506 19.000000
-16.979506 22.000000
-16.969506 9.000000
-16.959506 14.000000
-16.949506 13.000000
-16.939506 13.000000
-16.929506 6.000000
-16.919506 9.000000
-16.909506 14.000000
-16.899506 8.000000
-16.889506 6.000000
-16.879506 15.000000
-16.869506 9.000000
-16.859506 15.000000
-16.849506 14.000000
-16.839506 10.000000
-16.829506 6.000000
-16.819506 12.000000
-16.809506 8.000000
-16.799506 12.000000
-16.789506 8.000000
-16.779506 14.000000
-16.769506 7.000000
-16.759506 13.000000
-16.749506 11.000000
-16.739506 8.000000
-16.729506 10.000000
-16.719506 12.000000
-16.709506 11.000000
-16.699506 10.000000
-16.689506 4.000000
-16.679506 11.000000
-16.669506 8.000000
-16.659506 15.000000
-16.649506 8.000000
-16.639506 19.000000
-16.629506 12.000000
-16.619506 12.000000
-16.609506 11.000000
-16.599506 8.000000
-16.589506 15.000000
-16.579506 6.000000
-16.569506 10.000000
-16.559506 8.000000
-16.549506 9.000000
-16.539506 11.000000
-16.529506 9.000000
-16.519506 7.000000
-16.509506 14.000000
-16.499506 12.000000
-16.489506 17.000000
-16.479506 11.000000
-16.469506 6.000000
-16.459506 9.000000
-16.449506 6.000000
-16.439506 6.000000
-16.429506 14.000000
-16.419506 10.000000
-16.409506 11.000000
-16.399506 11.000000
-16.389506 5.000000
-16.379506 5.000000
-16.369506 11.000000
-16.359506 9.000000
-16.349506 11.000000
-16.339506 8.000000
-16.329506 10.000000
-16.319506 12.000000
-16.309506 12.000000
-16.299506 9.000000
-16.289506 9.000000
-16.279506 10.000000
-16.269506 13.000000
-16.259506 6.000000
-16.249506 13.000000
-16.239506 16.000000
-16.229506 3.000000
-16.219506 9.000000
-16.209506 14.000000
-16.199506 13.000000
-16.189506 16.000000
-16.179506 6.000000
-16.169506 14.000000
-16.159506 9.000000
-16.149506 5.000000
-16.139506 10.000000
-16.129506 9.000000
-16.119506 8.000000
-16.109506 10.000000
-16.099506 13.000000
-16.089506 8.000000
-16.079506 7.000000
-16.069506 3.000000
-16.059506 10.000000
-16.049506 11.000000
-16.039506 13.000000
-16.029506 11.000000
-16.019506 7.000000
-16.009506 13.000000
-15.999506 10.000000
-15.989506 7.000000
-15.979506 11.000000
-15.969506 10.000000
-15.959506 11.000000
-15.949506 7.000000
-15.939506 11.000000
-15.929506 14.000000
-15.919506 6.000000
-15.909506 13.000000
-15.899506 8.000000
-15.889506 13.000000
-15.879506 14.000000
-15.869506 9.000000
-15.859506 9.000000
-15.849506 14.000000
-15.839506 15.000000
-15.829506 10.000000
-15.819506 15.000000
-15.809506 11.000000
-15.799506 9.000000
-15.789506 21.000000
-15.779506 16.000000
-15.769506 9.000000
-15.759506 7.000000
-15.749506 11.000000
-15.739506 8.000000
-15.729506 7.000000
-15.719506 13.000000
-15.709506 8.000000
-15.699506 10.000000
-15.689506 16.000000
-15.679506 9.000000
-15.669506 7.000000
-15.659506 12.000000
-15.649506 7.000000
-15.639506 6.000000
-15.629506 13.000000
-15.619506 11.000000
-15.609506 10.000000
-15.599506 8.000000
-15.589506 11.000000
-15.579506 5.000000
-15.569506 9.000000
-15.559506 13.000000
-15.549506 10.000000
-15.539506 9.000000
-15.529506 9.000000
-15.519506 12.000000
-15.509506 9.000000
-15.499506 9.000000
-15.489506 11.000000
-15.479506 7.000000
-15.469506 16.000000
-15.459506 11.000000
-15.449506 11.000000
-15.439506 15.000000
-15.429506 9.000000
-15.419506 10.000000
-15.409506 11.000000
-15.399506 9.000000
-15.389506 11.000000
-15.379506 13.000000
-15.369506 13.000000
-15.359506 10.000000
-15.349506 4.000000
-15.339506 10.000000
-15.329506 7.000000
-15.319506 12.000000
-15.309506 9.000000
-15.299506 12.000000
-15.289506 13.000000
-15.279506 11.000000
-15.269506 9.000000
-15.259506 9.000000
-15.249506 10.000000
-15.239506 10.000000
-15.229506 11.000000
-15.219506 11.000000
-15.209506 12.000000
-15.199506 7.000000
-15.189506 11.000000
-15.179506 14.000000
-15.169506 9.000000
-15.159506 12.000000
-15.149506 4.000000
-15.139506 9.000000
-15.129506 12.000000
-15.119506 13.000000
-15.109506 10.000000
-15.099506 18.000000
-15.089506 8.000000
-15.079506 11.000000
-15.069506 6.000000
-15.059506 13.000000
-15.049506 9.000000
-15.039506 16.000000
-15.029506 9.000000
-15.019506 11.000000
-15.009506 12.000000
-14.999506 9.000000
-14.989506 10.000000
-14.979506 7.000000
-14.969506 2.000000
-14.959506 12.000000
-14.949506 14.000000
-14.939506 12.000000
-14.929506 12.000000
-14.919506 10.000000
-14.909506 15.000000
-14.899506 10.000000
-14.889506 7.000000
-14.879506 10.000000
-14.869506 11.000000
-14.859506 8.000000
-14.849506 17.000000
-14.839506 14.000000
-14.829506 11.000000
-14.819506 11.000000
-14.809506 12.000000
-14.799506 11.000000
-14.789506 15.000000
-14.779506 6.000000
-14.769506 6.000000
-14.759506 10.000000
-14.749506 8.000000
-14.739506 15.000000
-14.729506 9.000000
-14.719506 9.000000
-14.709506 7.000000
-14.699506 10.000000
-14.689506 8.000000
-14.679506 10.000000
-14.669506 10.000000
-14.659506 11.000000
-14.649506 14.000000
-14.639506 8.000000
-14.629506 14.000000
-14.619506 6.000000
-14.609506 10.000000
-14.599506 7.000000
-14.589506 10.000000
-14.579506 18.000000
-14.569506 15.000000
-14.559506 6.000000
-14.549506 13.000000
-14.539506 11.000000
-14.529506 9.000000
-14.519506 10.000000
-14.509506 8.000000
-14.499506 15.000000
-14.489506 12.000000
-14.479506 9.000000
-14.469506 11.000000
-14.459506 9.000000
-14.449506 10.000000
-14.439506 6.000000
-14.429506 6.000000
-14.419506 4.000000
-14.409506 9.000000
-14.399506 11.000000
-14.389506 7.000000
-14.379506 14.000000
-14.369506 10.000000
-14.359506 12.000000
-14.349506 10.000000
-14.339506 6.000000
-14.329506 10.000000
-14.319506 10.000000
-14.309506 11.000000
-14.299506 9.000000
-14.289506 11.000000
-14.279506 14.000000
-14.269506 8.000000
-14.259506 10.000000
-14.249506 14.000000
-14.239506 8.000000
-14.229506 9.000000
-14.219506 20.000000
-14.209506 7.000000
-14.199506 13.000000
-14.189506 14.000000
-14.179506 8.000000
-14.169506 11.000000
-14.159506 13.000000
-14.149506 17.000000
-14.139506 9.000000
-14.129506 17.000000
-14.119506 12.000000
-14.109506 9.000000
-14.099506 8.000000
-14.089506 6.000000
-14.079506 9.000000
-14.069506 8.000000
-14.059506 17.000000
-14.049506 7.000000
-14.039506 11.000000
-14.029506 8.000000
-14.019506 12.000000
-14.009506 16.000000
-13.999506 10.000000
-13.989506 10.000000
-13.979506 8.000000
-13.969506 15.000000
-13.959506 15.000000
-13.949506 10.000000
-13.939506 10.000000
-13.929506 7.000000
-13.919506 13.000000
-13.909506 15.000000
-13.899506 12.000000
-13.889506 8.000000
-13.879506 10.000000
-13.869506 15.000000
-13.859506 9.000000
-13.849506 17.000000
-13.839506 7.000000
-13.829506 9.000000
-13.819506 10.000000
-13.809506 13.000000
-13.799506 10.000000
-13.789506 5.000000
-13.779506 5.000000
-13.769506 7.000000
-13.759506 7.000000
-13.749506 11.000000
-13.739506 9.000000
-13.729506 7.000000
-13.719506 7.000000
-13.709506 12.000000
-13.699506 11.000000
-13.689506 8.000000
-13.679506 6.000000
-13.669506 8.000000
-13.659506 11.000000
-13.649506 19.000000
-13.639506 12.000000
-13.629506 12.000000
-13.619506 8.000000
-13.609506 18.000000
-13.599506 10.000000
-13.589506 16.000000
-13.579506 7.000000
-13.569506 13.000000
-13.559506 16.000000
-13.549506 20.000000
-13.539506 16.000000
-13.529506 10.000000
-13.519506 14.000000
-13.509506 8.000000
-13.499506 9.000000
-13.489506 8.000000
-13.479506 3.000000
-13.469506 8.000000
-13.459506 6.000000
-13.449506 12.000000
-13.439506 8.000000
-13.429506 6.000000
-13.419506 11.000000
-13.409506 15.000000
-13.399506 10.000000
-13.389506 5.000000
-13.379506 10.000000
-13.369506 14.000000
-13.359506 15.000000
-13.349506 14.000000
-13.339506 7.000000
-13.329506 8.000000
-13.319506 13.000000
-13.309506 17.000000
-13.299506 10.000000
-13.289506 12.000000
-13.279506 7.000000
-13.269506 16.000000
-13.259506 12.000000
-13.249506 11.000000
-13.239506 12.000000
-13.229506 8.000000
-13.219506 9.000000
-13.209506 16.000000
-13.199506 14.000000
-13.189506 12.000000
-13.179506 7.000000
-13.169506 13.000000
-13.159506 12.000000
-13.149506 5.000000
-13.139506 9.000000
-13.129506 10.000000
-13.119506 5.000000
-13.109506 10.000000
-13.099506 16.000000
-13.089506 13.000000
-13.079506 14.000000
-13.069506 11.000000
-13.059506 10.000000
-13.049506 11.000000
-13.039506 7.000000
-13.029506 16.000000
-13.019506 12.000000
-13.009506 10.000000
-12.999506 9.000000
-12.989506 6.000000
-12.979506 14.000000
-12.969506 9.000000
-12.959506 7.000000
-12.949506 9.000000
-12.939506 8.000000
-12.929506 9.000000
-12.919506 15.000000
-12.909506 8.000000
-12.899506 7.000000
-12.889506 12.000000
-12.879506 10.000000
-12.869506 13.000000
-12.859506 5.000000
-12.849506 9.000000
-12.839506 11.000000
-12.829506 11.000000
-12.819506 15.000000
-12.809506 16.000000
-12.799506 15.000000
-12.789506 16.000000
-12.779506 17.000000
-12.769506 13.000000
-12.759506 11.000000
-12.749506 13.000000
-12.739506 13.000000
-12.729506 8.000000
-12.719506 13.000000
-12.709506 14.000000
-12.699506 13.000000
-12.689506 18.000000
-12.679506 6.000000
-12.669506 5.000000
-12.659506 7.000000
-12.649506 5.000000
-12.639506 14.000000
-12.629506 10.000000
-12.619506 6.000000
-12.609506 12.000000
-12.599506 11.000000
-12.589506 15.000000
-12.579506 9.000000
-12.569506 10.000000
-12.559506 8.000000
-12.549506 14.000000
-12.539506 10.000000
-12.529506 16.000000
-12.519506 10.000000
-12.509506 12.000000
-12.499506 12.000000
-12.489506 9.000000
-12.479506 11.000000
-12.469506 8.000000
-12.459506 8.000000
-12.449506 14.000000
-12.439506 11.000000
-12.429506 8.000000
-12.419506 14.000000
-12.409506 13.000000
-12.399506 16.000000
-12.389506 10.000000
-12.379506 7.000000
-12.369506 12.000000
-12.359506 7.000000
-12.349506 3.000000
-12.339506 11.000000
-12.329506 2.000000
-12.319506 11.000000
-12.309506 6.000000
-12.299506 9.000000
-12.289506 13.000000
-12.279506 9.000000
-12.269506 13.000000
-12.259506 13.000000
-12.249506 9.000000
-12.239506 13.000000
-12.229506 10.000000
-12.219506 12.000000
-12.209506 12.000000
-12.199506 12.000000
-12.189506 7.000000
-12.179506 8.000000
-12.169506 9.000000
-12.159506 18.000000
-12.149506 12.000000
-12.139506 13.000000
-12.129506 10.000000
-12.119506 12.000000
-12.109506 11.000000
-12.099506 14.000000
-12.089506 8.000000
-12.079506 8.000000
-12.069506 9.000000
-12.059506 10.000000
-12.049506 11.000000
-12.039506 9.000000
-12.029506 10.000000
-12.019506 8.000000
-12.009506 16.000000
-11.999506 5.000000
-11.989506 15.000000
-11.979506 8.000000
-11.969506 8.000000
-11.959506 6.000000
-11.949506 11.000000
-11.939507 11.000000
-11.929506 12.000000
-11.919506 10.000000
-11.909506 10.000000
-11.899507 9.000000
-11.889506 9.000000
-11.879506 7.000000
-11.869506 9.000000
-11.859507 14.000000
-11.849506 12.000000
-11.839506 8.000000
-11.829506 10.000000
-11.819507 14.000000
-11.809506 14.000000
-11.799506 13.000000
-11.789506 14.000000
-11.779506 16.000000
-11.769506 8.000000
-11.759506 7.000000
-11.749506 12.000000
-11.739506 10.000000
-11.729506 12.000000
-11.719506 9.000000
-11.709506 16.000000
-11.699506 13.000000
-11.689507 7.000000
-11.679506 5.000000
-11.669506 9.000000
-11.659506 13.000000
-11.649507 4.000000
-11.639506 12.000000
-11.629506 6.000000
-11.619506 11.000000
-11.609507 8.000000
-11.599506 16.000000
-11.589506 7.000000
-11.579506 8.000000
-11.569507 9.000000
-11.559506 11.000000
-11.549506 11.000000
-11.539506 10.000000
-11.529506 7.000000
-11.519506 10.000000
-11.509506 12.000000
-11.499506 18.000000
-11.489506 11.000000
-11.479506 2.000000
-11.469506 8.000000
-11.459506 13.000000
-11.449506 9.000000
-11.439507 5.000000
-11.429506 8.000000
-11.419506 13.000000
-11.409506 11.000000
-11.399507 7.000000
-11.389506 12.000000
-11.379506 9.000000
-11.369506 10.000000
-11.359507 10.000000
-11.349506 6.000000
-11.339506 8.000000
-11.329506 8.000000
-11.319507 10.000000
-11.309506 9.000000
-11.299506 5.000000
-11.289506 10.000000
-11.279506 16.000000
-11.269506 9.000000
-11.259506 13.000000
-11.249506 6.000000
-11.239506 11.000000
-11.229506 12.000000
-11.219506 12.000000
-11.209506 5.000000
-11.199506 26.000000
-11.189507 11.000000
-11.179506 11.000000
-11.169506 9.000000
-11.159506 9.000000
-11.149507 7.000000
-11.139506 11.000000
-11.129506 10.000000
-11.119506 8.000000
-11.109507 13.000000
-11.099506 9.000000
-11.089506 19.000000
-11.079506 13.000000
-11.069507 6.000000
-11.059506 9.000000
-11.049506 12.000000
-11.039506 9.000000
-11.029506 7.000000
-11.019506 12.000000
-11.009506 16.000000
-10.999506 13.000000
-10.989506 13.000000
-10.979506 11.000000
-10.969506 10.000000
-10.959506 10.000000
-10.949506 9.000000
-10.939507 10.000000
-10.929506 6.000000
-10.919506 12.000000
-10.909506 12.000000
-10.899507 9.000000
-10.889506 10.000000
-10.879506 13.000000
-10.869506 10.000000
-10.859507 8.000000
-10.849506 16.000000
-10.839506 13.000000
-10.829506 11.000000
-10.819507 11.000000
-10.809506 11.000000
-10.799506 15.000000
-10.789506 10.000000
-10.779506 10.000000
-10.769506 15.000000
-10.759506 15.000000
-10.749506 13.000000
-10.739506 11.000000
-10.729506 12.000000
-10.719506 7.000000
-10.709506 5.000000
-10.699506 11.000000
-10.689507 10.000000
-10.679506 10.000000
-10.669506 17.000000
-10.659506 8.000000
-10.649507 9.000000
-10.639506 10.000000
-10.629506 7.000000
-10.619506 10.000000
-10.609507 16.000000
-10.599506 16.000000
-10.589506 11.000000
-10.579506 12.000000
-10.569507 10.000000
-10.559506 12.000000
-10.549506 11.000000
-10.539506 7.000000
-10.529507 7.000000
-10.519506 5.000000
-10.509506 16.000000
-10.499506 15.000000
-10.489506 13.000000
-10.479506 12.000000
-10.469506 6.000000
-10.459506 13.000000
-10.449506 17.000000
-10.439507 10.000000
-10.429506 20.000000
-10.419506 15.000000
-10.409506 12.000000
-10.399507 10.000000
-10.389506 11.000000
-10.379506 6.000000
-10.369506 12.000000
-10.359507 11.000000
-10.349506 18.000000
-10.339506 11.000000
-10.329506 6.000000
-10.319507 7.000000
-10.309506 15.000000
-10.299506 20.000000
-10.289506 14.000000
-10.279507 9.000000
-10.269506 15.000000
-10.259506 8.000000
-10.249506 7.000000
-10.239506 12.000000
-10.229506 13.000000
-10.219506 13.000000
-10.209506 11.000000
-10.199506 10.000000
-10.189507 8.000000
-10.179506 14.000000
-10.169506 10.000000
-10.159506 8.000000
-10.149507 12.000000
-10.139506 8.000000
-10.129506 11.000000
-10.119506 7.000000
-10.109507 16.000000
-10.099506 11.000000
-10.089506 8.000000
-10.079506 14.000000
-10.069507 10.000000
-10.059506 13.000000
-10.049506 9.000000
-10.039506 11.000000
-10.029507 4.000000
-10.019506 8.000000
-10.009506 13.000000
-9.999506 19.000000
-9.989506 7.000000
-9.979506 12.000000
-9.969506 11.000000
-9.959506 10.000000
-9.949506 11.000000
-9.939507 9.000000
-9.929506 12.000000
-9.919506 9.000000
-9.909506 18.000000
-9.899507 10.000000
-9.889506 10.000000
-9.879506 8.000000
-9.869506 10.000000
-9.859507 13.000000
-9.849506 7.000000
-9.839506 16.000000
-9.829506 12.000000
-9.819507 9.000000
-9.809506 9.000000
-9.799506 8.000000
-9.789506 8.000000
-9.779507 8.000000
-9.769506 6.000000
-9.759506 10.000000
-9.749506 11.000000
-9.739506 8.000000
-9.729506 14.000000
-9.719506 14.000000
-9.709506 11.000000
-9.699506 9.000000
-9.689507 13.000000
-9.679506 13.000000
-9.669506 6.000000
-9.659506 5.000000
-9.649507 12.000000
-9.639506 12.000000
-9.629506 9.000000
-9.619506 12.000000
-9.609507 15.000000
-9.599506 15.000000
-9.589506 11.000000
-9.579506 14.000000
-9.569507 9.000000
-9.559506 11.000000
-9.549506 8.000000
-9.539506 9.000000
-9.529507 8.000000
-9.519506 9.000000
-9.509506 9.000000
-9.499506 11.000000
-9.489506 8.000000
-9.479506 7.000000
-9.469506 7.000000
-9.459506 15.000000
-9.449506 6.000000
-9.439507 9.000000
-9.429506 13.000000
-9.419506 10.000000
-9.409506 6.000000
-9.399507 16.000000
-9.389506 14.000000
-9.379506 2.000000
-9.369506 11.000000
-9.359507 10.000000
-9.349506 12.000000
-9.339506 10.000000
-9.329506 15.000000
-9.319507 6.000000
-9.309506 18.000000
-9.299506 13.000000
-9.289506 10.000000
-9.279507 10.000000
-9.269506 13.000000
-9.259506 13.000000
-9.249506 9.000000
-9.239506 10.000000
-9.229506 21.000000
-9.219506 7.000000
-9.209506 11.000000
-9.199506 14.000000
-9.189507 12.000000
-9.179506 10.000000
-9.169506 7.000000
-9.159506 15.000000
-9.149507 4.000000
-9.139506 14.000000
-9.129506 7.000000
-9.119506 9.000000
-9.109507 6.000000
-9.099506 8.000000
-9.089506 12.000000
-9.079506 8.000000
-9.069507 14.000000
-9.059506 13.000000
-9.049506 13.000000
-9.039506 8.000000
-9.029507 11.000000
-9.019506 17.000000
-9.009506 5.000000
-8.999506 12.000000
-8.989506 10.000000
-8.979506 9.000000
-8.969506 6.000000
-8.959506 6.000000
-8.949506 4.000000
-8.939507 10.000000
-8.929506 14.000000
-8.919506 17.000000
-8.909506 12.000000
-8.899507 8.000000
-8.889506 13.000000
-8.879506 11.000000
-8.869506 9.000000
-8.859507 10.000000
-8.849506 8.000000
-8.839506 7.000000
-8.829506 11.000000
-8.819507 7.000000
-8.809506 15.000000
-8.799506 7.000000
-8.789506 10.000000
-8.779507 19.000000
-8.769506 6.000000
-8.759506 8.000000
-8.749506 10.000000
-8.739507 12.000000
-8.729506 10.000000
-8.719506 15.000000
-8.709506 8.000000
-8.699506 9.000000
-8.689507 11.000000
-8.679506 11.000000
-8.669506 5.000000
-8.659506 13.000000
-8.649507 6.000000
-8.639506 15.000000
-8.629506 10.000000
-8.619506 7.000000
-8.609507 15.000000
-8.599506 9.000000
-8.589506 8.000000
-8.579506 14.000000
-8.569507 11.000000
-8.559506 11.000000
-8.549506 18.000000
-8.539506 10.000000
-8.529507 7.000000
-8.519506 17.000000
-8.509506 12.000000
-8.499506 10.000000
-8.489507 11.000000
-8.479506 10.000000
-8.469506 10.000000
-8.459506 16.000000
-8.449506 15.000000
-8.439507 12.000000
-8.429506 9.000000
-8.419506 8.000000
-8.409506 15.000000
-8.399507 16.000000
-8.389506 12.000000
-8.379506 4.000000
-8.369506 15.000000
-8.359507 4.000000
-8.349506 11.000000
-8.339506 8.000000
-8.329506 8.000000
-8.319507 8.000000
-8.309506 10.000000
-8.299506 10.000000
-8.289506 9.000000
-8.279507 12.000000
-8.269506 6.000000
-8.259506 10.000000
-8.249506 10.000000
-8.239507 14.000000
-8.229506 8.000000
-8.219506 12.000000
-8.209506 14.000000
-8.199506 10.000000
-8.189507 10.000000
-8.179506 15.000000
-8.169506 7.000000
-8.159506 11.000000
-8.149507 14.000000
-8.139506 12.000000
-8.129506 10.000000
-8.119506 9.000000
-8.109507 10.000000
-8.099506 5.000000
-8.089506 8.000000
-8.079506 5.000000
-8.069507 11.000000
-8.059506 13.000000
-8.049506 10.000000
-8.039506 5.000000
-8.029507 12.000000
-8.019506 10.000000
-8.009506 12.000000
-7.999506 8.000000
-7.989507 13.000000
-7.979506 9.000000
-7.969506 8.000000
-7.959506 23.000000
-7.949506 13.000000
-7.939507 11.000000
-7.929506 10.000000
-7.919506 18.000000
-7.909506 16.000000
-7.899507 7.000000
-7.889506 8.000000
-7.879506 6.000000
-7.869506 9.000000
-7.859507 12.000000
-7.849506 14.000000
-7.839506 13.000000
-7.829506 12.000000
-7.819507 11.000000
-7.809506 11.000000
-7.799506 7.000000
-7.789506 10.000000
-7.779507 11.000000
-7.769506 11.000000
-7.759506 12.000000
-7.749506 16.000000
-7.739507 11.000000
-7.729506 9.000000
-7.719506 10.000000
-7.709506 11.000000
-7.699506 16.000000
-7.689507 13.000000
-7.679506 6.000000
-7.669506 12.000000
-7.659506 13.000000
-7.649507 11.000000
-7.639506 9.000000
-7.629506 13.000000
-7.619506 5.000000
-7.609507 10.000000
-7.599506 7.000000
-7.589506 5.000000
-7.579506 9.000000
-7.569507 9.000000
-7.559506 8.000000
-7.549506 10.000000
-7.539506 12.000000
-7.529507 17.000000
-7.519506 7.000000
-7.509506 10.000000
-7.499506 8.000000
-7.489507 9.000000
-7.479506 10.000000
-7.469506 10.000000
-7.459506 9.000000
-7.449506 18.000000
-7.439507 11.000000
-7.429506 12.000000
-7.419506 3.000000
-7.409506 9.000000
-7.399507 10.000000
-7.389506 12.000000
-7.379506 8.000000
-7.369506 7.000000
-7.359507 12.000000
-7.349506 16.000000
-7.339506 12.000000
-7.329506 11.000000
-7.319507 10.000000
-7.309506 12.000000
-7.299506 7.000000
-7.289506 17.000000
-7.279507 8.000000
-7.269506 8.000000
-7.259506 14.000000
-7.249506 9.000000
-7.239507 10.000000
-7.229506 11.000000
-7.219506 19.000000
-7.209506 7.000000
-7.199507 13.000000
-7.189507 8.000000
-7.179506 8.000000
-7.169506 6.000000
-7.159506 5.000000
-7.149507 10.000000
-7.139506 16.000000
-7.129506 8.000000
-7.119506 13.000000
-7.109507 12.000000
-7.099506 17.000000
-7.089506 5.000000
-7.079506 8.000000
-7.069507 9.000000
-7.059506 12.000000
-7.049506 8.000000
-7.039506 7.000000
-7.029507 7.000000
-7.019506 15.000000
-7.009506 6.000000
-6.999506 10.000000
-6.989507 13.000000
-6.979506 10.000000
-6.969506 8.000000
-6.959506 14.000000
-6.949507 10.000000
-6.939507 9.000000
-6.929506 15.000000
-6.919506 3.000000
-6.909506 14.000000
-6.899507 13.000000
-6.889506 11.000000
-6.879506 13.000000
-6.869506 11.000000
-6.859507 17.000000
-6.849506 7.000000
-6.839506 1.000000
-6.829506 7.000000
-6.819507 13.000000
-6.809506 10.000000
-6.799506 13.000000
-6.789506 13.000000
-6.779507 12.000000
-6.769506 13.000000
-6.759506 10.000000
-6.749506 9.000000
-6.739507 12.000000
-6.729506 7.000000
-6.719506 8.000000
-6.709506 10.000000
-6.699507 9.000000
-6.689507 9.000000
-6.679506 14.000000
-6.669506 8.000000
-6.659506 13.000000
-6.649507 7.000000
-6.639506 14.000000
-6.629506 18.000000
-6.619506 9.000000
-6.609507 15.000000
-6.599506 11.000000
-6.589506 11.000000
-6.579506 12.000000
-6.569507 7.000000
-6.559506 13.000000
-6.549506 15.000000
-6.539506 7.000000
-6.529507 9.000000
-6.519506 5.000000
-6.509506 8.000000
-6.499506 12.000000
-6.489507 16.000000
-6.479506 8.000000
-6.469506 10.000000
-6.459506 11.000000
-6.449507 10.000000
-6.439507 9.000000
-6.429506 11.000000
-6.419506 10.000000
-6.409506 10.000000
-6.399507 11.000000
-6.389506 12.000000
-6.379506 9.000000
-6.369506 9.000000
-6.359507 11.000000
-6.349506 10.000000
-6.339506 6.000000
-6.329506 8.000000
-6.319507 11.000000
-6.309506 18.000000
-6.299506 9.000000
-6.289506 15.000000
-6.279507 10.000000
-6.269506 10.000000
-6.259506 10.000000
-6.249506 8.000000
-6.239507 12.000000
-6.229506 16.000000
-6.219506 13.000000
-6.209506 6.000000
-6.199507 12.000000
-6.189507 11.000000
-6.179506 12.000000
-6.169506 10.000000
-6.159506 6.000000
-6.149507 12.000000
-6.139506 7.000000
-6.129506 9.000000
-6.119506 10.000000
-6.109507 8.000000
-6.099506 14.000000
-6.089506 10.000000
-6.079506 10.000000
-6.069507 4.000000
-6.059506 12.000000
-6.049506 9.000000
-6.039506 9.000000
-6.029507 7.000000
-6.019506 7.000000
-6.009506 10.000000
-5.999506 16.000000
-5.989507 11.000000
-5.979506 8.000000
-5.969506 10.000000
-5.959506 5.000000
-5.949507 12.000000
-5.939507 6.000000
-5.929506 14.000000
-5.919506 12.000000
-5.909506 10.000000
-5.899507 20.000000
-5.889506 15.000000
-5.879506 10.000000
-5.869506 9.000000
-5.859507 12.000000
-5.849506 17.000000
-5.839506 11.000000
-5.829506 8.000000
-5.819507 6.000000
-5.809506 11.000000
-5.799506 13.000000
-5.789506 11.000000
-5.779507 7.000000
-5.769506 12.000000
-5.759506 11.000000
-5.749506 7.000000
-5.739507 9.000000
-5.729506 6.000000
-5.719506 9.000000
-5.709506 12.000000
-5.699507 6.000000
-5.689507 10.000000
-5.679506 9.000000
-5.669506 15.000000
-5.659506 8.000000
-5.649507 11.000000
-5.639506 9.000000
-5.629506 8.000000
-5.619506 10.000000
-5.609507 12.000000
-5.599506 15.000000
-5.589506 11.000000
-5.579506 17.000000
-5.569507 10.000000
-5.559506 6.000000
-5.549506 11.000000
-5.539506 7.000000
-5.529507 9.000000
-5.519506 10.000000
-5.509506 12.000000
-5.499506 10.000000
-5.489507 11.000000
-5.479506 12.000000
-5.469506 3.000000
-5.459506 10.000000
-5.449507 11.000000
-5.439507 12.000000
-5.429506 11.000000
-5.419506 10.000000
-5.409507 10.000000
-5.399507 13.000000
-5.389506 12.000000
-5.379506 12.000000
-5.369506 5.000000
-5.359507 11.000000
-5.349506 6.000000
-5.339506 9.000000
-5.329506 12.000000
-5.319507 10.000000
-5.309506 6.000000
-5.299506 9.000000
-5.289506 13.000000
-5.279507 8.000000
-5.269506 10.000000
-5.259506 9.000000
-5.249506 8.000000
-5.239507 13.000000
-5.229506 12.000000
-5.219506 13.000000
-5.209506 11.000000
-5.199507 13.000000
-5.189507 9.000000
-5.179506 14.000000
-5.169506 9.000000
-5.159507 13.000000
-5.149507 11.000000
-5.139506 7.000000
-5.129506 15.000000
-5.119506 15.000000
-5.109507 9.000000
-5.099506 14.000000
-5.089506 9.000000
-5.079506 3.000000
-5.069507 17.000000
-5.059506 7.000000
-5.049506 13.000000
-5.039506 10.000000
-5.029507 8.000000
-5.019506 13.000000
-5.009506 8.000000
-4.999506 12.000000
-4.989507 6.000000
-4.979506 11.000000
-4.969506 19.000000
-4.959506 9.000000
-4.949507 7.000000
-4.939507 14.000000
-4.929506 6.000000
-4.919506 12.000000
-4.909507 14.000000
-4.899507 10.000000
-4.889506 14.000000
-4.879506 8.000000
-4.869506 8.000000
-4.859507 9.000000
-4.849506 13.000000
-4.839506 13.000000
-4.829506 8.000000
-4.819507 8.000000
-4.809506 12.000000
-4.799506 16.000000
-4.789506 13.000000
-4.779507 14.000000
-4.769506 12.000000
-4.759506 10.000000
-4.749506 9.000000
-4.739507 9.000000
-4.729506 7.000000
-4.719506 11.000000
-4.709506 11.000000
-4.699507 4.000000
-4.689507 6.000000
-4.679506 9.000000
-4.669506 6.000000
-4.659507 7.000000
-4.649507 8.000000
-4.639506 10.000000
-4.629506 10.000000
-4.619506 6.000000
-4.609507 12.000000
-4.599506 12.000000
-4.589506 11.000000
-4.579506 12.000000
-4.569507 15.000000
-4.559506 9.000000
-4.549506 8.000000
-4.539506 10.000000
-4.529507 5.000000
-4.519506 15.000000
-4.509506 8.000000
-4.499506 12.000000
-4.489507 11.000000
-4.479506 12.000000
-4.469506 9.000000
-4.459506 10.000000
-4.449507 15.000000
-4.439507 14.000000
-4.429506 10.000000
-4.419506 8.000000
-4.409507 9.000000
-4.399507 13.000000
-4.389506 10.000000
-4.379506 10.000000
-4.369506 12.000000
-4.359507 6.000000
-4.349506 12.000000
-4.339506 9.000000
-4.329506 6.000000
-4.319507 19.000000
-4.309506 8.000000
-4.299506 11.000000
-4.289506 13.000000
-4.279507 16.000000
-4.269506 8.000000
-4.259506 11.000000
-4.249506 9.000000
-4.239507 11.000000
-4.229506 10.000000
-4.219506 10.000000
-4.209506 8.000000
-4.199507 11.000000
-4.189507 9.000000
-4.179506 7.000000
-4.169506 14.000000
-4.159507 7.000000
-4.149507 13.000000
-4.139506 10.000000
-4.129506 8.000000
-4.119506 5.000000
-4.109507 5.000000
-4.099506 15.000000
-4.089506 10.000000
-4.079506 7.000000
-4.069507 11.000000
-4.059506 16.000000
-4.049506 15.000000
-4.039506 8.000000
-4.029507 8.000000
-4.019506 11.000000
-4.009506 14.000000
-3.999506 18.000000
-3.989506 8.000000
-3.979506 9.000000
-3.969507 13.000000
-3.959507 13.000000
-3.949507 15.000000
-3.939507 5.000000
-3.929506 9.000000
-3.919506 12.000000
-3.909506 9.000000
-3.899506 9.000000
-3.889507 8.000000
-3.879507 12.000000
-3.869507 6.000000
-3.859507 9.000000
-3.849506 9.000000
-3.839506 5.000000
-3.829506 7.000000
-3.819506 8.000000
-3.809505 10.000000
-3.799507 11.000000
-3.789507 10.000000
-3.779507 8.000000
-3.769506 10.000000
-3.759506 4.000000
-3.749506 10.000000
-3.739506 11.000000
-3.729506 9.000000
-3.719507 8.000000
-3.709507 13.000000
-3.699507 8.000000
-3.689507 11.000000
-3.679506 16.000000
-3.669506 11.000000
-3.659506 12.000000
-3.649506 12.000000
-3.639507 9.000000
-3.629507 14.000000
-3.619507 10.000000
-3.609507 8.000000
-3.599506 9.000000
-3.589506 7.000000
-3.579506 7.000000
-3.569506 9.000000
-3.559505 10.000000
-3.549507 9.000000
-3.539507 12.000000
-3.529507 11.000000
-3.519506 10.000000
-3.509506 5.000000
-3.499506 11.000000
-3.489506 11.000000
-3.479506 13.000000
-3.469507 15.000000
-3.459507 17.000000
-3.449507 12.000000
-3.439507 14.000000
-3.429506 12.000000
-3.419506 10.000000
-3.409506 10.000000
-3.399506 13.000000
-3.389507 13.000000
-3.379507 13.000000
-3.369507 10.000000
-3.359507 11.000000
-3.349506 11.000000
-3.339506 14.000000
-3.329506 11.000000
-3.319506 10.000000
-3.309505 9.000000
-3.299507 10.000000
-3.289507 12.000000
-3.279507 17.000000
-3.269506 13.000000
-3.259506 6.000000
-3.249506 12.000000
-3.239506 9.000000
-3.229506 10.000000
-3.219507 11.000000
-3.209507 8.000000
-3.199507 12.000000
-3.189507 8.000000
-3.179506 10.000000
-3.169506 7.000000
-3.159506 15.000000
-3.149506 17.000000
-3.139507 9.000000
-3.129507 9.000000
-3.119507 12.000000
-3.109507 12.000000
-3.099506 7.000000
-3.089506 11.000000
-3.079506 11.000000
-3.069506 12.000000
-3.059505 10.000000
-3.049507 10.000000
-3.039507 9.000000
-3.029507 6.000000
-3.019506 10.000000
-3.009506 10.000000
-2.999506 7.000000
-2.989506 15.000000
-2.979506 10.000000
-2.969507 5.000000
-2.959507 9.000000
-2.949507 7.000000
-2.939507 6.000000
-2.929506 12.000000
-2.919506 13.000000
-2.909506 5.000000
-2.899506 7.000000
-2.889507 8.000000
-2.879507 8.000000
-2.869507 15.000000
-2.859507 14.000000
-2.849506 9.000000
-2.839506 6.000000
-2.829506 10.000000
-2.819506 9.000000
-2.809505 6.000000
-2.799507 13.000000
-2.789507 6.000000
-2.779507 16.000000
-2.769506 17.000000
-2.759506 9.000000
-2.749506 11.000000
-2.739506 7.000000
-2.729506 10.000000
-2.719507 11.000000
-2.709507 12.000000
-2.699507 12.000000
-2.689507 12.000000
-2.679506 13.000000
-2.669506 10.000000
-2.659506 10.000000
-2.649506 10.000000
-2.639507 7.000000
-2.629507 9.000000
-2.619507 15.000000
-2.609507 10.000000
-2.599506 4.000000
-2.589506 13.000000
-2.579506 6.000000
-2.569506 7.000000
-2.559505 6.000000
-2.549507 10.000000
-2.539507 9.000000
-2.529507 7.000000
-2.519506 11.000000
-2.509506 8.000000
-2.499506 8.000000
-2.489506 13.000000
-2.479506 6.000000
-2.469507 6.000000
-2.459507 10.000000
-2.449507 9.000000
-2.439507 11.000000
-2.429506 8.000000
-2.419506 11.000000
-2.409506 12.000000
-2.399506 7.000000
-2.389507 9.000000
-2.379507 5.000000
-2.369507 10.000000
-2.359507 7.000000
-2.349506 17.000000
-2.339506 11.000000
-2.329506 13.000000
-2.319506 9.000000
-2.309505 10.000000
-2.299507 9.000000
-2.289507 5.000000
-2.279507 15.000000
-2.269506 14.000000
-2.259506 22.000000
-2.249506 12.000000
-2.239506 10.000000
-2.229506 6.000000
-2.219507 10.000000
-2.209507 7.000000
-2.199507 20.000000
-2.189507 14.000000
-2.179506 7.000000
-2.169506 14.000000
-2.159506 11.000000
-2.149506 10.000000
-2.139507 8.000000
-2.129507 10.000000
-2.119507 18.000000
-2.109507 14.000000
-2.099506 12.000000
-2.089506 12.000000
-2.079506 8.000000
-2.069506 15.000000
-2.059505 10.000000
-2.049507 7.000000
-2.039507 12.000000
-2.029507 12.000000
-2.019506 13.000000
-2.009506 11.000000
-1.999506 5.000000
-1.989506 10.000000
-1.979506 10.000000
-1.969507 13.000000
-1.959507 10.000000
-1.949507 10.000000
-1.939507 15.000000
-1.929506 10.000000
-1.919506 9.000000
-1.909506 14.000000
-1.899506 15.000000
-1.889507 15.000000
-1.879507 10.000000
-1.869507 6.000000
-1.859507 7.000000
-1.849506 9.000000
-1.839506 8.000000
-1.829506 9.000000
-1.819506 6.000000
-1.809505 12.000000
-1.799507 7.000000
-1.789507 8.000000
-1.779507 9.000000
-1.769506 13.000000
-1.759506 7.000000
-1.749506 11.000000
-1.739506 9.000000
-1.729506 9.000000
-1.719507 10.000000
-1.709507 15.000000
-1.699507 11.000000
-1.689507 8.000000
-1.679506 11.000000
-1.669506 12.000000
-1.659506 16.000000
-1.649506 8.000000
-1.639507 10.000000
-1.629507 9.000000
-1.619507 8.000000
-1.609507 15.000000
-1.599506 11.000000
-1.589506 10.000000
-1.579506 11.000000
-1.569506 7.000000
-1.559505 17.000000
-1.549507 13.000000
-1.539507 5.000000
-1.529507 10.000000
-1.519506 9.000000
-1.509506 9.000000
-1.499506 14.000000
-1.489506 14.000000
-1.479506 9.000000
-1.469507 16.000000
-1.459507 18.000000
-1.449507 11.000000
-1.439507 9.000000
-1.429506 11.000000
-1.419506 13.000000
-1.409506 11.000000
-1.399506 17.000000
-1.389507 14.000000
-1.379507 17.000000
-1.369507 14.000000
-1.359507 13.000000
-1.349506 9.000000
-1.339506 5.000000
-1.329506 14.000000
-1.319506 15.000000
-1.309505 14.000000
-1.299507 18.000000
-1.289507 6.000000
-1.279507 13.000000
-1.269506 12.000000
-1.259506 13.000000
-1.249506 13.000000
-1.239506 7.000000
-1.229506 8.000000
-1.219507 11.000000
-1.209507 18.000000
-1.199507 2.000000
-1.189507 9.000000
-1.179506 12.000000
-1.169506 7.000000
-1.159506 10.000000
-1.149506 10.000000
-1.139507 17.000000
-1.129507 10.000000
-1.119507 7.000000
-1.109507 14.000000
-1.099506 13.000000
-1.089506 9.000000
-1.079506 7.000000
-1.069506 13.000000
-1.059507 11.000000
-1.049507 10.000000
-1.039507 12.000000
-1.029507 5.000000
-1.019506 15.000000
-1.009506 8.000000
-0.999506 11.000000
-0.989506 8.000000
-0.979506 10.000000
-0.969507 7.000000
-0.959507 9.000000
-0.949507 7.000000
-0.939507 18.000000
-0.929506 10.000000
-0.919506 10.000000
-0.909506 11.000000
-0.899506 10.000000
-0.889507 4.000000
-0.879507 14.000000
-0.869507 8.000000
-0.859507 8.000000
-0.849506 10.000000
-0.839506 9.000000
-0.829506 6.000000
-0.819506 10.000000
-0.809507 7.000000
-0.799507 11.000000
-0.789507 13.000000
-0.779507 19.000000
-0.769506 14.000000
-0.759506 13.000000
-0.749506 14.000000
-0.739506 10.000000
-0.729506 16.000000
-0.719507 12.000000
-0.709507 12.000000
-0.699507 10.000000
-0.689507 6.000000
-0.679506 8.000000
-0.669506 12.000000
-0.659506 15.000000
-0.649506 13.000000
-0.639507 6.000000
-0.629507 9.000000
-0.619507 10.000000
-0.609507 12.000000
-0.599506 5.000000
-0.589506 8.000000
-0.579506 14.000000
-0.569506 7.000000
-0.559507 10.000000
-0.549507 13.000000
-0.539507 7.000000
-0.529507 13.000000
-0.519506 10.000000
-0.509506 12.000000
-0.499506 10.000000
-0.489506 13.000000
-0.479506 14.000000
-0.469507 13.000000
-0.459507 11.000000
-0.449507 14.000000
-0.439507 12.000000
-0.429506 8.000000
-0.419506 13.000000
-0.409506 13.000000
-0.399506 12.000000
-0.389507 16.000000
-0.379507 7.000000
-0.369507 18.000000
-0.359507 14.000000
-0.349506 8.000000
-0.339506 10.000000
-0.329506 12.000000
-0.319506 16.000000
-0.309507 15.000000
-0.299507 16.000000
-0.289507 12.000000
-0.279507 8.000000
-0.269506 13.000000
-0.259506 8.000000
-0.249506 11.000000
-0.239506 13.000000
-0.229506 14.000000
-0.219507 14.000000
-0.209507 22.000000
-0.199507 10.000000
-0.189507 14.000000
-0.179506 20.000000
-0.169506 15.000000
-0.159506 19.000000
-0.149506 24.000000
-0.139507 14.000000
-0.129507 17.000000
-0.119507 13.000000
-0.109507 20.000000
-0.099506 18.000000
-0.089506 19.000000
-0.079506 23.000000
-0.069506 23.000000
-0.059507 20.000000
-0.049507 25.000000
-0.039507 27.000000
-0.029507 23.000000
-0.019506 19.000000
-0.009506 21.000000
0.000494 22.000000
0.010494 29.000000
0.020494 26.000000
0.030493 24.000000
0.040493 25.000000
0.050493 21.000000
0.060493 28.000000
0.070494 38.000000
0.080494 35.000000
0.090494 40.000000
0.100494 33.000000
0.110493 46.000000
0.120493 32.000000
0.130493 26.000000
0.140493 26.000000
0.150494 29.000000
0.160494 28.000000
0.170494 31.000000
0.180494 38.000000
0.190493 38.000000
0.200493 46.000000
0.210493 38.000000
0.220493 50.000000
0.230494 53.000000
0.240494 44.000000
0.250494 43.000000
0.260494 53.000000
0.270494 47.000000
0.280493 44.000000
0.290493 50.000000
0.300493 45.000000
0.310493 61.000000
0.320494 52.000000
0.330494 41.000000
0.340494 58.000000
0.350494 34.000000
0.360493 36.000000
0.370493 50.000000
0.380493 27.000000
0.390493 35.000000
0.400494 43.000000
0.410494 41.000000
0.420494 30.000000
0.430494 36.000000
0.440493 33.000000
0.450493 27.000000
0.460493 49.000000
0.470493 42.000000
0.480494 38.000000
0.490494 28.000000
0.500494 27.000000
0.510494 28.000000
0.520494 45.000000
0.530493 45.000000
0.540493 43.000000
0.550493 38.000000
0.560493 39.000000
0.570494 39.000000
0.580494 44.000000
0.590494 37.000000
0.600494 40.000000
0.610493 33.000000
0.620493 35.000000
0.630493 40.000000
0.640493 43.000000
0.650494 22.000000
0.660494 30.000000
0.670494 27.000000
0.680494 32.000000
0.690493 35.000000
0.700493 30.000000
0.710493 26.000000
0.720493 25.000000
0.730494 27.000000
0.740494 21.000000
0.750494 21.000000
0.760494 21.000000
0.770494 17.000000
0.780493 27.000000
0.790493 27.000000
0.800493 21.000000
0.810493 23.000000
0.820494 22.000000
0.830494 34.000000
0.840494 20.000000
0.850494 23.000000
0.860493 13.000000
0.870493 20.000000
0.880493 9.000000
0.890493 17.000000
0.900494 17.000000
0.910494 19.000000
0.920494 21.000000
0.930494 11.000000
0.940493 18.000000
0.950493 11.000000
0.960493 15.000000
0.970493 14.000000
0.980494 16.000000
0.990494 14.000000
1.000494 9.000000
1.010494 15.000000
1.020494 17.000000
1.030493 8.000000
1.040493 13.000000
1.050493 13.000000
1.060493 15.000000
1.070494 8.000000
1.080494 16.000000
1.090494 14.000000
1.100494 16.000000
1.110493 14.000000
1.120493 10.000000
1.130493 9.000000
1.140493 4.000000
1.150494 10.000000
1.160494 10.000000
1.170494 10.000000
1.180494 12.000000
1.190493 10.000000
1.200493 12.000000
1.210493 17.000000
1.220493 13.000000
1.230494 14.000000
1.240494 20.000000
1.250494 11.000000
1.260494 10.000000
1.270494 9.000000
1.280493 19.000000
1.290493 13.000000
1.300493 8.000000
1.310493 10.000000
1.320494 13.000000
1.330494 9.000000
1.340494 14.000000
1.350494 5.000000
1.360493 16.000000
1.370493 14.000000
1.380493 11.000000
1.390493 12.000000
1.400494 9.000000
1.410494 10.000000
1.420494 8.000000
1.430494 12.000000
1.440493 11.000000
1.450493 13.000000
1.460493 6.000000
1.470493 6.000000
1.480494 11.000000
1.490494 9.000000
1.500494 18.000000
1.510494 9.000000
1.520494 8.000000
1.530493 13.000000
1.540493 12.000000
1.550493 7.000000
1.560493 11.000000
1.570494 12.000000
1.580494 12.000000
1.590494 10.000000
1.600494 16.000000
1.610493 7.000000
1.620493 9.000000
1.630493 15.000000
1.640493 13.000000
1.650494 15.000000
1.660494 12.000000
1.670494 15.000000
1.680494 9.000000
1.690493 10.000000
1.700493 7.000000
1.710493 14.000000
1.720493 14.000000
1.730494 12.000000
1.740494 9.000000
1.750494 8.000000
1.760494 4.000000
1.770494 13.000000
1.780493 13.000000
1.790493 20.000000
1.800493 13.000000
1.810493 12.000000
1.820494 14.000000
1.830494 8.000000
1.840494 13.000000
1.850494 8.000000
1.860493 13.000000
1.870493 9.000000
1.880493 6.000000
1.890493 13.000000
1.900494 12.000000
1.910494 13.000000
1.920494 10.000000
1.930494 15.000000
1.940493 15.000000
1.950493 9.000000
1.960493 12.000000
1.970493 11.000000
1.980494 7.000000
1.990494 11.000000
2.000494 13.000000
2.010494 11.000000
2.020494 8.000000
2.030493 10.000000
2.040493 9.000000
2.050493 5.000000
2.060493 13.000000
2.070494 10.000000
2.080494 9.000000
2.090494 16.000000
2.100494 14.000000
2.110493 6.000000
2.120493 14.000000
2.130493 12.000000
2.140493 7.000000
2.150494 9.000000
2.160494 10.000000
2.170494 10.000000
2.180494 10.000000
2.190493 10.000000
2.200493 9.000000
2.210493 5.000000
2.220493 9.000000
2.230494 8.000000
2.240494 14.000000
2.250494 7.000000
2.260494 7.000000
2.270493 10.000000
2.280493 8.000000
2.290493 14.000000
2.300493 14.000000
2.310493 8.000000
2.320494 7.000000
2.330494 16.000000
2.340494 10.000000
2.350494 14.000000
2.360493 13.000000
2.370493 9.000000
2.380493 11.000000
2.390493 14.000000
2.400494 4.000000
2.410494 14.000000
2.420494 8.000000
2.430494 13.000000
2.440493 8.000000
2.450493 10.000000
2.460493 9.000000
2.470493 15.000000
2.480494 12.000000
2.490494 8.000000
2.500494 12.000000
2.510494 9.000000
2.520493 10.000000
2.530493 12.000000
2.540493 8.000000
2.550493 13.000000
2.560493 12.000000
2.570494 13.000000
2.580494 9.000000
2.590494 9.000000
2.600494 7.000000
2.610493 9.000000
2.620493 8.000000
2.630493 9.000000
2.640493 10.000000
2.650494 11.000000
2.660494 7.000000
2.670494 18.000000
2.680494 11.000000
2.690493 6.000000
2.700493 5.000000
2.710493 15.000000
2.720493 12.000000
2.730494 9.000000
2.740494 9.000000
2.750494 5.000000
2.760494 11.000000
2.770493 10.000000
2.780493 7.000000
2.790493 5.000000
2.800493 9.000000
2.810493 8.000000
2.820494 10.000000
2.830494 12.000000
2.840494 11.000000
2.850494 7.000000
2.860493 13.000000
2.870493 8.000000
2.880493 5.000000
2.890493 10.000000
2.900494 12.000000
2.910494 15.000000
2.920494 7.000000
2.930494 15.000000
2.940493 11.000000
2.950493 8.000000
2.960493 14.000000
2.970493 12.000000
2.980494 9.000000
2.990494 13.000000
3.000494 11.000000
3.010494 10.000000
3.020493 15.000000
3.030493 13.000000
3.040493 18.000000
3.050493 5.000000
3.060493 9.000000
3.070494 5.000000
3.080494 11.000000
3.090494 16.000000
3.100494 14.000000
3.110493 9.000000
3.120493 13.000000
3.130493 7.000000
3.140493 12.000000
3.150494 10.000000
3.160494 11.000000
3.170494 15.000000
3.180494 14.000000
3.190493 14.000000
3.200493 8.000000
3.210493 14.000000
3.220493 10.000000
3.230494 11.000000
3.240494 5.000000
3.250494 13.000000
3.260494 11.000000
3.270493 9.000000
3.280493 14.000000
3.290493 18.000000
3.300493 16.000000
3.310493 13.000000
3.320494 11.000000
3.330494 7.000000
3.340494 10.000000
3.350494 12.000000
3.360493 12.000000
3.370493 10.000000
3.380493 7.000000
3.390493 8.000000
3.400494 20.000000
3.410494 9.000000
3.420494 12.000000
3.430494 12.000000
3.440493 12.000000
3.450493 10.000000
3.460493 16.000000
3.470493 11.000000
3.480494 15.000000
3.490494 18.000000
3.500494 14.000000
3.510494 11.000000
3.520493 15.000000
3.530493 9.000000
3.540493 11.000000
3.550493 11.000000
3.560493 14.000000
3.570494 15.000000
3.580494 12.000000
3.590494 6.000000
3.600494 9.000000
3.610493 6.000000
3.620493 7.000000
3.630493 13.000000
3.640493 14.000000
3.650494 8.000000
3.660494 9.000000
3.670494 9.000000
3.680494 12.000000
3.690493 13.000000
3.700493 10.000000
3.710493 10.000000
3.720493 15.000000
3.730494 11.000000
3.740494 8.000000
3.750494 8.000000
3.760494 20.000000
3.770493 10.000000
3.780493 8.000000
3.790493 9.000000
3.800493 16.000000
3.810493 11.000000
3.820494 7.000000
3.830494 6.000000
3.840494 11.000000
3.850494 11.000000
3.860493 13.000000
3.870493 8.000000
3.880493 11.000000
3.890493 9.000000
3.900494 10.000000
3.910494 11.000000
3.920494 13.000000
3.930494 7.000000
3.940493 11.000000
3.950493 15.000000
3.960493 13.000000
3.970493 11.000000
3.980494 11.000000
3.990494 10.000000
4.000494 12.000000
4.010494 10.000000
4.020493 12.000000
4.030493 7.000000
4.040493 12.000000
4.050493 10.000000
4.060493 15.000000
4.070494 17.000000
4.080494 12.000000
4.090494 15.000000
4.100494 11.000000
4.110493 15.000000
4.120493 8.000000
4.130493 12.000000
4.140493 15.000000
4.150494 14.000000
4.160494 4.000000
4.170494 12.000000
4.180494 14.000000
4.190493 8.000000
4.200493 7.000000
4.210493 11.000000
4.220493 6.000000
4.230494 15.000000
4.240494 8.000000
4.250494 14.000000
4.260494 13.000000
4.270493 15.000000
4.280493 6.000000
4.290493 15.000000
4.300493 8.000000
4.310493 9.000000
4.320494 10.000000
4.330494 11.000000
4.340494 7.000000
4.350494 10.000000
4.360493 11.000000
4.370493 9.000000
4.380493 14.000000
4.390493 12.000000
4.400494 12.000000
4.410494 10.000000
4.420494 12.000000
4.430494 10.000000
4.440493 11.000000
4.450493 12.000000
4.460493 8.000000
4.470493 10.000000
4.480494 13.000000
4.490494 14.000000
4.500494 13.000000
4.510494 9.000000
4.520493 8.000000
4.530493 17.000000
4.540493 11.000000
4.550493 8.000000
4.560493 13.000000
4.570494 8.000000
4.580494 16.000000
4.590494 5.000000
4.600494 6.000000
4.610493 10.000000
4.620493 12.000000
4.630493 9.000000
4.640493 14.000000
4.650494 11.000000
4.660494 5.000000
4.670494 9.000000
4.680494 9.000000
4.690493 11.000000
4.700493 8.000000
4.710493 11.000000
4.720493 11.000000
4.730494 11.000000
4.740494 16.000000
4.750494 9.000000
4.760494 16.000000
4.770493 10.000000
4.780493 7.000000
4.790493 7.000000
4.800493 11.000000
4.810493 13.000000
4.820494 13.000000
4.830494 13.000000
4.840494 5.000000
4.850494 12.000000
4.860493 7.000000
4.870493 14.000000
4.880493 10.000000
4.890493 6.000000
4.900494 10.000000
4.910494 6.000000
4.920494 8.000000
4.930494 8.000000
4.940493 10.000000
4.950493 8.000000
4.960493 11.000000
4.970493 14.000000
4.980494 6.000000
4.990494 14.000000
5.000494 15.000000
5.010494 9.000000
5.020493 12.000000
5.030493 12.000000
5.040493 8.000000
5.050493 12.000000
5.060493 10.000000
5.070494 7.000000
5.080494 6.000000
5.090494 13.000000
5.100494 16.000000
5.110493 11.000000
5.120493 12.000000
5.130493 13.000000
5.140493 14.000000
5.150494 9.000000
5.160494 9.000000
5.170494 17.000000
5.180494 7.000000
5.190493 11.000000
5.200493 8.000000
5.210493 15.000000
5.220493 9.000000
5.230494 16.000000
5.240494 9.000000
5.250494 10.000000
5.260494 7.000000
5.270493 7.000000
5.280493 16.000000
5.290493 7.000000
5.300493 12.000000
5.310493 16.000000
5.320494 7.000000
5.330494 12.000000
5.340494 13.000000
5.350494 9.000000
5.360493 9.000000
5.370493 14.000000
5.380493 9.000000
5.390493 10.000000
5.400494 10.000000
5.410494 12.000000
5.420494 10.000000
5.430494 11.000000
5.440493 10.000000
5.450493 11.000000
5.460493 9.000000
5.470493 11.000000
5.480494 8.000000
5.490494 15.000000
5.500494 8.000000
5.510494 5.000000
5.520493 7.000000
5.530493 13.000000
5.540493 15.000000
5.550493 6.000000
5.560493 7.000000
5.570494 5.000000
5.580494 11.000000
5.590494 8.000000
5.600492 11.000000
5.610493 10.000000
5.620493 6.000000
5.630493 12.000000
5.640493 17.000000
5.650494 10.000000
5.660494 14.000000
5.670494 7.000000
5.680494 9.000000
5.690493 6.000000
5.700493 6.000000
5.710493 5.000000
5.720493 10.000000
5.730494 18.000000
5.740494 12.000000
5.750494 15.000000
5.760494 7.000000
5.770493 11.000000
5.780493 16.000000
5.790493 8.000000
5.800493 5.000000
5.810493 14.000000
5.820494 16.000000
5.830494 16.000000
5.840494 13.000000
5.850492 6.000000
5.860493 18.000000
5.870493 8.000000
5.880493 11.000000
5.890493 9.000000
5.900494 15.000000
5.910494 9.000000
5.920494 17.000000
5.930494 9.000000
5.940493 9.000000
5.950493 15.000000
5.960493 16.000000
5.970493 13.000000
5.980494 7.000000
5.990494 6.000000
6.000494 12.000000
6.010494 9.000000
6.020493 12.000000
6.030493 15.000000
6.040493 10.000000
6.050493 8.000000
6.060493 9.000000
6.070494 16.000000
6.080494 11.000000
6.090494 12.000000
6.100492 10.000000
6.110493 15.000000
6.120493 8.000000
6.130493 12.000000
6.140493 7.000000
6.150494 14.000000
6.160494 9.000000
6.170494 10.000000
6.180494 8.000000
6.190493 10.000000
6.200493 8.000000
6.210493 15.000000
6.220493 7.000000
6.230494 9.000000
6.240494 14.000000
6.250494 9.000000
6.260494 12.000000
6.270493 6.000000
6.280493 17.000000
6.290493 11.000000
6.300493 11.000000
6.310493 12.000000
6.320494 12.000000
6.330494 11.000000
6.340494 13.000000
6.350492 7.000000
6.360493 12.000000
6.370493 11.000000
6.380493 13.000000
6.390493 13.000000
6.400494 11.000000
6.410494 12.000000
6.420494 8.000000
6.430494 11.000000
6.440493 11.000000
6.450493 12.000000
6.460493 16.000000
6.470493 4.000000
6.480494 18.000000
6.490494 16.000000
6.500494 17.000000
6.510494 14.000000
6.520493 9.000000
6.530493 12.000000
6.540493 4.000000
6.550493 10.000000
6.560493 11.000000
6.570494 15.000000
6.580494 13.000000
6.590494 14.000000
6.600492 11.000000
6.610493 11.000000
6.620493 11.000000
6.630493 11.000000
6.640493 11.000000
6.650494 12.000000
6.660494 13.000000
6.670494 8.000000
6.680494 7.000000
6.690493 16.000000
6.700493 11.000000
6.710493 8.000000
6.720493 6.000000
6.730494 13.000000
6.740494 7.000000
6.750494 16.000000
6.760494 7.000000
6.770493 5.000000
6.780493 14.000000
6.790493 7.000000
6.800493 9.000000
6.810493 8.000000
6.820494 7.000000
6.830494 9.000000
6.840494 12.000000
6.850492 13.000000
6.860493 11.000000
6.870493 11.000000
6.880493 9.000000
6.890493 14.000000
6.900494 11.000000
6.910494 3.000000
6.920494 15.000000
6.930494 12.000000
6.940493 5.000000
6.950493 10.000000
6.960493 14.000000
6.970493 11.000000
6.980494 12.000000
6.990494 14.000000
7.000494 19.000000
7.010494 11.000000
7.020493 13.000000
7.030493 8.000000
7.040493 11.000000
7.050493 16.000000
7.060493 7.000000
7.070494 6.000000
7.080494 9.000000
7.090494 7.000000
7.100492 8.000000
7.110493 11.000000
7.120493 8.000000
7.130493 7.000000
7.140493 2.000000
7.150494 5.000000
7.160494 13.000000
7.170494 9.000000
7.180494 8.000000
7.190493 8.000000
7.200493 13.000000
7.210493 8.000000
7.220493 8.000000
7.230494 10.000000
7.240494 10.000000
7.250494 14.000000
7.260494 6.000000
7.270493 10.000000
7.280493 7.000000
7.290493 7.000000
7.300493 12.000000
7.310493 22.000000
7.320494 10.000000
7.330494 8.000000
7.340494 12.000000
7.350492 6.000000
7.360493 8.000000
7.370493 14.000000
7.380493 16.000000
7.390493 7.000000
7.400494 9.000000
7.410494 11.000000
7.420494 12.000000
7.430494 12.000000
7.440493 10.000000
7.450493 9.000000
7.460493 13.000000
7.470493 11.000000
7.480494 12.000000
7.490494 9.000000
7.500494 7.000000
7.510494 13.000000
7.520493 8.000000
7.530493 9.000000
7.540493 9.000000
7.550493 11.000000
7.560493 14.000000
7.570494 11.000000
7.580494 8.000000
7.590494 10.000000
7.600492 13.000000
7.610493 18.000000
7.620493 8.000000
7.630493 13.000000
7.640493 9.000000
7.650494 11.000000
7.660494 11.000000
7.670494 8.000000
7.680494 14.000000
7.690493 8.000000
7.700493 12.000000
7.710493 12.000000
7.720493 8.000000
7.730494 8.000000
7.740494 14.000000
7.750494 13.000000
7.760494 13.000000
7.770493 10.000000
7.780493 16.000000
7.790493 9.000000
7.800493 5.000000
7.810493 11.000000
7.820494 14.000000
7.830494 17.000000
7.840494 8.000000
7.850492 11.000000
7.860493 17.000000
7.870493 9.000000
7.880493 11.000000
7.890493 8.000000
7.900494 11.000000
7.910494 19.000000
7.920494 12.000000
7.930494 11.000000
7.940493 10.000000
7.950493 11.000000
7.960493 17.000000
7.970493 14.000000
7.980494 12.000000
7.990494 5.000000
8.000494 10.000000
8.010494 4.000000
8.020493 9.000000
8.030493 11.000000
8.040493 11.000000
8.050493 14.000000
8.060493 10.000000
8.070494 11.000000
8.080494 12.000000
8.090494 9.000000
8.100492 10.000000
8.110493 11.000000
8.120493 13.000000
8.130493 7.000000
8.140493 11.000000
8.150494 11.000000
8.160494 7.000000
8.170494 7.000000
8.180494 7.000000
8.190493 15.000000
8.200493 7.000000
8.210493 9.000000
8.220493 8.000000
8.230494 10.000000
8.240494 13.000000
8.250494 8.000000
8.260494 6.000000
8.270493 12.000000
8.280493 8.000000
8.290493 14.000000
8.300493 16.000000
8.310493 8.000000
8.320494 8.000000
8.330494 19.000000
8.340494 9.000000
8.350492 13.000000
8.360493 7.000000
8.370493 15.000000
8.380493 13.000000
8.390493 9.000000
8.400494 6.000000
8.410494 9.000000
8.420494 18.000000
8.430494 11.000000
8.440493 7.000000
8.450493 16.000000
8.460493 13.000000
8.470493 8.000000
8.480494 17.000000
8.490494 7.000000
8.500494 10.000000
8.510494 16.000000
8.520493 15.000000
8.530493 10.000000
8.540493 11.000000
8.550493 9.000000
8.560493 8.000000
8.570494 6.000000
8.580494 14.000000
8.590494 10.000000
8.600492 11.000000
8.610493 12.000000
8.620493 10.000000
8.630493 10.000000
8.640493 9.000000
8.650494 17.000000
8.660494 9.000000
8.670494 9.000000
8.680494 13.000000
8.690493 15.000000
8.700493 12.000000
8.710493 8.000000
8.720493 15.000000
8.730494 11.000000
8.740494 12.000000
8.750494 9.000000
8.760494 12.000000
8.770493 9.000000
8.780493 11.000000
8.790493 7.000000
8.800493 10.000000
8.810493 13.000000
8.820494 17.000000
8.830494 6.000000
8.840494 12.000000
8.850492 13.000000
8.860493 10.000000
8.870493 11.000000
8.880493 9.000000
8.890493 10.000000
8.900494 4.000000
8.910494 14.000000
8.920494 8.000000
8.930494 12.000000
8.940493 12.000000
8.950493 9.000000
8.960493 12.000000
8.970493 7.000000
8.980494 7.000000
8.990494 8.000000
9.000494 13.000000
9.010494 5.000000
9.020493 8.000000
9.030493 4.000000
9.040493 8.000000
9.050493 7.000000
9.060493 10.000000
9.070494 10.000000
9.080494 7.000000
9.090494 16.000000
9.100492 12.000000
9.110493 10.000000
9.120493 11.000000
9.130493 11.000000
9.140493 12.000000
9.150494 14.000000
9.160494 14.000000
9.170494 9.000000
9.180492 11.000000
9.190493 14.000000
9.200493 16.000000
9.210493 12.000000
9.220493 10.000000
9.230494 13.000000
9.240494 11.000000
9.250494 6.000000
9.260494 19.000000
9.270493 12.000000
9.280493 16.000000
9.290493 6.000000
9.300493 11.000000
9.310493 10.000000
9.320494 11.000000
9.330494 13.000000
9.340494 7.000000
9.350492 12.000000
9.360493 13.000000
9.370493 9.000000
9.380493 8.000000
9.390493 10.000000
9.400494 15.000000
9.410494 10.000000
9.420494 9.000000
9.430492 8.000000
9.440493 13.000000
9.450493 7.000000
9.460493 9.000000
9.470493 8.000000
9.480494 8.000000
9.490494 9.000000
9.500494 11.000000
9.510494 9.000000
9.520493 16.000000
9.530493 11.000000
9.540493 13.000000
9.550493 10.000000
9.560493 11.000000
9.570494 15.000000
9.580494 8.000000
9.590494 7.000000
9.600492 7.000000
9.610493 14.000000
9.620493 9.000000
9.630493 12.000000
9.640493 11.000000
9.650494 15.000000
9.660494 7.000000
9.670494 15.000000
9.680492 11.000000
9.690493 12.000000
9.700493 7.000000
9.710493 12.000000
9.720493 13.000000
9.730494 16.000000
9.740494 12.000000
9.750494 10.000000
9.760494 15.000000
9.770493 15.000000
9.780493 12.000000
9.790493 12.000000
9.800493 8.000000
9.810493 7.000000
9.820494 9.000000
9.830494 14.000000
9.840494 15.000000
9.850492 13.000000
9.860493 12.000000
9.870493 13.000000
9.880493 11.000000
9.890493 8.000000
9.900494 16.000000
9.910494 13.000000
9.920494 5.000000
9.930492 8.000000
9.940493 9.000000
9.950493 15.000000
9.960493 12.000000
9.970493 8.000000
9.980494 10.000000
9.990494 11.000000
10.000494 13.000000
10.010494 12.000000
10.020493 7.000000
10.030493 8.000000
10.040493 13.000000
10.050493 8.000000
10.060493 10.000000
10.070494 14.000000
10.080494 12.000000
10.090494 10.000000
10.100492 12.000000
10.110493 11.000000
10.120493 17.000000
10.130493 14.000000
10.140493 15.000000
10.150494 7.000000
10.160494 9.000000
10.170494 11.000000
10.180492 11.000000
10.190493 12.000000
10.200493 5.000000
10.210493 14.000000
10.220493 10.000000
10.230494 9.000000
10.240494 15.000000
10.250494 11.000000
10.260494 8.000000
10.270493 16.000000
10.280493 11.000000
10.290493 18.000000
10.300493 19.000000
10.310493 15.000000
10.320494 7.000000
10.330494 10.000000
10.340494 15.000000
10.350492 10.000000
10.360493 12.000000
10.370493 12.000000
10.380493 13.000000
10.390493 15.000000
10.400494 15.000000
10.410494 7.000000
10.420494 11.000000
10.430492 12.000000
10.440493 10.000000
10.450493 11.000000
10.460493 13.000000
10.470493 16.000000
10.480494 12.000000
10.490494 10.000000
10.500494 9.000000
10.510494 13.000000
10.520493 10.000000
10.530493 9.000000
10.540493 15.000000
10.550493 9.000000
10.560493 13.000000
10.570494 13.000000
10.580494 9.000000
10.590494 12.000000
10.600492 6.000000
10.610493 13.000000
10.620493 7.000000
10.630493 7.000000
10.640493 12.000000
10.650494 4.000000
10.660494 13.000000
10.670494 9.000000
10.680492 7.000000
10.690493 9.000000
10.700493 2.000000
10.710493 7.000000
10.720493 11.000000
10.730494 9.000000
10.740494 17.000000
10.750494 8.000000
10.760494 18.000000
10.770493 5.000000
10.780493 10.000000
10.790493 11.000000
10.800493 7.000000
10.810493 10.000000
10.820494 10.000000
10.830494 12.000000
10.840494 12.000000
10.850492 10.000000
10.860493 13.000000
10.870493 8.000000
10.880493 11.000000
10.890493 9.000000
10.900494 9.000000
10.910494 10.000000
10.920494 12.000000
10.930492 14.000000
10.940493 10.000000
10.950493 10.000000
10.960493 17.000000
10.970493 9.000000
10.980494 11.000000
10.990494 10.000000
11.000494 13.000000
11.010494 12.000000
11.020493 11.000000
11.030493 9.000000
11.040493 16.000000
11.050493 19.000000
11.060493 13.000000
11.070494 20.000000
11.080494 13.000000
11.090494 7.000000
11.100492 12.000000
11.110493 12.000000
11.120493 10.000000
11.130493 9.000000
11.140493 14.000000
11.150494 4.000000
11.160494 13.000000
11.170494 10.000000
11.180492 16.000000
11.190493 11.000000
11.200493 9.000000
11.210493 12.000000
11.220493 10.000000
11.230494 9.000000
11.240494 13.000000
11.250494 11.000000
11.260494 12.000000
11.270493 15.000000
11.280493 8.000000
11.290493 9.000000
11.300493 8.000000
11.310493 11.000000
11.320494 11.000000
11.330494 10.000000
11.340494 12.000000
11.350492 8.000000
11.360493 9.000000
11.370493 7.000000
11.380493 8.000000
11.390493 12.000000
11.400494 12.000000
11.410494 12.000000
11.420494 12.000000
11.430492 6.000000
11.440493 19.000000
11.450493 9.000000
11.460493 11.000000
11.470493 15.000000
11.480494 13.000000
11.490494 13.000000
11.500494 13.000000
11.510494 12.000000
11.520493 15.000000
11.530493 8.000000
11.540493 11.000000
11.550493 8.000000
11.560493 11.000000
11.570494 7.000000
11.580494 13.000000
11.590494 7.000000
11.600492 9.000000
11.610493 10.000000
11.620493 8.000000
11.630493 10.000000
11.640493 8.000000
11.650494 13.000000
11.660494 12.000000
11.670494 7.000000
11.680492 5.000000
11.690493 6.000000
11.700493 17.000000
11.710493 13.000000
11.720493 11.000000
11.730494 8.000000
11.740494 10.000000
11.750494 8.000000
11.760494 13.000000
11.770493 9.000000
11.780493 10.000000
11.790493 11.000000
11.800493 6.000000
11.810493 9.000000
11.820494 12.000000
11.830494 11.000000
11.840494 9.000000
11.850492 16.000000
11.860493 8.000000
11.870493 15.000000
11.880493 10.000000
11.890493 15.000000
11.900494 12.000000
11.910494 19.000000
11.920494 14.000000
11.930492 10.000000
11.940493 13.000000
11.950493 16.000000
11.960493 9.000000
11.970493 10.000000
11.980494 9.000000
11.990494 5.000000
12.000494 8.000000
12.010492 10.000000
12.020494 14.000000
12.030493 12.000000
12.040495 19.000000
12.050493 11.000000
12.060492 12.000000
12.070494 8.000000
12.080492 14.000000
12.090494 12.000000
12.100492 10.000000
12.110495 7.000000
12.120493 12.000000
12.130495 18.000000
12.140493 5.000000
12.150492 8.000000
12.160494 8.000000
12.170492 16.000000
12.180494 12.000000
12.190493 11.000000
12.200495 11.000000
12.210493 10.000000
12.220491 17.000000
12.230494 10.000000
12.240492 15.000000
12.250494 10.000000
12.260492 5.000000
12.270494 7.000000
12.280493 12.000000
12.290495 9.000000
12.300493 12.000000
12.310492 9.000000
12.320494 7.000000
12.330492 12.000000
12.340494 9.000000
12.350492 10.000000
12.360495 9.000000
12.370493 12.000000
12.380495 12.000000
12.390493 9.000000
12.400492 10.000000
12.410494 14.000000
12.420492 11.000000
12.430494 16.000000
12.440493 7.000000
12.450495 10.000000
12.460493 10.000000
12.470491 5.000000
12.480494 16.000000
12.490492 8.000000
12.500494 14.000000
12.510492 17.000000
12.520494 14.000000
12.530493 12.000000
12.540495 8.000000
12.550493 5.000000
12.560492 5.000000
12.570494 9.000000
12.580492 10.000000
12.590494 8.000000
12.600492 8.000000
12.610495 8.000000
12.620493 11.000000
12.630495 15.000000
12.640493 11.000000
12.650492 18.000000
12.660494 13.000000
12.670492 9.000000
12.680494 18.000000
12.690493 9.000000
12.700495 15.000000
12.710493 6.000000
12.720491 9.000000
12.730494 10.000000
12.740492 12.000000
12.750494 10.000000
12.760492 6.000000
12.770494 11.000000
12.780493 7.000000
12.790495 9.000000
12.800493 11.000000
12.810492 14.000000
12.820494 10.000000
12.830492 12.000000
12.840494 7.000000
12.850492 11.000000
12.860495 8.000000
12.870493 9.000000
12.880495 8.000000
12.890493 8.000000
12.900492 8.000000
12.910494 6.000000
12.920492 7.000000
12.930494 6.000000
12.940493 9.000000
12.950495 12.000000
12.960493 5.000000
12.970491 10.000000
12.980494 14.000000
12.990492 12.000000
13.000494 16.000000
13.010492 6.000000
13.020494 10.000000
13.030493 14.000000
13.040495 14.000000
13.050493 11.000000
13.060492 7.000000
13.070494 10.000000
13.080492 15.000000
13.090494 7.000000
13.100492 12.000000
13.110495 11.000000
13.120493 12.000000
13.130495 11.000000
13.140493 7.000000
13.150492 10.000000
13.160494 14.000000
13.170492 6.000000
13.180494 11.000000
13.190493 10.000000
13.200495 12.000000
13.210493 15.000000
13.220491 11.000000
13.230494 17.000000
13.240492 3.000000
13.250494 11.000000
13.260492 8.000000
13.270494 15.000000
13.280493 8.000000
13.290495 12.000000
13.300493 12.000000
13.310492 16.000000
13.320494 14.000000
13.330492 8.000000
13.340494 10.000000
13.350492 10.000000
13.360495 6.000000
13.370493 11.000000
13.380495 14.000000
13.390493 4.000000
13.400492 10.000000
13.410494 9.000000
13.420492 11.000000
13.430494 9.000000
13.440493 13.000000
13.450495 10.000000
13.460493 8.000000
13.470491 16.000000
13.480494 11.000000
13.490492 6.000000
13.500494 11.000000
13.510492 7.000000
13.520494 17.000000
13.530493 4.000000
13.540495 11.000000
13.550493 11.000000
13.560492 9.000000
13.570494 14.000000
13.580492 8.000000
13.590494 15.000000
13.600492 6.000000
13.610495 11.000000
13.620493 5.000000
13.630495 18.000000
13.640493 12.000000
13.650492 8.000000
13.660494 10.000000
13.670492 8.000000
13.680494 10.000000
13.690493 8.000000
13.700495 15.000000
13.710493 12.000000
13.720491 16.000000
13.730494 11.000000
13.740492 10.000000
13.750494 4.000000
13.760492 9.000000
13.770494 11.000000
13.780493 7.000000
13.790495 10.000000
13.800493 8.000000
13.810492 10.000000
13.820494 12.000000
13.830492 14.000000
13.840494 14.000000
13.850492 9.000000
13.860495 10.000000
13.870493 11.000000
13.880495 12.000000
13.890493 7.000000
13.900492 11.000000
13.910494 12.000000
13.920492 8.000000
13.930494 6.000000
13.940493 16.000000
13.950495 5.000000
13.960493 11.000000
13.970491 9.000000
13.980494 12.000000
13.990492 6.000000
14.000494 6.000000
14.010492 11.000000
14.020494 4.000000
14.030493 9.000000
14.040495 18.000000
14.050493 16.000000
14.060492 13.000000
14.070494 6.000000
14.080492 10.000000
14.090494 10.000000
14.100492 13.000000
14.110495 19.000000
14.120493 16.000000
14.130495 13.000000
14.140493 16.000000
14.150492 7.000000
14.160494 14.000000
14.170492 17.000000
14.180494 13.000000
14.190493 11.000000
14.200495 4.000000
14.210493 8.000000
14.220491 8.000000
14.230494 8.000000
14.240492 9.000000
14.250494 11.000000
14.260492 14.000000
14.270494 13.000000
14.280493 11.000000
14.290495 13.000000
14.300493 8.000000
14.310492 17.000000
14.320494 9.000000
14.330492 12.000000
14.340494 9.000000
14.350492 11.000000
14.360495 10.000000
14.370493 9.000000
14.380495 14.000000
14.390493 16.000000
14.400492 16.000000
14.410494 11.000000
14.420492 7.000000
14.430494 10.000000
14.440493 8.000000
14.450495 14.000000
14.460493 18.000000
14.470491 10.000000
14.480494 13.000000
14.490492 6.000000
14.500494 9.000000
14.510492 4.000000
14.520494 12.000000
14.530493 13.000000
14.540495 10.000000
14.550493 7.000000
14.560492 8.000000
14.570494 7.000000
14.580492 6.000000
14.590494 7.000000
14.600492 11.000000
14.610495 10.000000
14.620493 10.000000
14.630495 16.000000
14.640493 12.000000
14.650492 14.000000
14.660494 13.000000
14.670492 11.000000
14.680494 15.000000
14.690493 8.000000
14.700495 13.000000
14.710493 13.000000
14.720491 6.000000
14.730494 12.000000
14.740492 7.000000
14.750494 5.000000
14.760492 8.000000
14.770494 10.000000
14.780493 10.000000
14.790495 12.000000
14.800493 8.000000
14.810492 10.000000
14.820494 7.000000
14.830492 13.000000
14.840494 16.000000
14.850492 9.000000
14.860495 12.000000
14.870493 10.000000
14.880495 18.000000
14.890493 17.000000
14.900492 6.000000
14.910494 15.000000
14.920492 14.000000
14.930494 12.000000
14.940493 4.000000
14.950495 9.000000
14.960493 13.000000
14.970491 9.000000
14.980494 12.000000
14.990492 16.000000
15.000494 15.000000
15.010492 12.000000
15.020494 10.000000
15.030493 18.000000
15.040495 12.000000
15.050493 8.000000
15.060492 9.000000
15.070494 8.000000
15.080492 13.000000
15.090494 13.000000
15.100492 8.000000
15.110495 12.000000
15.120493 13.000000
15.130495 8.000000
15.140493 13.000000
15.150492 11.000000
15.160494 11.000000
15.170492 10.000000
15.180494 10.000000
15.190493 8.000000
15.200495 10.000000
15.210493 10.000000
15.220491 10.000000
15.230494 12.000000
15.240492 10.000000
15.250494 12.000000
15.260492 19.000000
15.270494 9.000000
15.280493 10.000000
15.290495 6.000000
15.300493 12.000000
15.310492 7.000000
15.320494 7.000000
15.330492 9.000000
15.340494 8.000000
15.350492 8.000000
15.360495 11.000000
15.370493 13.000000
15.380495 13.000000
15.390493 14.000000
15.400492 12.000000
15.410494 9.000000
15.420492 11.000000
15.430494 7.000000
15.440493 9.000000
15.450495 8.000000
15.460493 5.000000
15.470491 13.000000
15.480494 8.000000
15.490492 21.000000
15.500494 10.000000
15.510492 10.000000
15.520494 7.000000
15.530493 8.000000
15.540495 4.000000
15.550493 13.000000
15.560492 12.000000
15.570494 10.000000
15.580492 6.000000
15.590494 16.000000
15.600492 10.000000
15.610495 10.000000
15.620493 6.000000
15.630495 8.000000
15.640493 12.000000
15.650492 10.000000
15.660494 9.000000
15.670492 11.000000
15.680494 10.000000
15.690493 12.000000
15.700495 9.000000
15.710493 14.000000
15.720491 16.000000
15.730494 10.000000
15.740492 5.000000
15.750494 10.000000
15.760492 12.000000
15.770494 9.000000
15.780493 12.000000
15.790495 12.000000
15.800493 8.000000
15.810492 12.000000
15.820494 9.000000
15.830492 14.000000
15.840494 7.000000
15.850492 7.000000
15.860495 11.000000
15.870493 15.000000
15.880495 8.000000
15.890493 13.000000
15.900492 13.000000
15.910494 8.000000
15.920492 9.000000
15.930494 18.000000
15.940493 12.000000
15.950495 7.000000
15.960493 16.000000
15.970491 19.000000
15.980494 8.000000
15.990492 14.000000
16.000494 13.000000
16.010492 6.000000
16.020494 11.000000
16.030493 8.000000
16.040495 10.000000
16.050493 13.000000
16.060492 6.000000
16.070494 16.000000
16.080492 9.000000
16.090494 12.000000
16.100492 8.000000
16.110495 12.000000
16.120493 15.000000
16.130495 14.000000
16.140493 11.000000
16.150492 13.000000
16.160494 8.000000
16.170492 7.000000
16.180494 12.000000
16.190493 13.000000
16.200495 9.000000
16.210493 6.000000
16.220491 10.000000
16.230494 8.000000
16.240492 13.000000
16.250494 11.000000
16.260492 4.000000
16.270494 11.000000
16.280493 15.000000
16.290495 12.000000
16.300493 13.000000
16.310492 7.000000
16.320494 12.000000
16.330492 8.000000
16.340494 14.000000
16.350492 8.000000
16.360495 10.000000
16.370493 18.000000
16.380495 15.000000
16.390493 17.000000
16.400492 10.000000
16.410494 10.000000
16.420492 17.000000
16.430494 6.000000
16.440493 14.000000
16.450495 10.000000
16.460493 6.000000
16.470491 10.000000
16.480494 18.000000
16.490492 10.000000
16.500494 13.000000
16.510492 12.000000
16.520494 13.000000
16.530493 8.000000
16.540495 11.000000
16.550493 13.000000
16.560492 11.000000
16.570494 10.000000
16.580492 6.000000
16.590494 11.000000
16.600492 9.000000
16.610495 10.000000
16.620493 12.000000
16.630495 16.000000
16.640493 12.000000
16.650492 11.000000
16.660494 12.000000
16.670492 12.000000
16.680494 11.000000
16.690493 13.000000
16.700495 8.000000
16.710493 9.000000
16.720491 8.000000
16.730494 8.000000
16.740492 9.000000
16.750494 8.000000
16.760492 9.000000
16.770494 10.000000
16.780493 13.000000
16.790495 13.000000
16.800493 11.000000
16.810492 10.000000
16.820494 9.000000
16.830492 12.000000
16.840494 12.000000
16.850492 15.000000
16.860495 10.000000
16.870493 11.000000
16.880495 6.000000
16.890493 8.000000
16.900492 8.000000
16.910494 15.000000
16.920492 9.000000
16.930494 14.000000
16.940493 10.000000
16.950495 12.000000
16.960493 12.000000
16.970491 9.000000
16.980494 14.000000
16.990492 7.000000
17.000494 7.000000
17.010492 10.000000
17.020494 5.000000
17.030493 13.000000
17.040495 8.000000
17.050493 7.000000
17.060492 5.000000
17.070494 11.000000
17.080492 13.000000
17.090494 10.000000
17.100492 8.000000
17.110495 12.000000
17.120493 11.000000
17.130495 8.000000
17.140493 8.000000
17.150492 13.000000
17.160494 12.000000
17.170492 12.000000
17.180494 4.000000
17.190493 8.000000
17.200495 12.000000
17.210493 10.000000
17.220491 10.000000
17.230494 9.000000
17.240492 8.000000
17.250494 8.000000
17.260492 13.000000
17.270494 16.000000
17.280493 8.000000
17.290495 8.000000
17.300493 10.000000
17.310492 11.000000
17.320494 5.000000
17.330492 17.000000
17.340494 10.000000
17.350492 12.000000
17.360495 6.000000
17.370493 8.000000
17.380495 12.000000
17.390493 7.000000
17.400492 7.000000
17.410494 13.000000
17.420492 11.000000
17.430494 10.000000
17.440493 15.000000
17.450495 15.000000
17.460493 5.000000
17.470491 6.000000
17.480494 12.000000
17.490492 10.000000
17.500494 14.000000
17.510492 12.000000
17.520494 11.000000
17.530493 16.000000
17.540495 11.000000
17.550493 11.000000
17.560492 11.000000
17.570494 8.000000
17.580492 6.000000
17.590494 11.000000
17.600492 15.000000
17.610495 12.000000
17.620493 11.000000
17.630491 6.000000
17.640493 8.000000
17.650492 8.000000
17.660494 8.000000
17.670492 11.000000
17.680494 7.000000
17.690493 10.000000
17.700495 13.000000
17.710493 13.000000
17.720491 10.000000
17.730494 11.000000
17.740492 12.000000
17.750494 12.000000
17.760492 6.000000
17.770494 11.000000
17.780493 10.000000
17.790495 11.000000
17.800493 12.000000
17.810492 6.000000
17.820494 7.000000
17.830492 14.000000
17.840494 3.000000
17.850492 8.000000
17.860495 13.000000
17.870493 10.000000
17.880491 9.000000
17.890493 11.000000
17.900492 9.000000
17.910494 7.000000
17.920492 11.000000
17.930494 11.000000
17.940493 15.000000
17.950495 10.000000
17.960493 9.000000
17.970491 8.000000
17.980494 10.000000
17.990492 11.000000
18.000494 9.000000
18.010492 7.000000
18.020494 15.000000
18.030493 6.000000
18.040495 12.000000
18.050493 10.000000
18.060492 13.000000
18.070494 4.000000
18.080492 11.000000
18.090494 7.000000
18.100492 9.000000
18.110495 9.000000
18.120493 10.000000
18.130491 12.000000
18.140493 8.000000
18.150492 9.000000
18.160494 7.000000
18.170492 2.000000
18.180494 13.000000
18.190493 9.000000
18.200495 12.000000
18.210493 13.000000
18.220491 6.000000
18.230494 3.000000
18.240492 15.000000
18.250494 12.000000
18.260492 8.000000
18.270494 11.000000
18.280493 6.000000
18.290495 8.000000
18.300493 14.000000
18.310492 7.000000
18.320494 17.000000
18.330492 8.000000
18.340494 11.000000
18.350492 8.000000
18.360495 4.000000
18.370493 9.000000
18.380491 14.000000
18.390493 13.000000
18.400492 14.000000
18.410494 9.000000
18.420492 10.000000
18.430494 7.000000
18.440493 10.000000
18.450495 7.000000
18.460493 11.000000
18.470491 10.000000
18.480494 9.000000
18.490492 14.000000
18.500494 14.000000
18.510492 13.000000
18.520494 7.000000
18.530493 12.000000
18.540495 11.000000
18.550493 11.000000
18.560492 5.000000
18.570494 4.000000
18.580492 9.000000
18.590494 19.000000
18.600492 12.000000
18.610495 18.000000
18.620493 12.000000
18.630491 14.000000
18.640493 17.000000
18.650492 15.000000
18.660494 11.000000
18.670492 13.000000
18.680494 21.000000
18.690493 14.000000
18.700495 6.000000
18.710493 7.000000
18.720491 15.000000
18.730494 11.000000
18.740492 15.000000
18.750494 6.000000
18.760492 10.000000
18.770494 13.000000
18.780493 9.000000
18.790495 15.000000
18.800493 7.000000
18.810492 7.000000
18.820494 7.000000
18.830492 6.000000
18.840494 8.000000
18.850492 14.000000
18.860495 11.000000
18.870493 10.000000
18.880491 12.000000
18.890493 12.000000
18.900492 10.000000
18.910494 10.000000
18.920492 18.000000
18.930494 9.000000
18.940493 11.000000
18.950495 8.000000
18.960493 11.000000
18.970491 13.000000
18.980494 13.000000
18.990492 14.000000
19.000494 11.000000
19.010492 9.000000
19.020494 11.000000
19.030493 17.000000
19.040495 13.000000
19.050493 12.000000
19.060492 12.000000
19.070494 9.000000
19.080492 11.000000
19.090494 11.000000
19.100492 12.000000
19.110495 8.000000
19.120493 6.000000
19.130491 10.000000
19.140493 11.000000
19.150492 12.000000
19.160494 9.000000
19.170492 11.000000
19.180494 9.000000
19.190493 11.000000
19.200495 3.000000
19.210493 16.000000
19.220491 3.000000
19.230494 12.000000
19.240492 10.000000
19.250494 10.000000
19.260492 13.000000
19.270494 12.000000
19.280493 7.000000
19.290495 8.000000
19.300493 9.000000
19.310492 12.000000
19.320494 7.000000
19.330492 10.000000
19.340494 15.000000
19.350492 14.000000
19.360495 14.000000
19.370493 15.000000
19.380491 12.000000
19.390493 6.000000
19.400492 7.000000
19.410494 12.000000
19.420492 14.000000
19.430494 9.000000
19.440493 15.000000
19.450495 14.000000
19.460493 6.000000
19.470491 12.000000
19.480494 12.000000
19.490492 9.000000
19.500494 13.000000
19.510492 7.000000
19.520494 8.000000
19.530493 8.000000
19.540495 12.000000
19.550493 16.000000
19.560492 12.000000
19.570494 14.000000
19.580492 12.000000
19.590494 11.000000
19.600492 10.000000
19.610495 11.000000
19.620493 7.000000
19.630491 7.000000
19.640493 13.000000
19.650492 7.000000
19.660494 12.000000
19.670492 7.000000
19.680494 16.000000
19.690493 14.000000
19.700495 4.000000
19.710493 12.000000
19.720491 3.000000
19.730494 10.000000
19.740492 11.000000
19.750494 9.000000
19.760492 12.000000
19.770494 13.000000
19.780493 12.000000
19.790495 11.000000
19.800493 9.000000
19.810492 11.000000
19.820494 5.000000
19.830492 10.000000
19.840494 8.000000
19.850492 12.000000
19.860495 15.000000
19.870493 8.000000
19.880491 9.000000
19.890493 11.000000
19.900492 7.000000
19.910494 7.000000
19.920492 11.000000
19.930494 13.000000
19.940493 10.000000
19.950495 9.000000
19.960493 7.000000
19.970491 15.000000
19.980494 7.000000
19.990492 9.000000
