11.3196 17.4 1.07703
12.336 22.6667 1.22927
13.4478 25.8 1.31149
14.5641 28.0667 1.36789
15.6869 31.2 1.44222
16.8191 34.0667 1.50702
17.9634 32.9333 1.48174
19.1229 31.6 1.45144
20.4006 35.1333 1.53043
21.8037 33.5333 1.49518
23.2402 32.2667 1.46667
24.7143 29.2667 1.39682
26.2304 29.8 1.40949
27.7929 28.2 1.37113
29.5254 33.6 1.49666
31.4416 29.4 1.4
33.3817 30.4 1.42361
35.0695 23.8 1.25963
36.5179 18.6 1.11355
38.0687 17.6 1.08321
39.7357 15.6 1.0198
41.4281 13.4667 0.947511
43.1445 14.6667 0.988826
44.9818 14.6 0.986577
46.9412 12.9333 0.928559
48.9257 11 0.856349
50.9337 13.6667 0.954521
53.0661 13.3333 0.942809
55.3232 12.2 0.90185
57.6025 13.0667 0.933333
59.9018 11.6667 0.881917
62.325 13.4667 0.947511
64.8712 12.8 0.92376
67.433 12.6 0.916515
70.1155 12.7333 0.921352
72.9162 13.2667 0.940449
75.725 9.4 0.791623
78.6465 10.2 0.824621
81.6768 9.53333 0.797217
84.7048 9.33333 0.788811
87.8377 9.4 0.791623
91.076 10.8 0.848528
94.3123 8.13333 0.736357
97.6554 7.46667 0.705534
101.106 8.4 0.748331
104.558 7.46667 0.705534
108.119 7.33333 0.699206
111.791 6.73333 0.669992
115.576 6.06667 0.635959
119.476 7.06667 0.686375
123.492 7 0.68313
127.626 5.6 0.61101
131.878 6 0.632456
136.25 6.06667 0.635959
140.632 4.33333 0.537484
145.135 5.26667 0.592546
149.758 5.73333 0.618241
154.503 4.4 0.541603
159.481 4.93333 0.573488
164.583 4.86667 0.5696
169.81 4.86667 0.5696
175.161 4.73333 0.561743
180.639 8 0.730297
186.243 5 0.57735
191.975 5.93333 0.628932
197.948 4.93333 0.573488
204.05 4.13333 0.524934
210.283 4.66667 0.557773
216.76 4.8 0.565685
223.371 3.4 0.476095
230.114 3.8 0.503322
237.107 4.66667 0.557773
244.35 4.26667 0.533333
251.729 3.6 0.489898
259.247 3.2 0.46188
267.019 3.53333 0.485341
275.047 2.66667 0.421637
283.216 3 0.447214
291.528 2.4 0.4
300.099 3.2 0.46188
308.932 3.2 0.46188
318.028 2.13333 0.377124
327.39 1.8 0.34641
337.018 2.06667 0.371184
346.914 2.73333 0.426875
357.08 2 0.365148
367.518 1.66667 0.333333
378.229 2.66667 0.421637
389.213 1.86667 0.352767
400.474 2.06667 0.371184
412.011 1.86667 0.352767
423.949 2.13333 0.377124
436.289 2.06667 0.371184
448.91 2.26667 0.38873
461.815 2 0.365148
475.002 2.53333 0.410961
488.598 2.8 0.432049
502.603 3 0.447214
516.895 2.93333 0.442217
531.598 3.06667 0.452155
546.714 2.33333 0.394405
562.244 2.4 0.4
578.187 1.86667 0.352767
594.545 1.73333 0.339935
611.317 1.13333 0.274874
628.503 1.8 0.34641
646.23 1.33333 0.298142
664.37 1 0.258199
682.921 1.53333 0.319722
702.01 0.8 0.23094
721.636 1.66667 0.333333
741.795 1.2 0.282843
762.357 1.13333 0.274874
783.318 0.933333 0.249444
804.802 1.06667 0.266667
826.805 1.26667 0.290593
849.321 1.53333 0.319722
872.471 1.13333 0.274874
896.248 2 0.365148
926.382 1.6 0.326599
963.222 41.8 1.66933
