11.0419 95 9.74679
12.0751 101 10.0499
13.1272 131 11.4455
14.2073 131 11.4455
15.3213 153 12.3693
16.4667 115 10.7238
17.6346 130 11.4018
18.9146 138 11.7473
20.2969 155 12.4499
21.679 133 11.5326
23.07 111 10.5357
24.4855 126 11.225
25.9413 115 10.7238
27.5663 140 11.8322
29.39 131 11.4455
31.3323 102 10.0995
33.3406 100 10
35.0422 88 9.38083
36.5282 81 9
38.128 82 9.05539
39.7705 72 8.48528
41.4533 52 7.2111
43.272 56 7.48331
45.228 54 7.34847
47.2247 52 7.2111
49.2591 44 6.63325
51.4329 55 7.4162
53.7459 66 8.12404
56.0923 44 6.63325
58.4677 59 7.68115
60.978 61 7.81025
63.6205 41 6.40312
66.2817 50 7.07107
69.0679 61 7.81025
71.9738 37 6.08276
74.8815 43 6.55744
77.8951 56 7.48331
81.006 42 6.48074
84.0951 32 5.65685
87.2685 32 5.65685
90.527 30 5.47723
93.7632 29 5.38516
97.087 22 4.69042
100.501 29 5.38516
103.9 33 5.74456
107.395 44 6.63325
110.989 29 5.38516
114.687 28 5.2915
118.492 21 4.58258
122.412 35 5.91608
126.449 27 5.19615
130.607 20 4.47214
134.886 25 5
139.179 24 4.89898
143.595 20 4.47214
148.134 22 4.69042
152.798 10 3.16228
157.695 14 3.74166
162.72 17 4.12311
167.874 18 4.24264
173.156 12 3.4641
178.569 20 4.47214
184.113 11 3.31662
189.79 24 4.89898
195.712 21 4.58258
201.769 16 4
207.963 15 3.87298
214.408 11 3.31662
220.993 13 3.60555
227.718 8 2.82843
234.699 10 3.16228
241.939 7 2.64575
249.324 11 3.31662
256.856 14 3.74166
264.653 4 2
272.716 8 2.82843
280.93 7 2.64575
289.296 6 2.44949
297.935 6 2.44949
306.847 3 1.73205
316.036 3 1.73205
325.504 6 2.44949
335.253 6 2.44949
345.286 7 2.64575
355.603 9 3
366.208 3 1.73205
377.103 0 0
388.289 3 1.73205
399.768 4 2
411.543 3 1.73205
423.739 4 2
436.359 5 2.23607
449.28 5 2.23607
462.505 4 2
476.033 0 0
489.993 2 1.41421
504.387 4 2
519.089 4 2
534.227 2 1.41421
549.803 1 1
565.817 3 1.73205
582.271 1 1
599.165 1 1
616.499 4 2
634.271 1 1
652.613 0 0
671.392 0 0
690.606 6 2.44949
710.384 1 1
730.724 2 1.41421
751.622 1 1
772.941 1 1
794.676 2 1.41421
816.954 2 1.41421
839.766 3 1.73205
863.105 2 1.41421
887.094 3 1.73205
911.721 5 2.23607
942.909 6 2.44949
