11.0419 77 8.77496
12.0751 100 10
13.1272 102 10.0995
14.2073 113 10.6301
15.3213 155 12.4499
16.4667 148 12.1655
17.6346 166 12.8841
18.9146 176 13.2665
20.2969 181 13.4536
21.679 199 14.1067
23.07 199 14.1067
24.4855 191 13.8203
25.9413 199 14.1067
27.5663 242 15.5563
29.39 218 14.7648
31.3323 201 14.1774
33.3406 199 14.1067
35.0422 168 12.9615
36.5282 166 12.8841
38.128 146 12.083
39.7705 149 12.2066
41.4533 137 11.7047
43.272 153 12.3693
45.228 172 13.1149
47.2247 168 12.9615
49.2591 137 11.7047
51.4329 175 13.2288
53.7459 168 12.9615
56.0923 154 12.4097
58.4677 170 13.0384
60.978 170 13.0384
63.6205 171 13.0767
66.2817 148 12.1655
69.0679 164 12.8062
71.9738 178 13.3417
74.8815 187 13.6748
77.8951 204 14.2829
81.006 177 13.3041
84.0951 160 12.6491
87.2685 186 13.6382
90.527 195 13.9642
93.7632 199 14.1067
97.087 180 13.4164
100.501 167 12.9228
103.9 151 12.2882
107.395 182 13.4907
110.989 173 13.1529
114.687 169 13
118.492 178 13.3417
122.412 164 12.8062
126.449 165 12.8452
130.607 167 12.9228
134.886 171 13.0767
139.179 163 12.7671
143.595 144 12
148.134 129 11.3578
152.798 146 12.083
157.695 132 11.4891
162.72 126 11.225
167.874 141 11.8743
173.156 140 11.8322
178.569 110 10.4881
184.113 126 11.225
189.79 116 10.7703
195.712 117 10.8167
201.769 111 10.5357
207.963 84 9.16515
214.408 91 9.53939
220.993 87 9.32738
227.718 93 9.64365
234.699 79 8.88819
241.939 72 8.48528
249.324 69 8.30662
256.856 80 8.94427
264.653 56 7.48331
272.716 55 7.4162
280.93 50 7.07107
289.296 51 7.14143
297.935 47 6.85565
306.847 44 6.63325
316.036 46 6.78233
325.504 39 6.245
335.253 29 5.38516
345.286 38 6.16441
355.603 30 5.47723
366.208 28 5.2915
377.103 26 5.09902
388.289 20 4.47214
399.768 24 4.89898
411.543 25 5
423.739 26 5.09902
436.359 29 5.38516
449.28 24 4.89898
462.505 14 3.74166
476.033 14 3.74166
489.993 18 4.24264
504.387 29 5.38516
519.089 24 4.89898
534.227 14 3.74166
549.803 16 4
565.817 15 3.87298
582.271 13 3.60555
599.165 10 3.16228
616.499 11 3.31662
634.271 4 2
652.613 9 3
671.392 6 2.44949
690.606 7 2.64575
710.384 11 3.31662
730.724 7 2.64575
751.622 7 2.64575
772.941 6 2.44949
794.676 5 2.23607
816.954 9 3
839.766 1 1
863.105 2 1.41421
887.094 6 2.44949
911.721 7 2.64575
942.909 11 3.31662
