11.0419 96 13.8564
12.0751 92 13.5647
13.1272 140 16.7332
14.2073 102 14.2829
15.3213 150 17.3205
16.4667 170 18.4391
17.6346 214 20.6882
18.9146 198 19.8997
20.2969 196 19.799
21.679 208 20.3961
23.07 208 20.3961
24.4855 230 21.4476
25.9413 240 21.9089
27.5663 244 22.0907
29.39 264 22.9783
31.3323 236 21.7256
33.3406 226 21.2603
35.0422 206 20.2978
36.5282 226 21.2603
38.128 148 17.2047
39.7705 198 19.8997
41.4533 166 18.2209
43.272 180 18.9737
45.228 200 20
47.2247 220 20.9762
49.2591 198 19.8997
51.4329 204 20.199
53.7459 176 18.7617
56.0923 236 21.7256
58.4677 216 20.7846
60.978 218 20.8806
63.6205 214 20.6882
66.2817 226 21.2603
69.0679 246 22.1811
71.9738 280 23.6643
74.8815 234 21.6333
77.8951 264 22.9783
81.006 258 22.7156
84.0951 266 23.0651
87.2685 266 23.0651
90.527 286 23.9165
93.7632 252 22.4499
97.087 258 22.7156
100.501 308 24.8193
103.9 278 23.5797
107.395 348 26.3818
110.989 266 23.0651
114.687 310 24.8998
118.492 312 24.98
122.412 338 26
126.449 272 23.3238
130.607 276 23.4947
134.886 322 25.3772
139.179 294 24.2487
143.595 296 24.3311
148.134 304 24.6577
152.798 348 26.3818
157.695 274 23.4094
162.72 306 24.7386
167.874 252 22.4499
173.156 232 21.5407
178.569 256 22.6274
184.113 252 22.4499
189.79 256 22.6274
195.712 266 23.0651
201.769 258 22.7156
207.963 308 24.8193
214.408 166 18.2209
220.993 204 20.199
227.718 196 19.799
234.699 156 17.6635
241.939 182 19.0788
249.324 174 18.6548
256.856 150 17.3205
264.653 170 18.4391
272.716 122 15.6205
280.93 136 16.4924
289.296 146 17.088
297.935 100 14.1421
306.847 98 14
316.036 80 12.6491
325.504 118 15.3623
335.253 104 14.4222
345.286 116 15.2315
355.603 92 13.5647
366.208 82 12.8062
377.103 74 12.1655
388.289 66 11.4891
399.768 94 13.7113
411.543 74 12.1655
423.739 70 11.8322
436.359 80 12.6491
449.28 70 11.8322
462.505 58 10.7703
476.033 46 9.59166
489.993 44 9.38083
504.387 42 9.16515
519.089 36 8.48528
534.227 54 10.3923
549.803 44 9.38083
565.817 50 10
582.271 50 10
599.165 36 8.48528
616.499 26 7.2111
634.271 32 8
652.613 44 9.38083
671.392 36 8.48528
690.606 20 6.32456
710.384 24 6.9282
730.724 42 9.16515
751.622 26 7.2111
772.941 24 6.9282
794.676 22 6.63325
816.954 34 8.24621
839.766 28 7.48331
863.105 28 7.48331
887.094 18 6
911.721 28 7.48331
942.909 28 7.48331
