-9.999840 105.000000
-9.899840 89.000000
-9.799840 107.000000
-9.699840 93.000000
-9.599840 78.000000
-9.499840 93.000000
-9.399840 80.000000
-9.299840 101.000000
-9.199840 84.000000
-9.099840 94.000000
-8.999840 77.000000
-8.899840 94.000000
-8.799840 98.000000
-8.699840 99.000000
-8.599840 85.000000
-8.499840 81.000000
-8.399840 71.000000
-8.299840 90.000000
-8.199840 88.000000
-8.099840 92.000000
-7.999840 111.000000
-7.899840 86.000000
-7.799840 83.000000
-7.699840 91.000000
-7.599840 82.000000
-7.499840 78.000000
-7.399840 98.000000
-7.299840 107.000000
-7.199840 99.000000
-7.099840 86.000000
-6.999840 93.000000
-6.899840 88.000000
-6.799840 85.000000
-6.699840 100.000000
-6.599840 104.000000
-6.499840 86.000000
-6.399840 98.000000
-6.299840 100.000000
-6.199840 98.000000
-6.099840 91.000000
-5.999840 108.000000
-5.899840 99.000000
-5.799840 91.000000
-5.699840 105.000000
-5.599840 103.000000
-5.499840 107.000000
-5.399840 92.000000
-5.299840 86.000000
-5.199840 114.000000
-5.099840 114.000000
-4.999840 111.000000
-4.899840 118.000000
-4.799840 110.000000
-4.699840 94.000000
-4.599840 108.000000
-4.499840 95.000000
-4.399840 96.000000
-4.299840 105.000000
-4.199840 79.000000
-4.099840 99.000000
-3.999840 97.000000
-3.899840 91.000000
-3.799840 90.000000
-3.699840 90.000000
-3.599840 85.000000
-3.499840 82.000000
-3.399840 89.000000
-3.299840 109.000000
-3.199840 101.000000
-3.099840 100.000000
-2.999840 99.000000
-2.899840 97.000000
-2.799840 97.000000
-2.699840 104.000000
-2.599840 115.000000
-2.499840 122.000000
-2.399840 118.000000
-2.299840 117.000000
-2.199840 113.000000
-2.099840 95.000000
-1.999840 106.000000
-1.899840 109.000000
-1.799840 99.000000
-1.699840 105.000000
-1.599839 103.000000
-1.499840 93.000000
-1.399840 90.000000
-1.299840 94.000000
-1.199840 112.000000
-1.099839 103.000000
-0.999840 90.000000
-0.899840 106.000000
-0.799840 110.000000
-0.699840 91.000000
-0.599839 89.000000
-0.499840 79.000000
-0.399840 86.000000
-0.299840 71.000000
-0.199840 100.000000
-0.099839 160.000000
0.000160 285.000000
0.100160 445.000000
0.200160 629.000000
0.300160 788.000000
0.400161 1121.000000
0.500160 1446.000000
0.600160 1683.000000
0.700160 1898.000000
0.800160 2156.000000
0.900161 2159.000000
1.000160 2015.000000
1.100160 2050.000000
1.200160 2018.000000
1.300160 1995.000000
1.400161 2098.000000
1.500160 2014.000000
1.600160 2364.000000
1.700160 2065.000000
1.800160 1462.000000
1.900161 1129.000000
2.000160 913.000000
2.100160 767.000000
2.200160 691.000000
2.300160 636.000000
2.400161 1550.000000
2.500160 2894.000000
2.600160 2231.000000
2.700160 2051.000000
2.800160 1721.000000
2.900161 1407.000000
3.000160 1449.000000
3.100160 1841.000000
3.200160 1582.000000
3.300160 1549.000000
3.400161 1521.000000
3.500160 1510.000000
3.600160 1360.000000
3.700160 1756.000000
3.800160 2240.000000
3.900161 2491.000000
4.000160 2462.000000
4.100160 2190.000000
4.200160 1918.000000
4.300160 2090.000000
4.400161 1877.000000
4.500160 1802.000000
4.600160 2060.000000
4.700160 2074.000000
4.800160 2341.000000
4.900161 1972.000000
5.000160 1786.000000
5.100160 1650.000000
5.200160 1738.000000
5.300160 1937.000000
5.400161 2082.000000
5.500160 1930.000000
5.600160 1622.000000
5.700160 1240.000000
5.800160 859.000000
5.900161 704.000000
6.000160 543.000000
6.100160 516.000000
6.200161 504.000000
6.300161 493.000000
6.400160 454.000000
6.500160 466.000000
6.600160 418.000000
6.700161 416.000000
6.800161 348.000000
6.900160 344.000000
7.000160 366.000000
7.100160 378.000000
7.200161 321.000000
7.300161 340.000000
7.400160 335.000000
7.500160 302.000000
7.600160 300.000000
7.700161 302.000000
7.800161 286.000000
7.900160 285.000000
8.000160 284.000000
8.100160 285.000000
8.200161 275.000000
8.300161 254.000000
8.400160 284.000000
8.500160 244.000000
8.600160 299.000000
8.700161 233.000000
8.800161 234.000000
8.900160 253.000000
9.000160 245.000000
9.100160 283.000000
9.200161 249.000000
9.300161 248.000000
9.400160 259.000000
9.500160 257.000000
9.600160 239.000000
9.700161 220.000000
9.800161 245.000000
9.900160 231.000000
10.000160 236.000000
10.100160 181.000000
10.200161 246.000000
10.300161 250.000000
10.400160 236.000000
10.500160 236.000000
10.600160 251.000000
10.700161 228.000000
10.800161 215.000000
10.900160 226.000000
11.000160 199.000000
11.100160 230.000000
11.200161 224.000000
11.300161 188.000000
11.400160 214.000000
11.500160 197.000000
11.600160 199.000000
11.700161 210.000000
11.800161 204.000000
11.900160 195.000000
12.000160 185.000000
12.100160 158.000000
12.200161 194.000000
12.300161 219.000000
12.400160 185.000000
12.500160 209.000000
12.600160 214.000000
12.700161 189.000000
12.800161 176.000000
12.900160 176.000000
13.000160 203.000000
13.100160 198.000000
13.200161 216.000000
13.300161 185.000000
13.400160 184.000000
13.500160 204.000000
13.600160 206.000000
13.700161 182.000000
13.800161 201.000000
13.900160 225.000000
14.000160 176.000000
14.100160 201.000000
14.200161 172.000000
14.300161 186.000000
14.400160 182.000000
14.500160 200.000000
14.600160 182.000000
14.700161 201.000000
14.800161 204.000000
14.900160 157.000000
15.000160 159.000000
15.100160 183.000000
15.200161 168.000000
15.300161 194.000000
15.400160 221.000000
15.500160 263.000000
15.600160 354.000000
15.700161 423.000000
15.800161 390.000000
15.900160 430.000000
16.000160 521.000000
16.100160 557.000000
16.200161 639.000000
16.300161 643.000000
16.400160 707.000000
16.500160 687.000000
16.600160 668.000000
16.700161 585.000000
16.800161 572.000000
16.900160 555.000000
17.000160 538.000000
17.100160 487.000000
17.200161 507.000000
17.300161 487.000000
17.400160 467.000000
17.500160 397.000000
17.600160 426.000000
17.700161 384.000000
17.800161 373.000000
17.900160 364.000000
18.000160 315.000000
18.100160 317.000000
18.200161 332.000000
18.300161 345.000000
18.400160 293.000000
18.500160 347.000000
18.600160 356.000000
18.700161 346.000000
18.800161 371.000000
18.900160 353.000000
19.000160 383.000000
19.100160 350.000000
19.200161 351.000000
19.300161 356.000000
19.400160 374.000000
19.500160 334.000000
19.600160 313.000000
19.700161 324.000000
19.800161 305.000000
19.900160 334.000000
20.000160 310.000000
20.100160 337.000000
20.200161 338.000000
20.300161 304.000000
20.400160 322.000000
20.500160 289.000000
20.600160 275.000000
20.700161 282.000000
20.800161 258.000000
20.900160 272.000000
21.000160 259.000000
21.100160 252.000000
21.200161 236.000000
21.300161 263.000000
21.400160 241.000000
21.500160 230.000000
21.600160 251.000000
21.700161 244.000000
21.800161 234.000000
21.900160 211.000000
22.000160 198.000000
22.100162 193.000000
22.200161 201.000000
22.300159 219.000000
22.400162 196.000000
22.500160 202.000000
22.600162 197.000000
22.700161 195.000000
22.800159 175.000000
22.900162 191.000000
23.000160 196.000000
23.100162 182.000000
23.200161 183.000000
23.300159 188.000000
23.400162 183.000000
23.500160 202.000000
23.600162 181.000000
23.700161 191.000000
23.800159 171.000000
23.900162 171.000000
24.000160 211.000000
24.100162 156.000000
24.200161 170.000000
24.300159 182.000000
24.400162 173.000000
24.500160 164.000000
24.600162 174.000000
24.700161 177.000000
24.800159 150.000000
24.900162 175.000000
25.000160 176.000000
25.100162 173.000000
25.200161 153.000000
25.300159 160.000000
25.400162 153.000000
25.500160 165.000000
25.600162 167.000000
25.700161 178.000000
25.800159 179.000000
25.900162 160.000000
26.000160 167.000000
26.100162 163.000000
26.200161 164.000000
26.300159 185.000000
26.400162 163.000000
26.500160 160.000000
26.600162 177.000000
26.700161 166.000000
26.800159 142.000000
26.900162 146.000000
27.000160 133.000000
27.100162 143.000000
27.200161 171.000000
27.300159 153.000000
27.400162 138.000000
27.500160 150.000000
27.600162 161.000000
27.700161 168.000000
27.800159 158.000000
27.900162 182.000000
28.000160 160.000000
28.100162 146.000000
28.200161 147.000000
28.300159 148.000000
28.400162 139.000000
28.500160 150.000000
28.600162 139.000000
28.700161 164.000000
28.800159 167.000000
28.900162 140.000000
29.000160 139.000000
29.100162 140.000000
29.200161 137.000000
29.300159 155.000000
29.400162 157.000000
29.500160 148.000000
29.600162 114.000000
29.700161 136.000000
29.800159 129.000000
29.900162 138.000000
30.000160 171.000000
30.100162 161.000000
30.200161 131.000000
30.300159 144.000000
30.400162 152.000000
30.500160 134.000000
30.600162 150.000000
30.700161 151.000000
30.800159 127.000000
30.900162 180.000000
31.000160 122.000000
31.100162 157.000000
31.200161 145.000000
31.300159 132.000000
31.400162 145.000000
31.500160 116.000000
31.600162 126.000000
31.700161 149.000000
31.800159 137.000000
31.900162 136.000000
32.000160 168.000000
32.100162 132.000000
32.200161 137.000000
32.300159 159.000000
32.400162 163.000000
32.500160 128.000000
32.600162 117.000000
32.700161 143.000000
32.800159 159.000000
32.900162 167.000000
33.000160 156.000000
33.100162 145.000000
33.200161 150.000000
33.300159 131.000000
33.400162 153.000000
33.500160 137.000000
33.600162 118.000000
33.700161 153.000000
33.800159 146.000000
33.900162 135.000000
34.000160 144.000000
34.100162 138.000000
34.200161 151.000000
34.300159 151.000000
34.400162 127.000000
34.500160 143.000000
34.600162 141.000000
34.700161 140.000000
34.800159 141.000000
34.900162 147.000000
35.000160 136.000000
35.100162 132.000000
35.200161 143.000000
35.300159 122.000000
35.400162 142.000000
35.500160 138.000000
35.600162 130.000000
35.700161 123.000000
35.800159 162.000000
35.900162 128.000000
36.000160 140.000000
36.100162 125.000000
36.200161 157.000000
36.300159 141.000000
36.400162 141.000000
36.500160 127.000000
36.600162 149.000000
36.700161 131.000000
36.800159 139.000000
36.900162 125.000000
37.000160 120.000000
37.100162 128.000000
37.200161 135.000000
37.300159 129.000000
37.400162 110.000000
37.500160 138.000000
37.600162 128.000000
37.700161 114.000000
37.800159 130.000000
37.900162 140.000000
38.000160 135.000000
38.100162 115.000000
38.200161 124.000000
38.300159 124.000000
38.400162 125.000000
38.500160 149.000000
38.600162 122.000000
38.700161 142.000000
38.800159 123.000000
38.900162 114.000000
39.000160 135.000000
39.100162 158.000000
39.200161 129.000000
39.300159 121.000000
39.400162 128.000000
39.500160 140.000000
39.600162 128.000000
39.700161 124.000000
39.800159 119.000000
39.900162 137.000000
40.000160 120.000000
40.100162 134.000000
40.200161 127.000000
40.300159 136.000000
40.400162 129.000000
40.500160 136.000000
40.600162 135.000000
40.700161 140.000000
40.800159 122.000000
40.900162 142.000000
41.000160 125.000000
41.100162 143.000000
41.200161 113.000000
41.300159 117.000000
41.400162 137.000000
41.500160 130.000000
41.600162 133.000000
41.700161 136.000000
41.800159 130.000000
41.900162 125.000000
42.000160 126.000000
42.100162 140.000000
42.200161 141.000000
42.300159 119.000000
42.400162 146.000000
42.500160 116.000000
42.600162 125.000000
42.700161 120.000000
42.800159 147.000000
42.900162 100.000000
43.000160 118.000000
43.100162 121.000000
43.200161 125.000000
43.300159 133.000000
43.400162 124.000000
43.500160 133.000000
43.600162 125.000000
43.700161 126.000000
43.800159 122.000000
43.900162 123.000000
44.000160 115.000000
44.100162 140.000000
44.200161 113.000000
44.300159 140.000000
44.400162 136.000000
44.500160 138.000000
44.600162 136.000000
44.700161 117.000000
44.800159 141.000000
44.900162 111.000000
45.000160 113.000000
45.100162 111.000000
45.200161 113.000000
45.300159 109.000000
45.400162 117.000000
45.500160 132.000000
45.600162 125.000000
45.700161 131.000000
45.800159 120.000000
45.900162 119.000000
46.000160 115.000000
46.100162 116.000000
46.200161 102.000000
46.300159 117.000000
46.400162 117.000000
46.500160 120.000000
46.600162 120.000000
46.700161 146.000000
46.800159 132.000000
46.900162 128.000000
47.000160 122.000000
47.100162 100.000000
47.200161 126.000000
47.300159 119.000000
47.400162 106.000000
47.500160 124.000000
47.600162 123.000000
47.700161 113.000000
47.800159 118.000000
47.900162 130.000000
48.000160 119.000000
48.100162 108.000000
48.200161 116.000000
48.300159 127.000000
48.400162 98.000000
48.500160 140.000000
48.600162 135.000000
48.700161 109.000000
48.800159 96.000000
48.900162 121.000000
49.000160 131.000000
49.100162 134.000000
49.200161 134.000000
49.300159 119.000000
49.400162 130.000000
49.500160 127.000000
49.600162 120.000000
49.700161 121.000000
49.800159 122.000000
49.900162 105.000000
50.000160 133.000000
50.100162 113.000000
50.200161 121.000000
50.300159 124.000000
50.400162 114.000000
50.500160 114.000000
50.600162 140.000000
50.700161 128.000000
50.800159 135.000000
50.900162 114.000000
51.000160 103.000000
51.100162 108.000000
51.200161 126.000000
51.300159 115.000000
51.400162 129.000000
51.500160 117.000000
51.600162 136.000000
51.700161 134.000000
51.800159 117.000000
51.900162 121.000000
52.000160 129.000000
52.100162 137.000000
52.200161 128.000000
52.300159 117.000000
52.400162 125.000000
52.500160 136.000000
52.600162 117.000000
52.700161 114.000000
52.800159 132.000000
52.900162 113.000000
53.000160 132.000000
53.100162 116.000000
53.200161 122.000000
53.300159 127.000000
53.400162 124.000000
53.500160 127.000000
53.600162 113.000000
53.700161 129.000000
53.800159 122.000000
53.900162 127.000000
54.000160 141.000000
54.100158 110.000000
54.200165 128.000000
54.300163 123.000000
54.400162 153.000000
54.500160 95.000000
54.600158 113.000000
54.700165 115.000000
54.800163 122.000000
54.900162 94.000000
55.000160 118.000000
55.100158 125.000000
55.200165 122.000000
55.300163 119.000000
55.400162 99.000000
55.500160 134.000000
55.600158 113.000000
55.700165 107.000000
55.800163 112.000000
55.900162 131.000000
56.000160 128.000000
56.100158 130.000000
56.200165 132.000000
56.300163 114.000000
56.400162 123.000000
56.500160 115.000000
56.600158 114.000000
56.700165 131.000000
56.800163 133.000000
56.900162 123.000000
57.000160 96.000000
57.100158 127.000000
57.200165 108.000000
57.300163 116.000000
57.400162 122.000000
57.500160 124.000000
57.600158 121.000000
57.700165 112.000000
57.800163 104.000000
57.900162 129.000000
58.000160 120.000000
58.100158 107.000000
58.200165 111.000000
58.300163 105.000000
58.400162 121.000000
58.500160 129.000000
58.600158 122.000000
58.700165 118.000000
58.800163 116.000000
58.900162 123.000000
59.000160 110.000000
59.100158 134.000000
59.200165 106.000000
59.300163 103.000000
59.400162 108.000000
59.500160 112.000000
59.600158 101.000000
59.700165 110.000000
59.800163 127.000000
59.900162 113.000000
60.000160 135.000000
60.100158 120.000000
60.200165 118.000000
60.300163 105.000000
60.400162 130.000000
60.500160 131.000000
60.600158 111.000000
60.700165 125.000000
60.800163 108.000000
60.900162 109.000000
61.000160 118.000000
61.100158 117.000000
61.200165 117.000000
61.300163 119.000000
61.400162 104.000000
61.500160 130.000000
61.600158 123.000000
61.700165 95.000000
61.800163 105.000000
61.900162 132.000000
62.000160 127.000000
62.100158 122.000000
62.200165 130.000000
62.300163 93.000000
62.400162 103.000000
62.500160 112.000000
62.600158 125.000000
62.700165 104.000000
62.800163 119.000000
62.900162 122.000000
63.000160 136.000000
63.100158 92.000000
63.200165 113.000000
63.300163 133.000000
63.400162 107.000000
63.500160 131.000000
63.600158 111.000000
63.700165 120.000000
63.800163 125.000000
63.900162 125.000000
64.000160 145.000000
64.100158 86.000000
64.200165 105.000000
64.300163 119.000000
64.400162 113.000000
64.500160 98.000000
64.600158 120.000000
64.700165 132.000000
64.800163 129.000000
64.900162 113.000000
65.000160 122.000000
65.100158 109.000000
65.200165 106.000000
65.300163 136.000000
65.400162 115.000000
65.500160 99.000000
65.600158 114.000000
65.700165 114.000000
65.800163 108.000000
65.900162 126.000000
66.000160 95.000000
66.100158 112.000000
66.200165 120.000000
66.300163 131.000000
66.400162 110.000000
66.500160 90.000000
66.600158 95.000000
66.700165 114.000000
66.800163 137.000000
66.900162 121.000000
67.000160 109.000000
67.100158 128.000000
67.200165 125.000000
67.300163 111.000000
67.400162 118.000000
67.500160 108.000000
67.600158 124.000000
67.700165 107.000000
67.800163 122.000000
67.900162 108.000000
68.000160 106.000000
68.100158 100.000000
68.200165 108.000000
68.300163 117.000000
68.400162 108.000000
68.500160 105.000000
68.600158 101.000000
68.700165 88.000000
68.800163 109.000000
68.900162 113.000000
69.000160 118.000000
69.100158 115.000000
69.200165 95.000000
69.300163 114.000000
69.400162 108.000000
69.500160 117.000000
69.600158 107.000000
69.700165 114.000000
69.800163 130.000000
69.900162 113.000000
70.000160 85.000000
70.100158 126.000000
70.200165 116.000000
70.300163 133.000000
70.400162 107.000000
70.500160 119.000000
70.600158 101.000000
70.700165 124.000000
70.800163 106.000000
70.900162 94.000000
71.000160 108.000000
71.100158 115.000000
71.200165 117.000000
71.300163 124.000000
71.400162 128.000000
71.500160 89.000000
71.600158 109.000000
71.700165 105.000000
71.800163 112.000000
71.900162 125.000000
72.000160 110.000000
72.100158 125.000000
72.200165 130.000000
72.300163 115.000000
72.400162 109.000000
72.500160 109.000000
72.600158 112.000000
72.700165 91.000000
72.800163 121.000000
72.900162 117.000000
73.000160 116.000000
73.100158 114.000000
73.200165 101.000000
73.300163 100.000000
73.400162 104.000000
73.500160 125.000000
73.600158 121.000000
73.700165 107.000000
73.800163 121.000000
73.900162 132.000000
74.000160 110.000000
74.100158 105.000000
74.200165 112.000000
74.300163 114.000000
74.400162 104.000000
74.500160 88.000000
74.600158 101.000000
74.700165 106.000000
74.800163 100.000000
74.900162 105.000000
