11.0228 3.39438e+47
11.0695 3.38261e+47
11.1183 3.3704e+47
11.1693 3.35774e+47
11.2227 3.34463e+47
11.2785 3.33106e+47
11.3369 3.317e+47
11.3979 3.30246e+47
11.4617 3.28742e+47
11.5284 3.27186e+47
11.5981 3.25579e+47
11.6711 3.23918e+47
11.7473 3.22203e+47
11.8271 3.20433e+47
11.9104 3.18607e+47
11.9976 3.16725e+47
12.0888 3.14784e+47
12.1841 3.12786e+47
12.2838 3.10728e+47
12.388 3.08611e+47
12.497 3.06433e+47
12.611 3.04195e+47
12.7301 3.01897e+47
12.8547 2.99537e+47
12.985 2.97115e+47
13.1212 2.94632e+47
13.2637 2.92088e+47
13.4126 2.89483e+47
13.5684 2.86816e+47
13.7312 2.84089e+47
13.9015 2.81301e+47
14.0796 2.78454e+47
14.2658 2.75548e+47
14.4604 2.72584e+47
14.664 2.69562e+47
14.8769 2.66484e+47
15.0994 2.63351e+47
15.3321 2.60164e+47
15.5755 2.56924e+47
15.8299 2.53633e+47
16.096 2.50293e+47
16.3742 2.46905e+47
16.6651 2.4347e+47
16.9693 2.39991e+47
17.2874 2.36469e+47
17.6199 2.32907e+47
17.9677 2.29306e+47
18.3313 2.25668e+47
18.7115 2.21996e+47
19.1091 2.18292e+47
19.5248 2.14557e+47
19.9595 2.10795e+47
20.4141 2.07007e+47
20.8893 2.03196e+47
21.3863 1.99364e+47
21.9059 1.95512e+47
22.4493 1.91645e+47
23.0174 1.87762e+47
23.6115 1.83868e+47
24.2327 1.79964e+47
24.8823 1.76051e+47
25.5615 1.72134e+47
26.2717 1.68212e+47
27.0142 1.64289e+47
27.7907 1.60367e+47
28.6027 1.56447e+47
29.4516 1.52531e+47
30.3394 1.48622e+47
31.2676 1.44721e+47
32.2382 1.4083e+47
33.2531 1.3695e+47
34.3143 1.33085e+47
35.424 1.29235e+47
36.5843 1.25403e+47
37.7975 1.2159e+47
39.0661 1.17798e+47
40.3926 1.14028e+47
41.7797 1.10284e+47
43.23 1.06566e+47
44.7465 1.02878e+47
46.3323 9.922e+46
47.9904 9.55952e+46
49.7242 9.20058e+46
51.5371 8.84539e+46
53.4328 8.4942e+46
55.4149 8.14727e+46
57.4876 7.80484e+46
59.6548 7.46718e+46
61.9209 7.13458e+46
64.2904 6.8073e+46
66.7681 6.48566e+46
69.3589 6.16993e+46
72.0679 5.86043e+46
74.9005 5.55744e+46
77.8624 5.26128e+46
80.9595 4.97223e+46
84.1979 4.6906e+46
87.5841 4.41667e+46
91.1248 4.1507e+46
94.8272 3.89296e+46
98.6985 3.64368e+46
102.746 3.40309e+46
106.979 3.17137e+46
111.405 2.94869e+46
116.033 2.73518e+46
120.872 2.53096e+46
125.932 2.33608e+46
131.223 2.1506e+46
136.755 1.9745e+46
142.54 1.80776e+46
148.589 1.65032e+46
154.914 1.50206e+46
161.527 1.36286e+46
168.442 1.23255e+46
175.673 1.11095e+46
183.234 9.97823e+45
191.14 8.92937e+45
199.407 7.96022e+45
208.051 7.06793e+45
217.09 6.24944e+45
226.541 5.50158e+45
236.423 4.821e+45
246.757 4.2043e+45
257.562 3.64797e+45
268.86 3.14843e+45
280.673 2.7021e+45
293.026 2.30537e+45
305.943 1.95465e+45
319.449 1.6464e+45
333.572 1.37713e+45
348.339 1.14344e+45
363.78 9.42019e+44
379.925 7.69687e+44
396.808 6.23394e+44
414.461 5.0024e+44
432.919 3.97485e+44
452.22 3.12563e+44
472.402 2.43089e+44
493.505 1.86863e+44
515.571 1.41882e+44
538.644 1.06333e+44
562.77 7.86031e+43
587.997 5.72684e+43
614.375 4.1092e+43
641.958 2.90149e+43
670.799 2.01438e+43
700.956 1.37389e+43
732.49 9.19735e+42
765.462 6.03778e+42
799.939 3.88311e+42
835.99 2.44423e+42
873.687 1.50424e+42
913.103 9.04154e+41
954.319 5.30197e+41
997.415 3.02968e+41
1042.48 1.685e+41
1089.6 9.10962e+40
1138.87 4.7811e+40
1190.39 2.43272e+40
1244.26 1.19831e+40
1300.59 5.70576e+39
1359.48 2.62207e+39
1421.07 1.16106e+39
1485.47 4.94548e+38
1552.81 2.0227e+38
1623.22 7.92889e+37
1696.84 2.97309e+37
1773.82 1.06423e+37
1854.32 3.62887e+36
1938.49 1.17612e+36
2026.5 0
2118.53 0
2214.76 0
2315.38 0
2420.59 0
2530.6 0
2645.64 0
2765.92 0
2891.69 0
3023.21 0
3160.72 0
3304.51 0
3454.87 0
3612.08 0
3776.48 0
3948.37 0
4128.1 0
4316.04 0
4512.56 0
4718.05 0
4932.91 0
5157.58 0
5392.5 0
5638.15 0
5895.01 0
6163.58 0
6444.42 0
6738.07 0
7045.12 0
7366.19 0
7701.9 0
8052.94 0
8420 0
8803.81 0
