11.0228 5.6947e+48
11.0695 5.67019e+48
11.1183 5.64478e+48
11.1693 5.61844e+48
11.2227 5.59117e+48
11.2785 5.56292e+48
11.3369 5.53368e+48
11.3979 5.50343e+48
11.4617 5.47214e+48
11.5284 5.4398e+48
11.5981 5.40637e+48
11.6711 5.37185e+48
11.7473 5.33621e+48
11.8271 5.29944e+48
11.9104 5.26152e+48
11.9976 5.22243e+48
12.0888 5.18215e+48
12.1841 5.14069e+48
12.2838 5.09802e+48
12.388 5.05414e+48
12.497 5.00903e+48
12.611 4.9627e+48
12.7301 4.91515e+48
12.8547 4.86636e+48
12.985 4.81635e+48
13.1212 4.76512e+48
13.2637 4.71268e+48
13.4126 4.65903e+48
13.5684 4.60419e+48
13.7312 4.54818e+48
13.9015 4.49102e+48
14.0796 4.43272e+48
14.2658 4.37331e+48
14.4604 4.31283e+48
14.664 4.2513e+48
14.8769 4.18876e+48
15.0994 4.12525e+48
15.3321 4.0608e+48
15.5755 3.99547e+48
15.8299 3.9293e+48
16.096 3.86234e+48
16.3742 3.79465e+48
16.6651 3.72628e+48
16.9693 3.65728e+48
17.2874 3.58773e+48
17.6199 3.51767e+48
17.9677 3.44718e+48
18.3313 3.37632e+48
18.7115 3.30517e+48
19.1091 3.23378e+48
19.5248 3.16223e+48
19.9595 3.09058e+48
20.4141 3.01891e+48
20.8893 2.94729e+48
21.3863 2.87579e+48
21.9059 2.80448e+48
22.4493 2.73342e+48
23.0174 2.66269e+48
23.6115 2.59235e+48
24.2327 2.52247e+48
24.8823 2.4531e+48
25.5615 2.38432e+48
26.2717 2.31617e+48
27.0142 2.24872e+48
27.7907 2.18202e+48
28.6027 2.11613e+48
29.4516 2.05108e+48
30.3394 1.98694e+48
31.2676 1.92373e+48
32.2382 1.8615e+48
33.2531 1.80029e+48
34.3143 1.74012e+48
35.424 1.68104e+48
36.5843 1.62307e+48
37.7975 1.56623e+48
39.0661 1.51054e+48
40.3926 1.45603e+48
41.7797 1.40271e+48
43.23 1.35058e+48
44.7465 1.29967e+48
46.3323 1.24998e+48
47.9904 1.20152e+48
49.7242 1.15428e+48
51.5371 1.10827e+48
53.4328 1.06349e+48
55.4149 1.01993e+48
57.4876 9.77591e+47
59.6548 9.36465e+47
61.9209 8.96542e+47
64.2904 8.57814e+47
66.7681 8.20268e+47
69.3589 7.83893e+47
72.0679 7.48676e+47
74.9005 7.14601e+47
77.8624 6.81653e+47
80.9595 6.49816e+47
84.1979 6.19073e+47
87.5841 5.89406e+47
91.1248 5.60797e+47
94.8272 5.33227e+47
98.6985 5.06676e+47
102.746 4.81125e+47
106.979 4.56552e+47
111.405 4.32937e+47
116.033 4.10259e+47
120.872 3.88496e+47
125.932 3.67627e+47
131.223 3.47629e+47
136.755 3.28481e+47
142.54 3.10159e+47
148.589 2.92641e+47
154.914 2.75904e+47
161.527 2.59927e+47
168.442 2.44685e+47
175.673 2.30157e+47
183.234 2.1632e+47
191.14 2.03152e+47
199.407 1.9063e+47
208.051 1.78731e+47
217.09 1.67435e+47
226.541 1.56719e+47
236.423 1.46562e+47
246.757 1.36942e+47
257.562 1.2784e+47
268.86 1.19234e+47
280.673 1.11104e+47
293.026 1.0343e+47
305.943 9.61923e+46
319.449 8.93728e+46
333.572 8.29524e+46
348.339 7.69132e+46
363.78 7.12375e+46
379.925 6.59082e+46
396.808 6.09088e+46
414.461 5.62233e+46
432.919 5.18363e+46
452.22 4.77328e+46
472.402 4.38985e+46
493.505 4.03197e+46
515.571 3.69831e+46
538.644 3.38759e+46
562.77 3.09859e+46
587.997 2.83016e+46
614.375 2.58116e+46
641.958 2.35055e+46
670.799 2.13729e+46
700.956 1.94043e+46
732.49 1.75905e+46
765.462 1.59232e+46
799.939 1.4395e+46
835.99 1.29965e+46
873.687 1.17183e+46
913.103 1.05517e+46
954.319 9.48901e+45
997.415 8.5233e+45
1042.48 7.64883e+45
1089.6 6.85907e+45
1138.87 6.14674e+45
1190.39 5.50527e+45
1244.26 4.92885e+45
1300.59 4.41238e+45
1359.48 3.94988e+45
1421.07 3.53573e+45
1485.47 3.1649e+45
1552.81 2.83287e+45
1623.22 2.53559e+45
1696.84 2.26943e+45
1773.82 2.03116e+45
1854.32 1.81785e+45
1938.49 1.6269e+45
2026.5 1.45597e+45
2118.53 1.30297e+45
2214.76 1.16601e+45
2315.38 1.04343e+45
2420.59 9.3372e+44
2530.6 8.35526e+44
2645.64 7.47643e+44
2765.92 6.68991e+44
2891.69 5.98603e+44
3023.21 5.35611e+44
3160.72 4.7924e+44
3304.51 4.28796e+44
3454.87 3.83655e+44
3612.08 3.43262e+44
3776.48 3.07116e+44
3948.37 2.74774e+44
4128.1 2.45835e+44
4316.04 2.1994e+44
4512.56 1.96771e+44
4718.05 1.76041e+44
4932.91 1.57493e+44
5157.58 1.40898e+44
5392.5 1.2605e+44
5638.15 1.12766e+44
5895.01 1.00881e+44
6163.58 9.02478e+43
6444.42 8.07348e+43
6738.07 7.2224e+43
7045.12 6.46099e+43
7366.19 5.7798e+43
7701.9 5.1704e+43
8052.94 4.62523e+43
8420 4.13751e+43
8803.81 3.7012e+43
