8.095459999999999212e+00 2.623164861763360677e+05 5.121684158324643477e+02
8.288650000000000517e+00 2.542244011116189358e+05 5.042067047467922407e+02
8.486449999999999605e+00 2.464750473285100015e+05 4.964625336604062227e+02
8.688969999999999416e+00 2.380805974602914939e+05 4.879350340570878757e+02
8.896319999999999339e+00 2.309116667753435904e+05 4.805326906416914881e+02
9.108620000000000161e+00 2.241624980770167895e+05 4.734580214517616241e+02
9.325989999999999114e+00 2.171327865965816600e+05 4.659750922491261917e+02
9.548550000000000537e+00 2.105016962903294188e+05 4.588046384795269432e+02
9.776410000000000267e+00 2.032434378134227591e+05 4.508252852418803514e+02
1.000970000000000049e+01 1.974386374574214569e+05 4.443406772482364886e+02
1.024859999999999971e+01 1.909656510370011674e+05 4.369961682177558373e+02
1.049319999999999986e+01 1.850092660989530268e+05 4.301270348384916815e+02
1.074360000000000070e+01 1.790387632901185134e+05 4.231297239501362810e+02
1.100000000000000000e+01 1.739059680181808362e+05 4.170203448492421217e+02
1.126249999999999929e+01 1.691437704439005465e+05 4.112709209801983548e+02
1.153120000000000012e+01 1.634895860760126961e+05 4.043384548568348578e+02
1.180640000000000001e+01 1.588595435583740764e+05 3.985718800396912798e+02
1.208820000000000050e+01 1.538645520847584412e+05 3.922557228196402548e+02
1.237659999999999982e+01 1.498281862234690343e+05 3.870764604357503913e+02
1.267200000000000060e+01 1.450296132677446876e+05 3.808275374336061532e+02
1.297439999999999927e+01 1.408192694815448776e+05 3.752589365778580373e+02
1.328400000000000070e+01 1.369513282103238162e+05 3.700693559460494271e+02
1.360100000000000087e+01 1.331277791806589230e+05 3.648667964897038019e+02
1.392559999999999931e+01 1.289571603658467502e+05 3.591060572669956628e+02
1.425789999999999935e+01 1.252809092596303672e+05 3.539504333372546512e+02
1.459820000000000029e+01 1.213857863744919159e+05 3.484046302426130524e+02
1.494650000000000034e+01 1.175675127125016879e+05 3.428811932907689766e+02
1.530320000000000036e+01 1.142390268488133879e+05 3.379926431874122841e+02
1.566840000000000011e+01 1.109799773618662002e+05 3.331365746384899467e+02
1.604230000000000089e+01 1.083513650904098031e+05 3.291676853678225143e+02
1.642520000000000024e+01 1.050805262418601924e+05 3.241612657950672087e+02
1.681709999999999994e+01 1.020888740760971559e+05 3.195134959216858306e+02
1.721849999999999881e+01 9.943251102508968324e+04 3.153292105484198373e+02
1.762940000000000040e+01 9.614860238948170445e+04 3.100783810417644872e+02
1.805010000000000048e+01 9.403775964487357123e+04 3.066557673432436104e+02
1.848079999999999856e+01 9.159355207836623595e+04 3.026442665545908426e+02
1.892180000000000106e+01 8.820352171509966138e+04 2.969907771549474660e+02
1.937340000000000018e+01 8.571980181205453118e+04 2.927794422633777458e+02
1.983569999999999922e+01 8.396240666089294245e+04 2.897626729944575459e+02
2.030910000000000082e+01 8.140746195497315784e+04 2.853199291233844974e+02
2.079370000000000118e+01 7.920788366742314247e+04 2.814389519370464541e+02
2.128989999999999938e+01 7.716293297173628525e+04 2.777821682033177240e+02
2.179799999999999827e+01 7.499781443885064800e+04 2.738572884530383362e+02
2.231820000000000093e+01 7.337941466862290690e+04 2.708863500965356934e+02
2.285079999999999956e+01 7.107209760425514833e+04 2.665935063054896546e+02
2.339610000000000056e+01 6.943747513015460572e+04 2.635099146714495078e+02
2.395439999999999969e+01 6.713716395914102031e+04 2.591084019462530250e+02
2.452609999999999957e+01 6.560665727775720006e+04 2.561379653189999317e+02
2.511139999999999972e+01 6.349618370685630362e+04 2.519844910046177802e+02
2.571059999999999945e+01 6.193287192340448382e+04 2.488631590320360942e+02
2.632420000000000115e+01 6.030343028070843138e+04 2.455675676483122913e+02
2.695240000000000080e+01 5.836293254800140130e+04 2.415842141945566084e+02
2.759560000000000102e+01 5.707944589142591576e+04 2.389130509022600677e+02
2.825410000000000110e+01 5.542406213045610639e+04 2.354231554678853229e+02
2.892839999999999989e+01 5.373910285020348238e+04 2.318169597984657457e+02
2.961870000000000047e+01 5.207481529803239391e+04 2.281990694504085582e+02
3.032560000000000144e+01 5.115442281394072779e+04 2.261734352525528777e+02
3.104919999999999902e+01 4.972410619789258635e+04 2.229890270795686149e+02
3.179019999999999868e+01 4.789481849547445745e+04 2.188488485130192771e+02
3.254879999999999995e+01 4.657474395646963239e+04 2.158118253397381068e+02
3.332560000000000144e+01 4.557728349593618623e+04 2.134883685261007145e+02
3.412089999999999890e+01 4.395759544811023807e+04 2.096606673844911768e+02
3.493509999999999849e+01 4.275978602363068785e+04 2.067843950196210585e+02
3.576879999999999882e+01 4.156698420882847859e+04 2.038798278614843298e+02
3.662239999999999895e+01 4.076615048204454797e+04 2.019062913384437934e+02
3.749640000000000128e+01 3.890956761967594502e+04 1.972550826206411045e+02
3.839119999999999777e+01 3.793867343818917288e+04 1.947785240682071901e+02
3.930729999999999791e+01 3.663815389262650569e+04 1.914109555188169054e+02
4.024539999999999651e+01 3.560157328997017612e+04 1.886837918051526231e+02
4.120580000000000354e+01 3.482879317616666231e+04 1.866247389178794265e+02
4.218910000000000338e+01 3.349407285554522969e+04 1.830138597362102360e+02
4.319590000000000174e+01 3.261879464827849733e+04 1.806067403179584971e+02
4.422679999999999723e+01 3.139108542789377680e+04 1.771752957607063763e+02
4.528220000000000312e+01 3.016719676245548544e+04 1.736870656164571187e+02
4.636280000000000001e+01 2.944720629749175714e+04 1.716018831408669598e+02
4.746920000000000073e+01 2.833407506231632942e+04 1.683272855550054032e+02
4.860199999999999676e+01 2.706976424161360774e+04 1.645289161260524793e+02
4.976180000000000092e+01 2.646371008552412968e+04 1.626767041881661839e+02
5.094939999999999714e+01 2.567339365583213294e+04 1.602291910228349536e+02
5.216519999999999868e+01 2.457070070137590301e+04 1.567504408331150501e+02
5.341009999999999991e+01 2.347611690390909644e+04 1.532191792952471587e+02
5.468469999999999942e+01 2.255165888107640058e+04 1.501720975450379854e+02
5.598969999999999914e+01 2.201343156265449943e+04 1.483692406216817687e+02
5.732580000000000098e+01 2.111967087176446876e+04 1.453260846227010461e+02
5.869380000000000308e+01 2.007051357156534505e+04 1.416704400062530453e+02
6.009449999999999648e+01 1.907521157838301588e+04 1.381130391323824824e+02
6.152859999999999729e+01 1.852608759312319307e+04 1.361105712026923698e+02
6.299689999999999657e+01 1.770735531458288824e+04 1.330689870502623364e+02
6.450029999999999575e+01 1.697174128941643357e+04 1.302756358242646684e+02
6.603950000000000387e+01 1.629182378618346593e+04 1.276394288070244585e+02
6.761549999999999727e+01 1.551123711250234919e+04 1.245441171332566341e+02
6.922899999999999920e+01 1.479651663460533200e+04 1.216409332198883249e+02
7.088110000000000355e+01 1.438713193139307259e+04 1.199463710638761853e+02
7.257259999999999422e+01 1.354944544118489284e+04 1.164020852097800400e+02
7.430450000000000443e+01 1.287412646896228398e+04 1.134642078761504536e+02
7.607769999999999300e+01 1.225517171769527158e+04 1.107030790795597994e+02
7.789319999999999311e+01 1.159541683402852686e+04 1.076820172267799194e+02
7.975209999999999866e+01 1.113668083295658107e+04 1.055304734802065667e+02
8.165529999999999688e+01 1.047164871620930535e+04 1.023310740499155713e+02
8.360389999999999588e+01 1.008612424302131330e+04 1.004296980131938568e+02
8.559900000000000375e+01 9.654408780494874009e+03 9.825685106136300817e+01
8.764170000000000016e+01 9.255706520336461836e+03 9.620658252082579054e+01
8.973319999999999652e+01 8.542822766457480611e+03 9.242739186224763159e+01
9.187460000000000093e+01 8.267469147791065552e+03 9.092562426396128217e+01
9.406709999999999638e+01 7.708051480708149938e+03 8.779550945639617510e+01
9.631189999999999429e+01 7.326389220850796846e+03 8.559432937321722079e+01
9.861029999999999518e+01 7.003377194374284045e+03 8.368618281636631195e+01
1.009639999999999986e+02 6.483497039788082475e+03 8.052016542325333148e+01
1.033730000000000047e+02 6.133308918627932144e+03 7.831544495581910326e+01
1.058400000000000034e+02 5.795220031104206100e+03 7.612634255699012442e+01
1.083659999999999997e+02 5.671332222154718693e+03 7.530824803535611522e+01
1.109519999999999982e+02 5.265988837585469810e+03 7.256713331519627275e+01
1.135990000000000038e+02 4.988028626682673348e+03 7.062597699630549641e+01
1.163100000000000023e+02 4.750235243458476361e+03 6.892195037474256480e+01
1.190859999999999985e+02 4.483400931848287655e+03 6.695820287200282905e+01
1.219279999999999973e+02 4.153124921786432424e+03 6.444474316642461531e+01
1.248379999999999939e+02 4.033919593534446449e+03 6.351314504521442927e+01
1.278169999999999931e+02 3.754390718354086857e+03 6.127308314712168169e+01
1.308669999999999902e+02 3.685645636285506953e+03 6.070951849821827295e+01
1.339900000000000091e+02 3.454347796921691952e+03 5.877369987436295418e+01
1.371870000000000118e+02 3.229542086591584393e+03 5.682906022970628612e+01
1.404610000000000127e+02 3.055676180844795908e+03 5.527817092528293585e+01
1.438129999999999882e+02 2.827971645706539675e+03 5.317867660732579793e+01
1.472450000000000045e+02 2.789927185611950335e+03 5.281976131725654255e+01
1.507589999999999861e+02 2.613459591289187301e+03 5.112200691765912097e+01
1.543569999999999993e+02 2.505197249844844919e+03 5.005194551508307654e+01
1.580399999999999920e+02 2.414132422247941122e+03 4.913382157178435250e+01
1.618120000000000118e+02 2.348757305852887384e+03 4.846397946777469912e+01
1.656730000000000018e+02 2.244067157664043862e+03 4.737158597370414981e+01
1.696270000000000095e+02 2.038847984891542410e+03 4.515360433998090173e+01
1.736750000000000114e+02 1.971338253455651284e+03 4.439975510580718776e+01
1.778189999999999884e+02 1.938593386346260786e+03 4.402946043669239629e+01
1.820629999999999882e+02 1.809661578492701892e+03 4.254011728348550037e+01
1.864079999999999870e+02 1.710536120836497275e+03 4.135862813049408970e+01
1.908559999999999945e+02 1.725179519573795460e+03 4.153528042006934129e+01
1.954110000000000014e+02 1.673429395113573719e+03 4.090757136660123905e+01
2.000740000000000123e+02 1.515594717888440528e+03 3.893063983404897499e+01
2.048489999999999895e+02 1.469054693626380640e+03 3.832824928986948265e+01
2.097369999999999948e+02 1.414958660260360375e+03 3.761593625393844320e+01
2.147419999999999902e+02 1.356503437231581756e+03 3.683074038397248273e+01
2.198669999999999902e+02 1.277870542227296482e+03 3.574731517509107448e+01
2.251140000000000043e+02 1.229996025578016315e+03 3.507129917151653586e+01
2.304859999999999900e+02 1.188520184392905321e+03 3.447492109335284738e+01
2.359859999999999900e+02 1.136882962009622815e+03 3.371769508744070265e+01
2.416179999999999950e+02 1.096089594978640434e+03 3.310724384449180491e+01
2.473839999999999861e+02 1.075704515015753486e+03 3.279793461509052577e+01
2.532870000000000061e+02 9.973028096129337428e+02 3.158010148199232248e+01
2.593319999999999936e+02 9.819945159079480845e+02 3.133679172965777582e+01
2.655199999999999818e+02 9.375938711418936009e+02 3.062015465574747353e+01
2.718570000000000277e+02 8.548490939230814547e+02 2.923780248108741731e+01
2.783439999999999941e+02 9.233261460944096370e+02 3.038628220257308143e+01
2.849870000000000232e+02 8.144956440060733485e+02 2.853937007023934669e+01
2.917880000000000109e+02 8.060434463526443096e+02 2.839090428909661057e+01
2.987509999999999764e+02 8.111179350068797476e+02 2.848013228562816579e+01
3.058799999999999955e+02 7.207543383267058061e+02 2.684686831506992988e+01
3.131800000000000068e+02 7.095446043002020815e+02 2.663727847022293105e+01
3.206539999999999964e+02 6.645541265665948458e+02 2.577894735179454244e+01
3.283059999999999832e+02 7.063758787950227997e+02 2.657773276250295069e+01
3.361399999999999864e+02 6.254112962642724369e+02 2.500822457241362073e+01
3.441619999999999777e+02 5.790690927236053085e+02 2.406385448600463306e+01
3.523750000000000000e+02 5.923928783098004942e+02 2.433912238166776021e+01
3.607839999999999918e+02 6.122730506583043280e+02 2.474415184762460740e+01
3.693940000000000055e+02 5.331116351917713700e+02 2.308921036310621488e+01
3.782090000000000032e+02 5.454137593298079310e+02 2.335409512975846269e+01
3.872350000000000136e+02 4.952328436971232577e+02 2.225382761902147877e+01
3.964759999999999991e+02 4.477181781022333666e+02 2.115935202463046494e+01
4.059370000000000118e+02 4.845950315400482964e+02 2.201351929020092513e+01
4.156250000000000000e+02 4.541928232369712077e+02 2.131180009377366602e+01
4.255430000000000064e+02 4.529233588225723111e+02 2.128199611931578872e+01
4.356979999999999791e+02 4.238260471893245835e+02 2.058703590100635594e+01
4.460960000000000036e+02 3.954997471096913841e+02 1.988717544322700803e+01
4.567409999999999854e+02 3.796325937684216569e+02 1.948416263965227913e+01
4.676410000000000196e+02 3.678889416017628946e+02 1.918043121521940364e+01
4.788009999999999877e+02 3.519336217389995909e+02 1.875989396928990161e+01
4.902269999999999754e+02 3.347566061721338428e+02 1.829635499688760092e+01
5.019259999999999877e+02 3.277112248627743156e+02 1.810279605096335231e+01
5.139039999999999964e+02 2.975289427363740060e+02 1.724902729826740000e+01
5.261670000000000300e+02 2.938868459896410172e+02 1.714312824398280810e+01
5.387240000000000464e+02 2.853095229219171074e+02 1.689110780623689934e+01
5.515800000000000409e+02 2.891132891623705632e+02 1.700333170770865721e+01
5.647430000000000518e+02 2.638093891817589451e+02 1.624221010767189100e+01
5.782200000000000273e+02 2.376072567817940353e+02 1.541451448414104419e+01
5.920190000000000055e+02 2.062201713486991821e+02 1.436036807845464658e+01
6.061459999999999582e+02 2.221035940133895963e+02 1.490314040775935212e+01
6.206109999999999900e+02 2.417451651406432518e+02 1.554815632609356157e+01
6.354220000000000255e+02 1.924149808241904793e+02 1.387137270871886230e+01
6.505860000000000127e+02 2.020296924654288659e+02 1.421371494245712164e+01
6.661109999999999900e+02 2.050116938840344005e+02 1.431822942559709055e+01
6.820069999999999482e+02 1.768800913312981322e+02 1.329962748844110010e+01
6.982820000000000391e+02 1.760483047354048836e+02 1.326831958973723502e+01
7.149460000000000264e+02 1.558914714770523631e+02 1.248565062289716465e+01
7.320080000000000382e+02 1.698170838095565784e+02 1.303138840682590427e+01
7.494759999999999991e+02 1.355044951263873827e+02 1.164063980743272531e+01
7.673619999999999663e+02 1.561801478339423568e+02 1.249720560101106592e+01
7.856739999999999782e+02 1.581965508341566817e+02 1.257762103237956097e+01
8.044239999999999782e+02 1.389438908307859890e+02 1.178744632355905964e+01
8.236200000000000045e+02 1.430433533437482367e+02 1.196007330009930314e+01
8.432749999999999773e+02 1.111310856058343717e+02 1.054187296479303804e+01
8.633990000000000009e+02 1.209862348449864982e+02 1.099937429333989414e+01
8.840030000000000427e+02 1.286881753476375820e+02 1.134408107109771890e+01
9.050990000000000464e+02 1.225398550426317854e+02 1.106977213146828021e+01
9.266979999999999791e+02 1.053545390104323332e+02 1.026423591946484493e+01
9.488129999999999882e+02 1.119669633638277162e+02 1.058144429479396287e+01
9.714560000000000173e+02 8.960471692975171720e+01 9.465976808008337073e+00
9.946390000000000100e+02 1.108371722080192114e+02 1.052792345185028466e+01
1.018370000000000005e+03 8.319453852855706089e+01 9.121104019172079802e+00
1.042680000000000064e+03 7.886463406001691112e+01 8.880576223422492532e+00
1.067559999999999945e+03 8.002135350375640144e+01 8.945465527503664305e+00
1.093039999999999964e+03 7.568399643866669635e+01 8.699654960897397871e+00
1.119119999999999891e+03 8.063169692384614962e+01 8.979515405847141807e+00
1.145829999999999927e+03 8.446903118590216764e+01 9.190703519638862673e+00
1.173170000000000073e+03 5.840053503210312158e+01 7.642024275812209666e+00
1.201170000000000073e+03 7.212220672619633888e+01 8.492479421593927214e+00
1.229829999999999927e+03 5.424525057775889536e+01 7.365137512481276794e+00
1.259180000000000064e+03 6.834508665691379292e+01 8.267108724149803578e+00
1.289230000000000018e+03 5.440338290761313544e+01 7.375864892174553766e+00
1.320000000000000000e+03 4.746235286641005757e+01 6.889292624530479081e+00
1.351500000000000000e+03 4.224579660703209782e+01 6.499676654036883328e+00
1.383750000000000000e+03 4.862793166708117099e+01 6.973373048036449973e+00
1.416769999999999982e+03 5.017991161047209658e+01 7.083778060503596485e+00
1.450579999999999927e+03 4.465896711907639371e+01 6.682736499299998023e+00
1.485200000000000045e+03 4.066102780005579831e+01 6.376600018823181060e+00
1.520640000000000100e+03 4.670324184780054821e+01 6.833977015457437965e+00
1.556930000000000064e+03 3.480930454928144968e+01 5.899941063204059866e+00
1.594079999999999927e+03 3.385959442151417420e+01 5.818899760394070420e+00
1.632119999999999891e+03 3.712857095280651265e+01 6.093321832367506907e+00
1.671069999999999936e+03 3.556420522289246122e+01 5.963573192549284308e+00
1.710950000000000045e+03 2.728372975715131687e+01 5.223382980133786546e+00
1.751779999999999973e+03 3.572968907735720023e+01 5.977431645561260609e+00
1.793589999999999918e+03 2.894762006782607955e+01 5.380299254486322624e+00
1.836390000000000100e+03 2.878256851833834418e+01 5.364938817762821444e+00
1.880210000000000036e+03 2.679806437360857174e+01 5.176684689413541207e+00
1.925079999999999927e+03 1.881749493434938714e+01 4.337913661467847071e+00
1.971019999999999982e+03 1.919443532368455507e+01 4.381145435121339915e+00
2.018059999999999945e+03 3.312892933570513776e+01 5.755773565360709831e+00
2.066219999999999800e+03 1.802603998133993457e+01 4.245708419255841193e+00
2.115519999999999982e+03 2.051360364886054555e+01 4.529194591631115152e+00
2.166010000000000218e+03 3.042613281924805335e+01 5.515988834220755699e+00
2.217699999999999818e+03 1.808082418351392207e+01 4.252155239818264043e+00
2.270619999999999891e+03 2.045805044051482113e+01 4.523057642846796789e+00
2.324809999999999945e+03 1.777150275634474141e+01 4.215626021879163687e+00
2.380289999999999964e+03 1.203400014909306037e+01 3.469005642701242564e+00
2.437090000000000146e+03 1.633760522999969922e+01 4.041980359922558996e+00
2.495250000000000000e+03 1.424606375032573169e+01 3.774395812620310320e+00
2.554800000000000182e+03 1.140127524803674142e+01 3.376577445881664197e+00
2.615760000000000218e+03 1.766207847504182027e+01 4.202627567967666344e+00
2.678190000000000055e+03 1.452667635256276135e+01 3.811387720051944594e+00
2.742099999999999909e+03 1.484940280706889126e+01 3.853492287142779915e+00
2.807539999999999964e+03 1.404116140749354713e+01 3.747153774198964893e+00
2.874539999999999964e+03 9.995502855638576989e+00 3.161566519249369822e+00
2.943130000000000109e+03 1.617940605190450754e+01 4.022363242163057961e+00
3.013369999999999891e+03 1.000301115881354264e+01 3.162753730345368108e+00
3.085280000000000200e+03 1.048957720809471539e+01 3.238761678187315418e+00
3.158909999999999854e+03 6.025733081872488128e+00 2.454736866116710381e+00
3.234289999999999964e+03 9.538067268845169977e+00 3.088376154040367361e+00
3.311469999999999800e+03 8.417624397767985656e+00 2.901314253535453691e+00
3.390500000000000000e+03 7.635817430118282623e+00 2.763298288299379735e+00
3.471409999999999854e+03 9.698262603756504063e+00 3.114203365831541781e+00
3.554250000000000000e+03 1.031252888095097475e+01 3.211312641421101954e+00
3.639070000000000164e+03 6.356961210465152945e+00 2.521301491385977034e+00
3.725909999999999854e+03 1.022671449642256647e+01 3.197923466317254881e+00
3.814829999999999927e+03 1.002443641958612552e+01 3.166139039837973623e+00
3.905860000000000127e+03 3.495131094920350456e+00 1.869526970899417329e+00
3.999070000000000164e+03 4.688356830365462358e+00 2.165261376916297831e+00
4.094510000000000218e+03 5.631791328322602652e+00 2.373139550958308419e+00
4.192220000000000255e+03 6.874043910848448569e+00 2.621839795038676257e+00
4.292260000000000218e+03 5.009074006565389148e+00 2.238096067322711935e+00
4.394689999999999600e+03 6.352101382912627159e+00 2.520337553367133054e+00
4.499569999999999709e+03 9.661142541078456603e+00 3.108237851432617660e+00
4.606949999999999818e+03 7.655959471879148381e+00 2.766940453258643462e+00
4.716890000000000327e+03 5.503856160239704032e+00 2.346029871983667636e+00
4.829449999999999818e+03 4.873669065302785874e-01 6.981166854690400436e-01
4.944699999999999818e+03 7.404156318373526169e+00 2.721057941017340109e+00
5.062699999999999818e+03 3.925026019625633023e+00 1.981167842366121423e+00
5.183520000000000437e+03 7.407273565571159679e+00 2.721630681332638080e+00
5.307220000000000255e+03 4.885785380695785385e+00 2.210381274960450337e+00
5.433869999999999891e+03 2.828333267892356950e+00 1.681764926466346788e+00
5.563539999999999964e+03 1.473110369472345083e+00 1.213717582253938110e+00
5.696310000000000400e+03 4.602438485285558656e+00 2.145329458448179238e+00
5.832250000000000000e+03 1.793327816568935251e+00 1.339151901977118975e+00
5.971430000000000291e+03 1.398142721309897141e+00 1.182430852654774434e+00
6.113930000000000291e+03 2.894666540091725970e+00 1.701371958183079292e+00
6.259829999999999927e+03 1.433642527858353777e+00 1.197348123086328542e+00
6.409220000000000255e+03 2.119855377955539577e+00 1.455972313595124579e+00
6.562170000000000073e+03 3.772477691810547373e+00 1.942286717199741108e+00
6.718770000000000437e+03 1.929580575996177494e+00 1.389093436740731713e+00
6.879100000000000364e+03 2.686790029440292216e+00 1.639143077781891611e+00
7.043270000000000437e+03 1.471798710922035403e+00 1.213177114407469892e+00
7.211350000000000364e+03 2.615923738838587642e+00 1.617381754206034028e+00
7.383439999999999600e+03 1.702286816176953321e+00 1.304717140294000099e+00
7.559640000000000327e+03 1.127972324851285846e+00 1.062060414878214898e+00
7.740039999999999964e+03 1.504061145548874157e+00 1.226401706435894523e+00
7.924750000000000000e+03 1.771799601272541214e-01 4.209274998467718576e-01
8.113859999999999673e+03 2.137098424918243644e+00 1.461881809490166662e+00
8.307489999999999782e+03 1.872781632125111173e+00 1.368496120610179556e+00
8.505739999999999782e+03 9.023915718875112901e-01 9.499429308582233444e-01
8.708719999999999345e+03 1.448207405247325941e+00 1.203414893229814542e+00
8.916549999999999272e+03 1.202659763939575521e+00 1.096658453639771880e+00
9.129329999999999927e+03 2.406199813911503504e+00 1.551193029223475905e+00
9.347200000000000728e+03 3.967387899781402716e-01 6.298720425436743486e-01
9.570260000000000218e+03 3.621535056837114075e-01 6.017919122784148867e-01
9.798639999999999418e+03 2.289306916165209316e+00 1.513045576367483269e+00
