1.000000000000000000e+00 4.921626807355294204e+02 2.218473981671927220e+01
1.080471822318128883e+00 4.681512834530614668e+02 2.163680391030665717e+01
1.167419358823458264e+00 4.092295711108128557e+02 2.022942340035456610e+01
1.261363722037443402e+00 3.853140538348380346e+02 1.962941807173197972e+01
1.362867959355774206e+00 3.419752030503169067e+02 1.849257156401772306e+01
1.472540427624122739e+00 3.562578551131023232e+02 1.887479417405928572e+01
1.591038439272152827e+00 3.335943523545373068e+02 1.826456548496397403e+01
1.719072201858574456e+00 3.051192770285924212e+02 1.746766375416564898e+01
1.857409074638572077e+00 2.839633028683900875e+02 1.685121072411089571e+01
2.006878167664967183e+00 2.194769213625772863e+02 1.481475350326752149e+01
2.168375310987434634e+00 2.339450543804187816e+02 1.529526248157967316e+01
2.342868423732232586e+00 2.159755069124955185e+02 1.469610516131725042e+01
2.531403315241567586e+00 2.049230377086418571e+02 1.431513317118083428e+01
2.735109953041209074e+00 1.520275529840386071e+02 1.232994537636069943e+01
2.955209235202886919e+00 1.716526530965285531e+02 1.310162787963879438e+01
3.193020307691027071e+00 1.591978780861457210e+02 1.261736414970043185e+01
3.449968470549716670e+00 1.512649039702874347e+02 1.229897979388076834e+01
3.727593720314939851e+00 1.479824928548922287e+02 1.216480550008475170e+01
4.027559979850296124e+00 1.433971984758960616e+02 1.197485692924537837e+01
4.351665070924416234e+00 1.196928010017586956e+02 1.094042051302228025e+01
4.701851489299852638e+00 1.054464580465141950e+02 1.026871257979860808e+01
5.080218046913020480e+00 8.323733681477256141e+01 9.123449830780709036e+00
5.489032450921556006e+00 7.737905160724564269e+01 8.796536341495192701e+00
5.930744895010558793e+00 6.897893314398717735e+01 8.305355690395636259e+00
6.408002744415999707e+00 9.126273847210252654e+01 9.553153326106649246e+00
6.923666402678725795e+00 6.527939470855483250e+01 8.079566492613006190e+00
7.480826455225085603e+00 6.104264701424348516e+01 7.812979394203179773e+00
8.082822192522716165e+00 6.080374252468936191e+01 7.797675456486333978e+00
8.733261623828433073e+00 5.636291860725357594e+01 7.507524132978433684e+00
9.436043101478887252e+00 4.892607315235379417e+01 6.994717517695320907e+00
1.019537868532730229e+01 5.740440072298792984e+01 7.576569192120397034e+00
1.101581938735899513e+01 4.311483982886110056e+01 6.566189140503119859e+00
1.190228244778715094e+01 4.236249666457774765e+01 6.508647836884228433e+00
1.286008080610566395e+01 4.618277211365147394e+01 6.795790764410825524e+00
1.389495494373137419e+01 3.546594147934080610e+01 5.955328830496331882e+00
1.501310728908173431e+01 3.736574817007338822e+01 6.112752912565122543e+00
1.622123939129172143e+01 3.925385562652034821e+01 6.265289748010091309e+00
1.752659208536758584e+01 1.763022866185124116e+01 4.198836584323238696e+00
1.893698888950360271e+01 2.482428014759697277e+01 4.982397028298424679e+00
2.046088289466012000e+01 2.300149109974248773e+01 4.795986978687754032e+00
2.210740742743124443e+01 1.741909483670497849e+01 4.173618913689290721e+00
2.388643078984598134e+01 2.423444857073895875e+01 4.922849639257628418e+00
2.580861540418074185e+01 1.986832817836427978e+01 4.457390287866239476e+00
2.788548171726290192e+01 2.307884120849306342e+01 4.804044255467789348e+00
3.012947724726990373e+01 1.674847428394802051e+01 4.092489985809130815e+00
3.255405118685032306e+01 1.531232856049409641e+01 3.913097054826789822e+00
3.517373500969380018e+01 1.766887100565312352e+01 4.203435619306322479e+00
3.800422956365883920e+01 1.995896069540931705e+01 4.467545265065516524e+00
4.106249917244298331e+01 8.976844219857646578e+00 2.996138217749249044e+00
4.436687330978611499e+01 3.079799461059900878e+00 1.754935742715356684e+00
4.793715645558216210e+01 1.387320821470468957e+01 3.724675585162376290e+00
5.179474679231209677e+01 1.256394897601232685e+01 3.544566119571241458e+00
5.596276445319552550e+01 1.137824643084670484e+01 3.373165639402652349e+00
6.046619009070435879e+01 7.752163827996750634e+00 2.784270789272615065e+00
6.533201459593773563e+01 1.218374989999707481e+01 3.490522869141108320e+00
7.058940086618741816e+01 6.496987523443312540e+00 2.548918893068846447e+00
7.626985859023443481e+01 9.028870325372555072e+00 3.004807868295834350e+00
8.240743309893657909e+01 7.401243438756404558e+00 2.720522640735857589e+00
8.903890941296729977e+01 4.173048709219399299e+00 2.042804128941245079e+00
9.620403271064755302e+01 7.919327818758816306e+00 2.814130028758233593e+00
1.039457465372262561e+02 1.490967922236019927e+00 1.221051973601459784e+00
1.123104501832951598e+02 1.823314050706867473e+00 1.350301466601761202e+00
1.213482767749143107e+02 4.451076448534800001e+00 2.109757438317211076e+00
1.311133937421564326e+02 5.676875088655680024e+00 2.382619375530989014e+00
1.416643274669020798e+02 8.739463071127873128e-01 9.348509544910286184e-01
1.530643140556358048e+02 1.555575064884795022e+00 1.247226950031466775e+00
1.653816783395673156e+02 2.428594867320431394e+00 1.558394965122908538e+00
1.786902433735828595e+02 1.328462977822165270e+00 1.152589683201340032e+00
1.930697728883249624e+02 2.811465252860303465e+00 1.676742452751853962e+00
2.086064493471956780e+02 4.512753170344554476e-01 6.717702859121229553e-01
2.253933904734791156e+02 1.267816564071334806e+00 1.125973607182395142e+00
2.435312073433414923e+02 3.014695910647755106e+00 1.736287968813858607e+00
2.631286073895942081e+02 5.075740042324061729e-01 7.124422813340082206e-01
2.843030459302661939e+02 2.301454582417443717e+00 1.517054574633834196e+00
3.071814301268696568e+02 2.264909725190652701e+00 1.504961702233865051e+00
3.319008795914677421e+02 1.777864530326372705e+00 1.333365865142186912e+00
3.586095482011828608e+02 1.722877208973150776e+00 1.312584172147885919e+00
3.874675120456128070e+02 2.622021298259098465e+00 1.619265666362100786e+00
4.186477288289951275e+02 1.607319334075944184e+00 1.267800983623196265e+00
4.523370744772100807e+02 1.295280723010575841e+00 1.138104003600099778e+00
4.887374631624422250e+02 1.019534455891838221e+00 1.009719988854255623e+00
5.280670574582636618e+02 9.223074238211304010e-01 9.603683792280597320e-01
5.705615758781020759e+02 1.258296338592990615e+00 1.121738088233162678e+00
6.164757056337160748e+02 2.672699017544628575e-01 5.169815294132498185e-01
6.660846290809154198e+02 2.190339858948606278e+00 1.479979681937764413e+00
7.196856730011521677e+02 2.050243483665168398e+00 1.431867131987171637e+00
7.776000906038035509e+02 2.747228965042827209e-01 5.241401496778154145e-01
8.401749869294335440e+02 3.838812407689102812e-01 6.195815045406941612e-01
9.077853991937548699e+02 2.620752463949881927e-01 5.119328534046122536e-01
9.808365445406670915e+02 1.295684449082735279e+00 1.138281357610118949e+00
1.059766248676070745e+03 5.774940611417418435e-01 7.599303001866302143e-01
1.145047569938281185e+03 2.588423181880328272e-02 1.608857725804344885e-01
1.237191634532159469e+03 4.435833774298593157e-01 6.660205533088744412e-01
1.336750699919707813e+03 7.589644789034286632e-01 8.711856741839988372e-01
1.444321464727280500e+03 5.031158233433962179e-01 7.093065792331241237e-01
1.560548645007073219e+03 6.900210171796039571e-01 8.306750370509541348e-01
1.686128838286880409e+03 5.452917889091650760e-01 7.384387509530936367e-01
1.821814698566974812e+03 3.744698474393863830e-01 6.119394148438114245e-01
1.968419447286611330e+03 1.232448411286850121e+00 1.110156930927717944e+00
2.126821747296208287e+03 2.123352188707199328e-01 4.607984579734614727e-01
2.297970969046962637e+03 1.901428676044598642e-01 4.360537439404228444e-01
2.482892880560327740e+03 2.795809243125637056e-01 5.287541246293627761e-01
2.682695795279724734e+03 3.426277740985311793e-01 5.853441501360812094e-01
2.898577214651064878e+03 3.181754187615211116e-01 5.640704023094290642e-01
3.131831005243844629e+03 3.251963051055885012e-01 5.702598575260128255e-01
3.383855153428233280e+03 2.347529178585322507e-02 1.532164866646315848e-01
3.656160144085193679e+03 3.400588516380129156e-01 5.831456521642023327e-01
3.950378013566640675e+03 1.098732485357934330e+00 1.048204410102311357e+00
4.268272131163821541e+03 3.839220889778570123e-01 6.196144680185066145e-01
4.611747767708256106e+03 2.217819899523033877e-02 1.489234669057578064e-01
4.982863514647300690e+03 3.471560264825155895e-01 5.891994793637512773e-01
5.383843622033483371e+03 6.795190831766058370e-02 2.606758683071001004e-01
5.817091329374357883e+03 6.836861894095871972e-02 2.614739354906311375e-01
6.285203269240097143e+03 2.068564637271489703e-01 4.548147575960447830e-01
6.790985029955706523e+03 3.982527270793524699e-02 1.995627036997024706e-01
7.337467970651380710e+03 3.683656242445020323e-01 6.069313175677311101e-01
7.927927389450597730e+03 1.064366070154269817e-01 3.262462367835481936e-01
8.565902153685490703e+03 1.010637303784556185e-01 3.179052223201997429e-01
9.255215909791344529e+03 7.265028191431988080e-02 2.695371623993987886e-01
1.000000000000000000e+04 1.996268186956122737e-01 4.467961713081394226e-01
