8.095459999999999212e+00 3.365241419747393229e+05 5.801070090722395207e+02
8.288650000000000517e+00 3.241938697692672722e+05 5.693802505964421243e+02
8.486449999999999605e+00 3.143824969115898130e+05 5.606982226756116461e+02
8.688969999999999416e+00 3.023311176986223436e+05 5.498464492007040008e+02
8.896319999999999339e+00 2.919022081230817130e+05 5.402797498732315944e+02
9.108620000000000161e+00 2.817903502526097000e+05 5.308392885352493522e+02
9.325989999999999114e+00 2.726918523949167575e+05 5.221990543795697022e+02
9.548550000000000537e+00 2.628441722438650904e+05 5.126833059929541605e+02
9.776410000000000267e+00 2.531626966127231717e+05 5.031527567376762136e+02
1.000970000000000049e+01 2.443787163915499405e+05 4.943467572378218051e+02
1.024859999999999971e+01 2.365654290213384666e+05 4.863799225105190089e+02
1.049319999999999986e+01 2.284300416511912772e+05 4.779435548798532523e+02
1.074360000000000070e+01 2.204343737502008153e+05 4.695043916197172393e+02
1.100000000000000000e+01 2.125341898949228053e+05 4.610143055209055092e+02
1.126249999999999929e+01 2.057861721696683380e+05 4.536366080572293527e+02
1.153120000000000012e+01 1.975831099459622637e+05 4.445032170254364701e+02
1.180640000000000001e+01 1.914630960506653064e+05 4.375649620921050200e+02
1.208820000000000050e+01 1.844147326026139199e+05 4.294353648718441718e+02
1.237659999999999982e+01 1.788007008795741422e+05 4.228483189981652686e+02
1.267200000000000060e+01 1.721477192537014198e+05 4.149068802197685955e+02
1.297439999999999927e+01 1.663077420246853435e+05 4.078084624240715357e+02
1.328400000000000070e+01 1.604353476617964043e+05 4.005438149089265494e+02
1.360100000000000087e+01 1.546428856672336988e+05 3.932465965106801491e+02
1.392559999999999931e+01 1.507437467953260930e+05 3.882573203370750434e+02
1.425789999999999935e+01 1.450431742663240875e+05 3.808453416628908599e+02
1.459820000000000029e+01 1.396963818077124306e+05 3.737597915877421428e+02
1.494650000000000034e+01 1.348030490810211631e+05 3.671553473409057915e+02
1.530320000000000036e+01 1.302765148179823882e+05 3.609383809156105372e+02
1.566840000000000011e+01 1.263828906535502465e+05 3.555037139799670740e+02
1.604230000000000089e+01 1.213208372814635950e+05 3.483114084859460604e+02
1.642520000000000024e+01 1.176017349632769183e+05 3.429310936081429873e+02
1.681709999999999994e+01 1.138261885955876205e+05 3.373813696628603225e+02
1.721849999999999881e+01 1.095096017654790485e+05 3.309223500543277510e+02
1.762940000000000040e+01 1.058188532551020617e+05 3.252980990646918258e+02
1.805010000000000048e+01 1.033091068313285941e+05 3.214173405890363711e+02
1.848079999999999856e+01 9.921872005027747946e+04 3.149900316681108734e+02
1.892180000000000106e+01 9.580166695036581950e+04 3.095184436352150783e+02
1.937340000000000018e+01 9.278460463656956563e+04 3.046056543082704593e+02
1.983569999999999922e+01 8.931550086144763918e+04 2.988569906517959112e+02
2.030910000000000082e+01 8.658888773163830047e+04 2.942598982730033867e+02
2.079370000000000118e+01 8.378027113373429165e+04 2.894482183979274055e+02
2.128989999999999938e+01 8.087157171455700882e+04 2.843792744110530180e+02
2.179799999999999827e+01 7.768507917384360917e+04 2.787204319274846398e+02
2.231820000000000093e+01 7.519385885860586131e+04 2.742149865682141581e+02
2.285079999999999956e+01 7.266280236784482258e+04 2.695603872378966912e+02
2.339610000000000056e+01 7.091671968816815934e+04 2.663019333166174079e+02
2.395439999999999969e+01 6.780287947483618336e+04 2.603898605453679806e+02
2.452609999999999957e+01 6.588333019772965054e+04 2.566774828412684428e+02
2.511139999999999972e+01 6.406791716345494206e+04 2.531164103005866650e+02
2.571059999999999945e+01 6.157645222548543825e+04 2.481460300417587632e+02
2.632420000000000115e+01 5.981488585152201995e+04 2.445708197057081748e+02
2.695240000000000080e+01 5.802242227903688035e+04 2.408784388006466770e+02
2.759560000000000102e+01 5.572267992884879641e+04 2.360565185053121979e+02
2.825410000000000110e+01 5.433345845081123116e+04 2.330953848766878309e+02
2.892839999999999989e+01 5.244053029636747669e+04 2.289989744439207584e+02
2.961870000000000047e+01 5.114532082872180035e+04 2.261533126636039412e+02
3.032560000000000144e+01 4.897488131866942422e+04 2.213026916209322223e+02
3.104919999999999902e+01 4.720486229345548054e+04 2.172667997956785939e+02
3.179019999999999868e+01 4.642467420517370192e+04 2.154638582342145412e+02
3.254879999999999995e+01 4.425443406565557962e+04 2.103673788058775642e+02
3.332560000000000144e+01 4.316172926324075524e+04 2.077540114251485477e+02
3.412089999999999890e+01 4.198743144123034290e+04 2.049083488812262601e+02
3.493509999999999849e+01 4.057939004022091831e+04 2.014432675475179906e+02
3.576879999999999882e+01 3.926119298239379714e+04 1.981443740871635271e+02
3.662239999999999895e+01 3.770581213228472188e+04 1.941798448147611396e+02
3.749640000000000128e+01 3.673351457377874613e+04 1.916598929713223640e+02
3.839119999999999777e+01 3.559233465629429702e+04 1.886593084273720535e+02
3.930729999999999791e+01 3.507865855382139853e+04 1.872929751854601648e+02
4.024539999999999651e+01 3.348616517322107393e+04 1.829922544077236921e+02
4.120580000000000354e+01 3.279396387293568841e+04 1.810910375279121638e+02
4.218910000000000338e+01 3.157120918987343975e+04 1.776828894122150473e+02
4.319590000000000174e+01 3.056960023117513992e+04 1.748416432980859838e+02
4.422679999999999723e+01 2.973443547313453018e+04 1.724367578944075774e+02
4.528220000000000312e+01 2.888546770163633846e+04 1.699572525714520452e+02
4.636280000000000001e+01 2.778987161316552374e+04 1.667029442246462736e+02
4.746920000000000073e+01 2.716341556334950292e+04 1.648132748395877911e+02
4.860199999999999676e+01 2.610020614713192481e+04 1.615555822221315907e+02
4.976180000000000092e+01 2.542588330082332322e+04 1.594549569653553363e+02
5.094939999999999714e+01 2.432972727050397953e+04 1.559798938020666128e+02
5.216519999999999868e+01 2.388745941379161013e+04 1.545556838611625210e+02
5.341009999999999991e+01 2.303829124717212107e+04 1.517836988848674764e+02
5.468469999999999942e+01 2.241290444721914537e+04 1.497093999961897737e+02
5.598969999999999914e+01 2.181869424348814209e+04 1.477115237328765147e+02
5.732580000000000098e+01 2.136146002397379925e+04 1.461556020957588942e+02
5.869380000000000308e+01 2.052345027733362440e+04 1.432600791474499431e+02
6.009449999999999648e+01 1.992302738704186413e+04 1.411489546083918469e+02
6.152859999999999729e+01 1.896256770491397037e+04 1.377046393732396155e+02
6.299689999999999657e+01 1.894976289877005183e+04 1.376581377862204363e+02
6.450029999999999575e+01 1.809727491656105121e+04 1.345261123966683670e+02
6.603950000000000387e+01 1.754165380327788444e+04 1.324449085592869721e+02
6.761549999999999727e+01 1.708426369230070486e+04 1.307067851808034789e+02
6.922899999999999920e+01 1.659640576342210625e+04 1.288270381690975057e+02
7.088110000000000355e+01 1.609303295563967549e+04 1.268583184329655040e+02
7.257259999999999422e+01 1.551286059556735745e+04 1.245506346654538561e+02
7.430450000000000443e+01 1.544880029934933918e+04 1.242932029491127821e+02
7.607769999999999300e+01 1.493855099639164473e+04 1.222233651819145592e+02
7.789319999999999311e+01 1.414545356324328168e+04 1.189346608993496091e+02
7.975209999999999866e+01 1.389390280008788432e+04 1.178724005019321055e+02
8.165529999999999688e+01 1.316997250974896815e+04 1.147605006513520181e+02
8.360389999999999588e+01 1.316824978362100228e+04 1.147529946607974267e+02
8.559900000000000375e+01 1.294146480974527731e+04 1.137605591131885916e+02
8.764170000000000016e+01 1.218826305159503499e+04 1.104004667181938828e+02
8.973319999999999652e+01 1.173368249048093639e+04 1.083221237350936406e+02
9.187460000000000093e+01 1.140094087106118423e+04 1.067751884618387521e+02
9.406709999999999638e+01 1.125254969460731809e+04 1.060780358726881758e+02
9.631189999999999429e+01 1.082957443181985764e+04 1.040652412278944183e+02
9.861029999999999518e+01 1.048995568727483078e+04 1.024204847053304661e+02
1.009639999999999986e+02 1.028723705380697902e+04 1.014260176375222784e+02
1.033730000000000047e+02 9.585289671105712841e+03 9.790449259919441261e+01
1.058400000000000034e+02 9.370971545301426886e+03 9.680377856933802150e+01
1.083659999999999997e+02 9.322717229684967606e+03 9.655421911902642762e+01
1.109519999999999982e+02 8.832525178552283251e+03 9.398151508968284418e+01
1.135990000000000038e+02 8.617620544280398462e+03 9.283113994926701196e+01
1.163100000000000023e+02 8.403873166502256936e+03 9.167264131954668471e+01
1.190859999999999985e+02 7.951672751914888977e+03 8.917215233420627385e+01
1.219279999999999973e+02 7.757610370715329736e+03 8.807729770329770247e+01
1.248379999999999939e+02 7.394884592182505003e+03 8.599351482630829935e+01
1.278169999999999931e+02 7.054484455685441390e+03 8.399097841843159529e+01
1.308669999999999902e+02 6.815861470526398080e+03 8.255823078607242849e+01
1.339900000000000091e+02 6.647222424663662423e+03 8.153049996574081604e+01
1.371870000000000118e+02 6.373978813059587992e+03 7.983720193656330366e+01
1.404610000000000127e+02 6.093493066901874045e+03 7.806082927372648328e+01
1.438129999999999882e+02 5.834163819962016532e+03 7.638169820030199730e+01
1.472450000000000045e+02 5.716496828603375434e+03 7.560751833384941278e+01
1.507589999999999861e+02 5.466018595873217237e+03 7.393252731966639146e+01
1.543569999999999993e+02 5.209950766179917082e+03 7.217998868232051279e+01
1.580399999999999920e+02 5.053396774049947453e+03 7.108724761903465605e+01
1.618120000000000118e+02 4.788742497427781927e+03 6.920074058438812870e+01
1.656730000000000018e+02 4.560226304286044979e+03 6.752944768237072992e+01
1.696270000000000095e+02 4.427942887760097619e+03 6.654278990063534138e+01
1.736750000000000114e+02 4.216313232082799914e+03 6.493314432616674026e+01
1.778189999999999884e+02 4.111943537084612217e+03 6.412443790852761083e+01
1.820629999999999882e+02 3.785804303342456478e+03 6.152888998952001742e+01
1.864079999999999870e+02 3.794075718479681655e+03 6.159606901807681112e+01
1.908559999999999945e+02 3.494469372491254944e+03 5.911403701737223315e+01
1.954110000000000014e+02 3.420874094314795002e+03 5.848823894010482860e+01
2.000740000000000123e+02 3.238020618582695533e+03 5.690360813325193590e+01
2.048489999999999895e+02 3.067245033615174179e+03 5.538271421314753695e+01
2.097369999999999948e+02 2.858769574153161102e+03 5.346746276150722110e+01
2.147419999999999902e+02 2.856565250226675744e+03 5.344684509142401652e+01
2.198669999999999902e+02 2.739362044275935659e+03 5.233891519964791428e+01
2.251140000000000043e+02 2.496692914317877694e+03 4.996691819912328469e+01
2.304859999999999900e+02 2.419507865966065310e+03 4.918849322723826845e+01
2.359859999999999900e+02 2.252271925478356479e+03 4.745810705747076241e+01
2.416179999999999950e+02 2.211908414428861761e+03 4.703093040148006310e+01
2.473839999999999861e+02 2.097440305297774557e+03 4.579781987494354922e+01
2.532870000000000061e+02 1.899739789427405640e+03 4.358600451323114555e+01
2.593319999999999936e+02 1.854998801199947820e+03 4.306969701774030312e+01
2.655199999999999818e+02 1.711568301073555403e+03 4.137110466344300619e+01
2.718570000000000277e+02 1.619627892745249937e+03 4.024460078998485812e+01
2.783439999999999941e+02 1.524082772963123944e+03 3.903950272433198165e+01
2.849870000000000232e+02 1.504277331159127243e+03 3.878501426013824727e+01
2.917880000000000109e+02 1.427737680638305619e+03 3.778541624275569433e+01
2.987509999999999764e+02 1.448772269883011859e+03 3.806274122922588532e+01
3.058799999999999955e+02 1.301317472889130840e+03 3.607377818983106010e+01
3.131800000000000068e+02 1.205040868430691717e+03 3.471369857031503159e+01
3.206539999999999964e+02 1.159488636003168267e+03 3.405126482236993724e+01
3.283059999999999832e+02 1.017682276573343870e+03 3.190113284153626694e+01
3.361399999999999864e+02 1.048412470489912948e+03 3.237919811375681434e+01
3.441619999999999777e+02 9.721016096495188776e+02 3.117854405916861893e+01
3.523750000000000000e+02 9.089744179836064859e+02 3.014920260941583408e+01
3.607839999999999918e+02 8.339959776003472598e+02 2.887898851414895418e+01
3.693940000000000055e+02 8.169369458991718602e+02 2.858210884275636943e+01
3.782090000000000032e+02 7.542095494492132275e+02 2.746287584083671973e+01
3.872350000000000136e+02 7.300053065523439955e+02 2.701861037419104505e+01
3.964759999999999991e+02 6.567288867590071959e+02 2.562672212279610306e+01
4.059370000000000118e+02 6.725809975995498462e+02 2.593416660699837806e+01
4.156250000000000000e+02 6.672425046300456870e+02 2.583103762201676901e+01
4.255430000000000064e+02 6.092180362971638488e+02 2.468234260148667047e+01
4.356979999999999791e+02 5.225238068356427448e+02 2.285877964449639421e+01
4.460960000000000036e+02 5.675540180708856042e+02 2.382339224524680432e+01
4.567409999999999854e+02 5.093470314939887089e+02 2.256871798516674232e+01
4.676410000000000196e+02 4.664194612379312161e+02 2.159674654289231555e+01
4.788009999999999877e+02 4.777139600841370566e+02 2.185666854953282012e+01
4.902269999999999754e+02 4.306642413556465954e+02 2.075245145412094772e+01
5.019259999999999877e+02 4.768983315598627541e+02 2.183800200475910813e+01
5.139039999999999964e+02 4.330018613329481241e+02 2.080869677161325981e+01
5.261670000000000300e+02 3.818306406022846318e+02 1.954048721506924480e+01
5.387240000000000464e+02 3.536159485974038716e+02 1.880467890173623502e+01
5.515800000000000409e+02 3.591808940924970557e+02 1.895206833283631553e+01
5.647430000000000518e+02 3.241341996961422183e+02 1.800372738340986345e+01
5.782200000000000273e+02 3.117456201788313592e+02 1.765631955359982186e+01
5.920190000000000055e+02 3.242934202296951867e+02 1.800814871744719881e+01
6.061459999999999582e+02 2.898105684469649077e+02 1.702382355544619941e+01
6.206109999999999900e+02 2.529645025572250461e+02 1.590485782889067679e+01
6.354220000000000255e+02 2.830632210717533894e+02 1.682448278764471894e+01
6.505860000000000127e+02 2.502454556909067094e+02 1.581914838703103854e+01
6.661109999999999900e+02 2.443054565537852341e+02 1.563027371973329238e+01
6.820069999999999482e+02 1.946667122581202989e+02 1.395230132480374330e+01
6.982820000000000391e+02 2.596083323804553515e+02 1.611236582195350309e+01
7.149460000000000264e+02 1.909305213384176056e+02 1.381776108269417236e+01
7.320080000000000382e+02 2.034862926339750402e+02 1.426486216666586060e+01
7.494759999999999991e+02 1.659992524303434038e+02 1.288406971536336521e+01
7.673619999999999663e+02 1.907739314260375068e+02 1.381209366555402163e+01
7.856739999999999782e+02 1.871783317295915481e+02 1.368131323117746412e+01
8.044239999999999782e+02 1.793321446616610331e+02 1.339149523621843407e+01
8.236200000000000045e+02 1.404645437485373520e+02 1.185177386506076402e+01
8.432749999999999773e+02 1.745203434679328041e+02 1.321061480279902867e+01
8.633990000000000009e+02 1.519609167552298175e+02 1.232724286915893508e+01
8.840030000000000427e+02 1.591296965145034790e+02 1.261466196592296640e+01
9.050990000000000464e+02 1.321193228280530434e+02 1.149431697962315013e+01
9.266979999999999791e+02 1.298239057473800528e+02 1.139402939031579187e+01
9.488129999999999882e+02 1.072906348019275811e+02 1.035811926953573803e+01
9.714560000000000173e+02 1.229556453923586901e+02 1.108853666596087351e+01
9.946390000000000100e+02 1.466350112212614363e+02 1.210929441467426848e+01
1.018370000000000005e+03 1.214293853951350997e+02 1.101950023345592022e+01
1.042680000000000064e+03 1.262159200900337908e+02 1.123458588867581653e+01
1.067559999999999945e+03 1.075475037446130671e+02 1.037051125762915582e+01
1.093039999999999964e+03 9.452434137369621681e+01 9.722362952168378314e+00
1.119119999999999891e+03 8.418999288513589363e+01 9.175510497249506514e+00
1.145829999999999927e+03 9.525246903703619239e+01 9.759737139751059942e+00
1.173170000000000073e+03 9.015598231002454099e+01 9.495050411136558566e+00
1.201170000000000073e+03 6.824233934333669538e+01 8.260892163885005246e+00
1.229829999999999927e+03 8.012270086167400507e+01 8.951128468616346368e+00
1.259180000000000064e+03 6.756224539207765645e+01 8.219625623596105157e+00
1.289230000000000018e+03 8.484178360468771984e+01 9.210959971940368973e+00
1.320000000000000000e+03 6.122579031853425136e+01 7.824691068568410124e+00
1.351500000000000000e+03 6.553056133856333076e+01 8.095094893734312791e+00
1.383750000000000000e+03 6.788773018883851762e+01 8.239401081925707970e+00
1.416769999999999982e+03 5.150650602955276014e+01 7.176803329446387991e+00
1.450579999999999927e+03 4.313373058383782421e+01 6.567627469934468110e+00
1.485200000000000045e+03 6.093338622186386999e+01 7.805984000871630357e+00
1.520640000000000100e+03 5.411755910270468206e+01 7.356463763433127134e+00
1.556930000000000064e+03 4.363245226298656121e+01 6.605486527348803705e+00
1.594079999999999927e+03 4.171262806464312689e+01 6.458531417020678234e+00
1.632119999999999891e+03 3.385511949380305907e+01 5.818515231036442081e+00
1.671069999999999936e+03 3.542471497319377249e+01 5.951866511708219676e+00
1.710950000000000045e+03 4.606467846710440028e+01 6.787096468085922041e+00
1.751779999999999973e+03 3.638933816196072257e+01 6.032357595663632388e+00
1.793589999999999918e+03 3.208825886101709557e+01 5.664649932786411490e+00
1.836390000000000100e+03 2.669682394158014560e+01 5.166896935451697814e+00
1.880210000000000036e+03 3.560962657424799005e+01 5.967380210297311471e+00
1.925079999999999927e+03 3.515390685003179527e+01 5.929073017768612175e+00
1.971019999999999982e+03 3.053718170583992020e+01 5.526045756763141803e+00
2.018059999999999945e+03 2.426319433863769959e+01 4.925768400832270189e+00
2.066219999999999800e+03 2.905891478404294759e+01 5.390632132138395427e+00
2.115519999999999982e+03 2.891619698537571281e+01 5.377378263185110363e+00
2.166010000000000218e+03 1.959466380764464333e+01 4.426586021715227304e+00
2.217699999999999818e+03 1.847536319936443050e+01 4.298297709485050078e+00
2.270619999999999891e+03 2.081907849886336237e+01 4.562792839792681576e+00
2.324809999999999945e+03 1.344448525370242642e+01 3.666672231561259654e+00
2.380289999999999964e+03 2.421840603011553483e+01 4.921219973758085509e+00
2.437090000000000146e+03 1.476743736116547723e+01 3.842842354451386555e+00
2.495250000000000000e+03 9.508935055194704944e+00 3.083656118180933881e+00
2.554800000000000182e+03 1.345075324092934999e+01 3.667526856197422802e+00
2.615760000000000218e+03 2.421220564802387543e+01 4.920589969508115225e+00
2.678190000000000055e+03 1.840440042877828830e+01 4.290035014866229623e+00
2.742099999999999909e+03 1.742742014076477020e+01 4.174616166878671208e+00
2.807539999999999964e+03 1.597693632799102659e+01 3.997116001317828626e+00
2.874539999999999964e+03 1.335045969086623252e+01 3.653828087207474429e+00
2.943130000000000109e+03 1.633738563433069757e+01 4.041953195465119997e+00
3.013369999999999891e+03 8.909420065610724748e+00 2.984865167073837089e+00
3.085280000000000200e+03 1.198703386123126258e+01 3.462229608392727975e+00
3.158909999999999854e+03 7.571469345081415447e+00 2.751630306760233236e+00
3.234289999999999964e+03 1.280258717700774618e+01 3.578070314709836275e+00
3.311469999999999800e+03 1.394033462161043424e+01 3.733675752072002751e+00
3.390500000000000000e+03 1.040231613635917363e+01 3.225262181026400388e+00
3.471409999999999854e+03 4.826942565213221847e+00 2.197030396970697907e+00
3.554250000000000000e+03 1.276502934091192643e+01 3.572818123122408096e+00
3.639070000000000164e+03 2.960486370843962156e+00 1.720606396258006043e+00
3.725909999999999854e+03 7.443184075646834152e+00 2.728219946347221203e+00
3.814829999999999927e+03 1.245809180498203617e+01 3.529602216253559188e+00
3.905860000000000127e+03 6.979779191694394314e+00 2.641927173805969087e+00
3.999070000000000164e+03 5.814263900911548433e+00 2.411278478507107081e+00
4.094510000000000218e+03 6.761759503824741557e+00 2.600338344105386224e+00
4.192220000000000255e+03 2.441657067890914856e+00 1.562580259663776339e+00
4.292260000000000218e+03 8.066061549743826831e+00 2.840081257595251873e+00
4.394689999999999600e+03 7.762085017564610112e+00 2.786051869144688276e+00
4.499569999999999709e+03 6.840568658016268344e-01 8.270773034013367830e-01
4.606949999999999818e+03 2.295239847272121825e+00 1.515004900081884820e+00
4.716890000000000327e+03 1.172347532948094795e-01 3.423956093392692690e-01
4.829449999999999818e+03 4.775664219812693290e+00 2.185329316101510155e+00
5.062699999999999818e+03 2.978563836971342305e+00 1.725851626580727327e+00
5.183520000000000437e+03 4.685550307278886883e+00 2.164613200384513547e+00
5.307220000000000255e+03 2.556915580873877936e+00 1.599035828514757895e+00
5.433869999999999891e+03 2.269596842271718984e+00 1.506518118799677453e+00
5.696310000000000400e+03 5.217393553370309078e+00 2.284161455188820078e+00
5.832250000000000000e+03 6.156466739392321585e+00 2.481222831466839640e+00
5.971430000000000291e+03 5.430000276266618187e+00 2.330236098824884916e+00
6.113930000000000291e+03 1.900702394513895888e+00 1.378659636935054333e+00
6.259829999999999927e+03 2.006464835550389569e+00 1.416497382825111284e+00
6.409220000000000255e+03 1.868126218814182282e+00 1.366794139149777765e+00
6.562170000000000073e+03 1.325804770710078628e+00 1.151435960316542495e+00
6.718770000000000437e+03 1.828779383394935509e+00 1.352323697712546791e+00
6.879100000000000364e+03 4.152699325863800084e+00 2.037817294524658873e+00
7.043270000000000437e+03 1.920276493253945338e+00 1.385740413372557045e+00
7.211350000000000364e+03 3.246886582243977415e+00 1.801911924108383634e+00
7.383439999999999600e+03 1.627527428909269380e+00 1.275745832409132197e+00
7.559640000000000327e+03 1.048844596249924876e+00 1.024131142115073612e+00
7.740039999999999964e+03 2.176687108179820029e-02 1.475359992740693793e-01
7.924750000000000000e+03 3.378863800147358099e+00 1.838168599489001798e+00
8.113859999999999673e+03 4.207065115618564555e-01 6.486189263056209020e-01
8.505739999999999782e+03 1.697780807318043372e-01 4.120413580355791749e-01
8.916549999999999272e+03 6.911543445048348167e-01 8.313569296666954989e-01
9.129329999999999927e+03 1.082101691801818033e+00 1.040241170018673111e+00
9.347200000000000728e+03 2.328309211222324038e+00 1.525879815458060174e+00
9.570260000000000218e+03 2.222718886531898086e+00 1.490878561966700877e+00
9.798639999999999418e+03 5.085227817626738478e-01 7.131078331940224890e-01
