8.095459999999999212e+00 3.175182932380731800e+05 5.634876158693048183e+02
8.288650000000000517e+00 3.085772601305968710e+05 5.554973088419033047e+02
8.486449999999999605e+00 2.999786235478933668e+05 5.477030432158409212e+02
8.688969999999999416e+00 2.925161267508669989e+05 5.408476003005532675e+02
8.896319999999999339e+00 2.845999118238632800e+05 5.334790640914254709e+02
9.108620000000000161e+00 2.766970295643471181e+05 5.260199897003412843e+02
9.325989999999999114e+00 2.698648044024006231e+05 5.194851339570755044e+02
9.548550000000000537e+00 2.631416699602946755e+05 5.129733618427907231e+02
9.776410000000000267e+00 2.555018985405128042e+05 5.054719562354699178e+02
1.000970000000000049e+01 2.486367688533689943e+05 4.986349053700201921e+02
1.024859999999999971e+01 2.414159308922225609e+05 4.913409517760783842e+02
1.049319999999999986e+01 2.353563350892517192e+05 4.851353781051756187e+02
1.074360000000000070e+01 2.283490851400611864e+05 4.778588548306510120e+02
1.100000000000000000e+01 2.215273285475535668e+05 4.706668976543321605e+02
1.126249999999999929e+01 2.162857347633701866e+05 4.650653016119028962e+02
1.153120000000000012e+01 2.107589609753621044e+05 4.590849169547635142e+02
1.180640000000000001e+01 2.039625846148676355e+05 4.516221701985716663e+02
1.208820000000000050e+01 1.983480793405936565e+05 4.453628625520920536e+02
1.237659999999999982e+01 1.932017301603092637e+05 4.395471876378112484e+02
1.267200000000000060e+01 1.879186398363320332e+05 4.334958360080659645e+02
1.297439999999999927e+01 1.820069440887345700e+05 4.266227186739292279e+02
1.328400000000000070e+01 1.780944477924179228e+05 4.220123787194137890e+02
1.360100000000000087e+01 1.727924173080668552e+05 4.156830731555795069e+02
1.392559999999999931e+01 1.679049098154623935e+05 4.097620160720883291e+02
1.425789999999999935e+01 1.637819483282593719e+05 4.046998249669245524e+02
1.459820000000000029e+01 1.592519035039858427e+05 3.990637837539080124e+02
1.494650000000000034e+01 1.545583469676366949e+05 3.931390936648716092e+02
1.530320000000000036e+01 1.507629795389118080e+05 3.882820875844156490e+02
1.566840000000000011e+01 1.465475075206031324e+05 3.828152394048637461e+02
1.604230000000000089e+01 1.415796987880037341e+05 3.762707785465192387e+02
1.642520000000000024e+01 1.385128422950140666e+05 3.721731348378252733e+02
1.681709999999999994e+01 1.340652863970089820e+05 3.661492679181661174e+02
1.721849999999999881e+01 1.310289159023386601e+05 3.619791650113838273e+02
1.762940000000000040e+01 1.274131696335289453e+05 3.569498138863907002e+02
1.805010000000000048e+01 1.235702146882904490e+05 3.515255533930505862e+02
1.848079999999999856e+01 1.195344128182901477e+05 3.457374911956904953e+02
1.892180000000000106e+01 1.168808793800694257e+05 3.418784570283266930e+02
1.937340000000000018e+01 1.131213349059776374e+05 3.363351526468466659e+02
1.983569999999999922e+01 1.095026029556091671e+05 3.309117751842765074e+02
2.030910000000000082e+01 1.067749513989941624e+05 3.267643667828457978e+02
2.079370000000000118e+01 1.033513215031425498e+05 3.214830034436386086e+02
2.128989999999999938e+01 1.012506593662731611e+05 3.181990876263996597e+02
2.179799999999999827e+01 9.792898663106099411e+04 3.129360743523523638e+02
2.231820000000000093e+01 9.495852868120554194e+04 3.081534174420357317e+02
2.285079999999999956e+01 9.186186675074241066e+04 3.030872263074483612e+02
2.339610000000000056e+01 8.993944709126002272e+04 2.998990615044668857e+02
2.395439999999999969e+01 8.764215091931761708e+04 2.960441705545265449e+02
2.452609999999999957e+01 8.443097872048911813e+04 2.905700926119016572e+02
2.511139999999999972e+01 8.216272740131130558e+04 2.866404148080156915e+02
2.571059999999999945e+01 7.954242069503193488e+04 2.820326589156509840e+02
2.632420000000000115e+01 7.730963050511507026e+04 2.780460942094225061e+02
2.695240000000000080e+01 7.412585988172251382e+04 2.722606469575111419e+02
2.759560000000000102e+01 7.277094476142489293e+04 2.697609029519009027e+02
2.825410000000000110e+01 7.060964601660640619e+04 2.657247561229597181e+02
2.892839999999999989e+01 6.791512240849304362e+04 2.606053000391455043e+02
2.961870000000000047e+01 6.632764851274936518e+04 2.575415471584135503e+02
3.032560000000000144e+01 6.455816701354865654e+04 2.540829923736507396e+02
3.104919999999999902e+01 6.186988245875298890e+04 2.487365724190011065e+02
3.179019999999999868e+01 6.015504838986560935e+04 2.452652612782038659e+02
3.254879999999999995e+01 5.877533659886645182e+04 2.424362526497768897e+02
3.332560000000000144e+01 5.640848566894183023e+04 2.375047066248200167e+02
3.412089999999999890e+01 5.487907715429077507e+04 2.342628377577006518e+02
3.493509999999999849e+01 5.326783228351547586e+04 2.307982501742928605e+02
3.576879999999999882e+01 5.144576768530254049e+04 2.268165948190355437e+02
3.662239999999999895e+01 4.995504011454425927e+04 2.235062417798309582e+02
3.749640000000000128e+01 4.827156480699257372e+04 2.197079079300346223e+02
3.839119999999999777e+01 4.636371109844642342e+04 2.153223423113505532e+02
3.930729999999999791e+01 4.488551117316287855e+04 2.118620097449348805e+02
4.024539999999999651e+01 4.332827778554605175e+04 2.081544565594165874e+02
4.120580000000000354e+01 4.177970914870082197e+04 2.044008540801648053e+02
4.218910000000000338e+01 4.103343792367552669e+04 2.025671195522005803e+02
4.319590000000000174e+01 3.953411415069939540e+04 1.988318740813438978e+02
4.422679999999999723e+01 3.784255729377328680e+04 1.945316357145368897e+02
4.528220000000000312e+01 3.647035928284249530e+04 1.909721426879912656e+02
4.636280000000000001e+01 3.566360257669358543e+04 1.888480939186138130e+02
4.746920000000000073e+01 3.398187288835311483e+04 1.843417285596322017e+02
4.860199999999999676e+01 3.276701709483975355e+04 1.810166210458027365e+02
4.976180000000000092e+01 3.176052389932245933e+04 1.782148251389947120e+02
5.094939999999999714e+01 3.088897240363510718e+04 1.757525886114770799e+02
5.216519999999999868e+01 2.970596352334530093e+04 1.723541804637917778e+02
5.341009999999999991e+01 2.866328985342906162e+04 1.693023622204636069e+02
5.468469999999999942e+01 2.750778954668542428e+04 1.658547242217882172e+02
5.598969999999999914e+01 2.631879608895290949e+04 1.622306878767174112e+02
5.732580000000000098e+01 2.541672806706149277e+04 1.594262464811283735e+02
5.869380000000000308e+01 2.433065301477249523e+04 1.559828612853748666e+02
6.009449999999999648e+01 2.350303398365250541e+04 1.533069926117282762e+02
6.152859999999999729e+01 2.253983488556819066e+04 1.501327242328207205e+02
6.299689999999999657e+01 2.163989704966379577e+04 1.471050544667442637e+02
6.450029999999999575e+01 2.105171369100038646e+04 1.450920869344720074e+02
6.603950000000000387e+01 2.021523490850078088e+04 1.421802901547917770e+02
6.761549999999999727e+01 1.940787074744132406e+04 1.393121342433649090e+02
6.922899999999999920e+01 1.881283010223868041e+04 1.371598705971928212e+02
7.088110000000000355e+01 1.779581682800292037e+04 1.334009626202259540e+02
7.257259999999999422e+01 1.708293492286012406e+04 1.307017020656583668e+02
7.430450000000000443e+01 1.630824607496556200e+04 1.277037433866586440e+02
7.607769999999999300e+01 1.581977535221939979e+04 1.257766884292133085e+02
7.789319999999999311e+01 1.524819605519003380e+04 1.234835861772326098e+02
7.975209999999999866e+01 1.459554888556600781e+04 1.208120394893075513e+02
8.165529999999999688e+01 1.404047437262261883e+04 1.184925076645043305e+02
8.360389999999999588e+01 1.346719748926493230e+04 1.160482550031017581e+02
8.559900000000000375e+01 1.279631849314184910e+04 1.131208137043835507e+02
8.764170000000000016e+01 1.225434040554866988e+04 1.106993243229093480e+02
8.973319999999999652e+01 1.172525814834573976e+04 1.082832311502835552e+02
9.187460000000000093e+01 1.121705050096761624e+04 1.059105778521088865e+02
9.406709999999999638e+01 1.051759945614562093e+04 1.025553482571514650e+02
9.631189999999999429e+01 1.037995414232828989e+04 1.018820599631175980e+02
9.861029999999999518e+01 9.716479784841098081e+03 9.857220594488640586e+01
1.009639999999999986e+02 9.381550020479773593e+03 9.685840190959054041e+01
1.033730000000000047e+02 8.877739705947768016e+03 9.422175813445517178e+01
1.058400000000000034e+02 8.584568047062723053e+03 9.265294408200271903e+01
1.083659999999999997e+02 8.269137463818329707e+03 9.093479787088290323e+01
1.109519999999999982e+02 7.735861928344747867e+03 8.795374880211046786e+01
1.135990000000000038e+02 7.463038325405958858e+03 8.638887848216319298e+01
1.163100000000000023e+02 7.085833686053365454e+03 8.417739415100329836e+01
1.190859999999999985e+02 6.956058282211814912e+03 8.340298724992896950e+01
1.219279999999999973e+02 6.363788180508349797e+03 7.977335507867492481e+01
1.248379999999999939e+02 6.205293818903438478e+03 7.877368735119257792e+01
1.278169999999999931e+02 5.944285301115667608e+03 7.709919131298114792e+01
1.308669999999999902e+02 5.616303090730079930e+03 7.494199817679056252e+01
1.339900000000000091e+02 5.388831759887020780e+03 7.340866270330103305e+01
1.371870000000000118e+02 5.276329510143681546e+03 7.263834738031752636e+01
1.404610000000000127e+02 4.928922830842405347e+03 7.020628768737459779e+01
1.438129999999999882e+02 4.633623962762020710e+03 6.807072764971753998e+01
1.472450000000000045e+02 4.508372301975134178e+03 6.714441378085845713e+01
1.507589999999999861e+02 4.271986426044382824e+03 6.536043471431614194e+01
1.543569999999999993e+02 4.189965293739154731e+03 6.472994124622047707e+01
1.580399999999999920e+02 3.927479514387679046e+03 6.266960598557867712e+01
1.618120000000000118e+02 3.635017601003467462e+03 6.029110714693724304e+01
1.656730000000000018e+02 3.472104186134268275e+03 5.892456352094827565e+01
1.696270000000000095e+02 3.356830574449486448e+03 5.793816164195656171e+01
1.736750000000000114e+02 3.175311310469785894e+03 5.634990071393015398e+01
1.778189999999999884e+02 3.119766892588515475e+03 5.585487349004127111e+01
1.820629999999999882e+02 2.861320842194452780e+03 5.349131557733883824e+01
1.864079999999999870e+02 2.873347724867406214e+03 5.360361671442894504e+01
1.908559999999999945e+02 2.705065093650661765e+03 5.201024027680185213e+01
1.954110000000000014e+02 2.546385517139814510e+03 5.046172328745635127e+01
2.000740000000000123e+02 2.419463873887168120e+03 4.918804604664804003e+01
2.048489999999999895e+02 2.358686872770582340e+03 4.856631417732441491e+01
2.097369999999999948e+02 2.330881427543791233e+03 4.827920284702090470e+01
2.147419999999999902e+02 2.116075192395654085e+03 4.600081730138774816e+01
2.198669999999999902e+02 2.062656015073488106e+03 4.541647294840813487e+01
2.251140000000000043e+02 1.948526926569622674e+03 4.414212190832722627e+01
2.304859999999999900e+02 1.915315369408036531e+03 4.376431616520514467e+01
2.359859999999999900e+02 1.775256347641193997e+03 4.213379104283394838e+01
2.416179999999999950e+02 1.734764760091376274e+03 4.165050732093639851e+01
2.473839999999999861e+02 1.627403504197095117e+03 4.034108952664882253e+01
2.532870000000000061e+02 1.577653207913530878e+03 3.971968287780670437e+01
2.593319999999999936e+02 1.529795726593205472e+03 3.911260316820149541e+01
2.655199999999999818e+02 1.457097704482984909e+03 3.817194918370012857e+01
2.718570000000000277e+02 1.391360549922964537e+03 3.730094569743459942e+01
2.783439999999999941e+02 1.323172444624482068e+03 3.637543738052481501e+01
2.849870000000000232e+02 1.254484517583317029e+03 3.541870293479585996e+01
2.917880000000000109e+02 1.194871634048310852e+03 3.456691530999419371e+01
2.987509999999999764e+02 1.184598312419796684e+03 3.441799402085770510e+01
3.058799999999999955e+02 1.097396253746666162e+03 3.312697169598612845e+01
3.131800000000000068e+02 1.027779726726550507e+03 3.205900383241111484e+01
3.206539999999999964e+02 9.587176378594834887e+02 3.096316582424160657e+01
3.283059999999999832e+02 9.780142178003974323e+02 3.127321885895977616e+01
3.361399999999999864e+02 8.830457458217813382e+02 2.971608564097535066e+01
3.441619999999999777e+02 8.805928512434865070e+02 2.967478477164554818e+01
3.523750000000000000e+02 8.818540998779135407e+02 2.969602835191793133e+01
3.607839999999999918e+02 8.130688338107801201e+02 2.851436188678926342e+01
3.693940000000000055e+02 7.363959517473449523e+02 2.713661643881464158e+01
3.782090000000000032e+02 7.108648754847862392e+02 2.666204934893014311e+01
3.872350000000000136e+02 6.804553877245236890e+02 2.608553982045462050e+01
3.964759999999999991e+02 6.972801644769824634e+02 2.640606302493770841e+01
4.059370000000000118e+02 6.363589848564218983e+02 2.522615675953080938e+01
4.156250000000000000e+02 6.380156266700237211e+02 2.525897121163139758e+01
4.255430000000000064e+02 5.656863754431907410e+02 2.378416228171996849e+01
4.356979999999999791e+02 5.734710097660204156e+02 2.394725474383275454e+01
4.460960000000000036e+02 5.325187058734170478e+02 2.307636682568157482e+01
4.567409999999999854e+02 4.714063274952569031e+02 2.171189368745289627e+01
4.676410000000000196e+02 4.385396923712354464e+02 2.094133931655841963e+01
4.788009999999999877e+02 4.875314684210406426e+02 2.208011477372888720e+01
4.902269999999999754e+02 4.595769227739542089e+02 2.143774528195430662e+01
5.019259999999999877e+02 4.313759483887099577e+02 2.076959191675922156e+01
5.139039999999999964e+02 4.569966519642054550e+02 2.137748001903417716e+01
5.261670000000000300e+02 4.330163260413901867e+02 2.080904433272682041e+01
5.387240000000000464e+02 4.127990648833543901e+02 2.031745714609371234e+01
5.515800000000000409e+02 3.874257402705758295e+02 1.968313339564043574e+01
5.647430000000000518e+02 3.068713641701952497e+02 1.751774426603480350e+01
5.782200000000000273e+02 3.339826285866192279e+02 1.827519161559241212e+01
5.920190000000000055e+02 2.865475766775693955e+02 1.692771622746463223e+01
6.061459999999999582e+02 2.969944148722645423e+02 1.723352589786154354e+01
6.206109999999999900e+02 3.061950440641275009e+02 1.749842975995639094e+01
6.354220000000000255e+02 2.711541129613024736e+02 1.646675781571170205e+01
6.505860000000000127e+02 2.812025057350285806e+02 1.676909376606346669e+01
6.661109999999999900e+02 2.735041720722859395e+02 1.653796154525357309e+01
6.820069999999999482e+02 2.363504969492743726e+02 1.537369496735493257e+01
6.982820000000000391e+02 2.205276214162521455e+02 1.485017243725648228e+01
7.149460000000000264e+02 2.270081757055325511e+02 1.506679049119395408e+01
7.320080000000000382e+02 2.097761269298769662e+02 1.448365033166283489e+01
7.494759999999999991e+02 2.153355970667427641e+02 1.467431760139948516e+01
7.673619999999999663e+02 1.804198349413906897e+02 1.343204507665867986e+01
7.856739999999999782e+02 1.624076369353831240e+02 1.274392549159728638e+01
8.044239999999999782e+02 1.718911714130550195e+02 1.311072734111479576e+01
8.236200000000000045e+02 1.755257788408693500e+02 1.324861422341481543e+01
8.432749999999999773e+02 1.537344440920782063e+02 1.239896947702018437e+01
8.633990000000000009e+02 1.452441225816372423e+02 1.205172695432639074e+01
8.840030000000000427e+02 1.423929856756681147e+02 1.193285320766446489e+01
9.050990000000000464e+02 1.478359246256947870e+02 1.215877973423709868e+01
9.266979999999999791e+02 1.346114777136212410e+02 1.160221865479276460e+01
9.488129999999999882e+02 1.108891519245473063e+02 1.053039182198588897e+01
9.714560000000000173e+02 1.127729016932530186e+02 1.061945863465991380e+01
9.946390000000000100e+02 1.050986464093043935e+02 1.025176308784515378e+01
1.018370000000000005e+03 1.239018765769133097e+02 1.113112198194383851e+01
1.042680000000000064e+03 1.150407978192286578e+02 1.072570733421477662e+01
1.067559999999999945e+03 1.058307513036573368e+02 1.028740741409891513e+01
1.093039999999999964e+03 9.816814224533983690e+01 9.907983762872234479e+00
1.119119999999999891e+03 9.162909266053077317e+01 9.572308637968729883e+00
1.145829999999999927e+03 8.260574595089526895e+01 9.088770321165304367e+00
1.173170000000000073e+03 7.487957716114303253e+01 8.653298628912736490e+00
1.201170000000000073e+03 6.513484452679534797e+01 8.070616118165659714e+00
1.229829999999999927e+03 7.560163479484630500e+01 8.694920056840448552e+00
1.259180000000000064e+03 8.494643077216366578e+01 9.216638800135527276e+00
1.289230000000000018e+03 6.609869557912230675e+01 8.130110428470347372e+00
1.320000000000000000e+03 6.579107952138238602e+01 8.111170046385563381e+00
1.351500000000000000e+03 5.779592280202942334e+01 7.602362974893360104e+00
1.383750000000000000e+03 6.848909732999972277e+01 8.275813998030630003e+00
1.416769999999999982e+03 6.361971984407308156e+01 7.976197079064250239e+00
1.450579999999999927e+03 4.793164819000524091e+01 6.923268605940783971e+00
1.485200000000000045e+03 5.740774175319083383e+01 7.576789673284512361e+00
1.520640000000000100e+03 5.074056107691886552e+01 7.123240911054382174e+00
1.556930000000000064e+03 4.895178998627574884e+01 6.996555580160551457e+00
1.594079999999999927e+03 3.661996642273801683e+01 6.051443333845076822e+00
1.632119999999999891e+03 4.191535709962678879e+01 6.474207063388287331e+00
1.671069999999999936e+03 3.687734427560737061e+01 6.072671922276665413e+00
1.710950000000000045e+03 3.887588092245002258e+01 6.235052599814216556e+00
1.751779999999999973e+03 2.780788347882893419e+01 5.273318071084744929e+00
1.793589999999999918e+03 3.395751081821417472e+01 5.827307338575353768e+00
1.836390000000000100e+03 3.994498017329290462e+01 6.320204124337512219e+00
1.880210000000000036e+03 2.654604128499421023e+01 5.152285054710599610e+00
1.925079999999999927e+03 2.794020073285015471e+01 5.285849102353391338e+00
1.971019999999999982e+03 3.140381281190190776e+01 5.603910492852461012e+00
2.018059999999999945e+03 2.752867817205069301e+01 5.246777884764200373e+00
2.066219999999999800e+03 2.437703286201982067e+01 4.937310286180100150e+00
2.115519999999999982e+03 2.747130753158491245e+01 5.241307807368778882e+00
2.166010000000000218e+03 3.423840938173226078e+01 5.851359618219706071e+00
2.217699999999999818e+03 2.614143133304273192e+01 5.112869187945524807e+00
2.270619999999999891e+03 2.776131373759153576e+01 5.268900619445344269e+00
2.324809999999999945e+03 1.517665615799843692e+01 3.895722803023649039e+00
2.380289999999999964e+03 2.099331539779666045e+01 4.581846287011019037e+00
2.437090000000000146e+03 1.828738521028423847e+01 4.276375241987568465e+00
2.495250000000000000e+03 1.612140417269446502e+01 4.015146843229331353e+00
2.554800000000000182e+03 1.502448479990262342e+01 3.876143031404107653e+00
2.615760000000000218e+03 1.334503194545241556e+01 3.653085263917667636e+00
2.678190000000000055e+03 1.890802787277831243e+01 4.348336218920785257e+00
2.742099999999999909e+03 1.367324129742759276e+01 3.697734616955034248e+00
2.807539999999999964e+03 2.147971522629480390e+01 4.634621368169659306e+00
2.874539999999999964e+03 1.326108524607565542e+01 3.641577301949754819e+00
2.943130000000000109e+03 9.570032269102618727e+00 3.093546875206939273e+00
3.013369999999999891e+03 8.193342857335350615e+00 2.862401589109283329e+00
3.085280000000000200e+03 8.726408310278255698e+00 2.954049476613121339e+00
3.158909999999999854e+03 1.102633676496489379e+01 3.320592833360466845e+00
3.234289999999999964e+03 8.893106190151035761e+00 2.982131149052810404e+00
3.311469999999999800e+03 3.974192784382815091e+00 1.993537755946150902e+00
3.390500000000000000e+03 9.450269718116178552e+00 3.074129099129732090e+00
3.471409999999999854e+03 1.023077668004423124e+01 3.198558531595792509e+00
3.554250000000000000e+03 1.218879347162532945e+01 3.491245260881184365e+00
3.639070000000000164e+03 1.349292183333201223e+01 3.673271271405368577e+00
3.725909999999999854e+03 8.427017464380242018e+00 2.902932562837146069e+00
3.814829999999999927e+03 4.799208360082121594e+00 2.190709556304103245e+00
3.905860000000000127e+03 8.014484413066897517e+00 2.830986473487094646e+00
3.999070000000000164e+03 1.025695384773606555e+01 3.202647943145806586e+00
4.094510000000000218e+03 8.705934654908068282e+00 2.950582087471566695e+00
4.192220000000000255e+03 7.870045205829961255e+00 2.805360084878581350e+00
4.292260000000000218e+03 3.996618574525799605e+00 1.999154464899048245e+00
4.394689999999999600e+03 4.490465667717744580e+00 2.119071888284525418e+00
4.499569999999999709e+03 2.499992752588289235e+00 1.581136538249714008e+00
4.606949999999999818e+03 3.522378223623367610e+00 1.876799995637086438e+00
4.716890000000000327e+03 6.235442313134141656e+00 2.497086765239474371e+00
4.829449999999999818e+03 7.117894656636018169e+00 2.667938278265825858e+00
4.944699999999999818e+03 2.001743253633135211e+00 1.414829761361109828e+00
5.062699999999999818e+03 3.794109989193029442e+00 1.947847527193293793e+00
5.183520000000000437e+03 8.036614823948839970e+00 2.834892383133589266e+00
5.307220000000000255e+03 1.839353028504046028e+00 1.356227498801011011e+00
5.433869999999999891e+03 2.755565650362634678e+00 1.659989653691442246e+00
5.563539999999999964e+03 5.883247273792138188e-01 7.670232899848699049e-01
5.696310000000000400e+03 2.663177567332190243e+00 1.631924498048910932e+00
5.832250000000000000e+03 6.630337456952477559e+00 2.574944165793207507e+00
5.971430000000000291e+03 2.904316626880866004e+00 1.704205570604927278e+00
6.113930000000000291e+03 4.456253533425034163e-01 6.675517607964969180e-01
6.259829999999999927e+03 1.015659824436452308e+00 1.007799496148143792e+00
6.409220000000000255e+03 8.798287014724386346e-01 9.379918450991131529e-01
6.562170000000000073e+03 4.019797943065077206e+00 2.004943376523406151e+00
6.718770000000000437e+03 5.711897105772168359e+00 2.389957553131889512e+00
6.879100000000000364e+03 1.607259453684118045e+00 1.267777367554776102e+00
7.043270000000000437e+03 1.831225514124293685e+00 1.353227813091459453e+00
7.211350000000000364e+03 3.191295167106077635e+00 1.786419650335854703e+00
7.383439999999999600e+03 1.095982109559885842e+00 1.046891641747074830e+00
7.559640000000000327e+03 1.938457156483439636e-01 4.402791337871282407e-01
7.740039999999999964e+03 2.707386764799880385e+00 1.645413858213148783e+00
7.924750000000000000e+03 2.247789622869736270e+00 1.499263026579971569e+00
8.113859999999999673e+03 2.390174891325011153e+00 1.546019046236174699e+00
8.307489999999999782e+03 6.863411926703142374e-01 8.284571157702215194e-01
8.505739999999999782e+03 1.170584595407175854e+00 1.081935578214884286e+00
8.708719999999999345e+03 1.409896318148985195e+00 1.187390549966178988e+00
8.916549999999999272e+03 1.021790426172369814e+00 1.010836498239141346e+00
9.129329999999999927e+03 2.793713715142210230e+00 1.671440610713467834e+00
9.347200000000000728e+03 5.841630703212434828e-01 7.643056131687399057e-01
9.570260000000000218e+03 7.889195103512335328e-01 8.882114108427303645e-01
9.798639999999999418e+03 9.593030446299616321e-01 9.794401689893883489e-01
