1.711371558259947812e+14 2.126161649415310819e+02 9.999999999999986677e-01 0.000000000000000000e+00 1.000000000000000000e+00
2.172010578344566406e+13 1.373948351857699208e+02 5.625000000000000000e-01 -2.000000000000000042e-03 0.000000000000000000e+00
1.916507713631358594e+13 1.374049056134617786e+02 5.000000000000000000e-01 -4.000000000000000083e-03 0.000000000000000000e+00
1.660968223229339648e+13 1.374156821670653414e+02 4.375000000000000000e-01 -6.000000000000000125e-03 0.000000000000000000e+00
1.405386346862696289e+13 1.374268320052980243e+02 3.750000000000000000e-01 -8.000000000000000167e-03 0.000000000000000000e+00
1.149756510535068359e+13 1.374373973812319605e+02 3.125000000000000000e-01 -1.000000000000000021e-02 0.000000000000000000e+00
8.940766145348945312e+12 1.374447417383352672e+02 2.500000000000000000e-01 -1.200000000000000025e-02 0.000000000000000000e+00
6.383606119396961914e+12 1.374411537386334317e+02 1.875000000000000000e-01 -1.400000000000000029e-02 0.000000000000000000e+00
3.826936428244332520e+12 1.374002692356248190e+02 1.250000000000000000e-01 -1.600000000000000033e-02 0.000000000000000000e+00
1.275631672932832031e+12 1.371988681140070696e+02 6.250000000000000000e-02 -1.800000000000000211e-02 0.000000000000000000e+00
-5.979981312470800877e+08 4.000000000000000000e+02 1.250000000000000069e-02 -2.000000000000000042e-02 0.000000000000000000e+00
3.826805320129797363e+12 4.000000000000000000e+02 1.250000000000000069e-02 -2.199999999999999872e-02 0.000000000000000000e+00
6.369585457221099609e+12 4.000000000000000000e+02 1.250000000000000069e-02 -2.400000000000000050e-02 0.000000000000000000e+00
8.913783216078740234e+12 4.000000000000000000e+02 1.250000000000000069e-02 -2.600000000000000228e-02 0.000000000000000000e+00
1.145904901866544727e+13 4.000000000000000000e+02 1.250000000000000069e-02 -2.800000000000000058e-02 0.000000000000000000e+00
1.400512298448788477e+13 4.000000000000000000e+02 1.250000000000000069e-02 -2.999999999999999889e-02 0.000000000000000000e+00
1.655182296694746875e+13 4.000000000000000000e+02 1.250000000000000069e-02 -3.200000000000000067e-02 0.000000000000000000e+00
1.909901972871705469e+13 4.000000000000000000e+02 1.250000000000000069e-02 -3.400000000000000244e-02 0.000000000000000000e+00
2.164661925227023438e+13 4.000000000000000000e+02 1.250000000000000069e-02 -3.600000000000000422e-02 0.000000000000000000e+00
2.419455141288712109e+13 4.000000000000000000e+02 1.250000000000000069e-02 -3.799999999999999906e-02 0.000000000000000000e+00
2.427475944671389062e+13 4.000000000000000000e+02 1.250000000000000069e-02 -4.000000000000000083e-02 0.000000000000000000e+00
2.683399003357917969e+13 4.000000000000000000e+02 1.250000000000000069e-02 -4.200000000000000261e-02 0.000000000000000000e+00
2.954225056939778125e+13 4.000000000000000000e+02 1.250000000000000069e-02 -4.399999999999999745e-02 0.000000000000000000e+00
3.240132800836388672e+13 4.000000000000000000e+02 1.250000000000000069e-02 -4.599999999999999922e-02 0.000000000000000000e+00
3.541290841337371094e+13 4.000000000000000000e+02 1.250000000000000069e-02 -4.800000000000000100e-02 0.000000000000000000e+00
3.857858436704853125e+13 4.000000000000000000e+02 1.250000000000000069e-02 -5.000000000000000278e-02 0.000000000000000000e+00
4.189986171982478125e+13 4.000000000000000000e+02 1.250000000000000069e-02 -5.200000000000000455e-02 0.000000000000000000e+00
4.537816574676843750e+13 4.000000000000000000e+02 1.250000000000000069e-02 -5.399999999999999939e-02 0.000000000000000000e+00
4.901484676725923438e+13 4.000000000000000000e+02 1.250000000000000069e-02 -5.600000000000000117e-02 0.000000000000000000e+00
5.281118529028350781e+13 4.000000000000000000e+02 1.250000000000000069e-02 -5.800000000000000294e-02 0.000000000000000000e+00
5.676839672632238281e+13 4.000000000000000000e+02 1.250000000000000069e-02 -5.999999999999999778e-02 0.000000000000000000e+00
6.088763571070510938e+13 4.000000000000000000e+02 1.250000000000000069e-02 -6.199999999999999956e-02 0.000000000000000000e+00
6.517000007591508594e+13 4.000000000000000000e+02 1.250000000000000069e-02 -6.400000000000000133e-02 0.000000000000000000e+00
6.961653450579910938e+13 4.000000000000000000e+02 1.250000000000000069e-02 -6.600000000000000311e-02 0.000000000000000000e+00
7.422823390210537500e+13 4.000000000000000000e+02 1.250000000000000069e-02 -6.800000000000000488e-02 0.000000000000000000e+00
7.900604648935587500e+13 4.000000000000000000e+02 1.250000000000000069e-02 -7.000000000000000666e-02 0.000000000000000000e+00
8.395087668253932812e+13 4.000000000000000000e+02 1.250000000000000069e-02 -7.200000000000000844e-02 0.000000000000000000e+00
8.906358773844234375e+13 4.000000000000000000e+02 1.250000000000000069e-02 -7.399999999999999634e-02 0.000000000000000000e+00
9.434500421024673438e+13 4.000000000000000000e+02 1.250000000000000069e-02 -7.599999999999999811e-02 0.000000000000000000e+00
9.979591422220260938e+13 4.000000000000000000e+02 1.250000000000000069e-02 -7.799999999999999989e-02 0.000000000000000000e+00
1.054170715802397969e+14 4.000000000000000000e+02 1.250000000000000069e-02 -8.000000000000000167e-02 0.000000000000000000e+00
1.112091977320286250e+14 4.000000000000000000e+02 1.250000000000000069e-02 -8.200000000000000344e-02 0.000000000000000000e+00
1.171729835898708438e+14 4.000000000000000000e+02 1.250000000000000069e-02 -8.400000000000000522e-02 0.000000000000000000e+00
1.233090912268728438e+14 4.000000000000000000e+02 1.250000000000000069e-02 -8.600000000000000699e-02 0.000000000000000000e+00
1.296181554573812188e+14 4.000000000000000000e+02 1.250000000000000069e-02 -8.799999999999999489e-02 0.000000000000000000e+00
1.361007853109993281e+14 4.000000000000000000e+02 1.250000000000000069e-02 -8.999999999999999667e-02 0.000000000000000000e+00
1.427575654066427500e+14 4.000000000000000000e+02 1.250000000000000069e-02 -9.199999999999999845e-02 0.000000000000000000e+00
1.495890572446099688e+14 4.000000000000000000e+02 1.250000000000000069e-02 -9.400000000000000022e-02 0.000000000000000000e+00
1.565958003984297812e+14 4.000000000000000000e+02 1.250000000000000069e-02 -9.600000000000000200e-02 0.000000000000000000e+00
1.637783136468906250e+14 4.000000000000000000e+02 1.250000000000000069e-02 -9.800000000000000377e-02 0.000000000000000000e+00
