4.268339997660522300e+01 2.013332333324768797e-02 9.998391201808058959e-01 7.403268116795163369e+05 1.000000000000000000e+04 2.467756038931720853e+08 2.000000000000000000e+02 1.117512500000000049e+21 5.332908331658997277e-04
1.280091999649658874e+02 2.239981999775864097e-02 9.950330441505949031e-01 1.164536786052029638e+05 1.000000000000000000e+04 2.273407171662570909e+07 1.171319205485878996e+02 1.311971751658661970e+20 4.664280467628053282e-03
1.280135848654424819e+02 2.239997432768348062e-02 9.993271488089520149e-01 2.065791493801043252e+05 1.000000000000000000e+04 7.517735674729324877e+07 2.183493067123653759e+02 9.218632830688408371e+20 1.342290230520164695e-03
2.130542796745471037e+02 2.465228029745958338e-02 9.918294021043987385e-01 7.023016211590656894e+04 1.000000000000000000e+04 1.372038229459981993e+07 1.172178609409098584e+02 1.325167489887649628e+20 7.752154656586940883e-03
2.135231996073443383e+02 2.466718604125617276e-02 9.987545351681362815e-01 1.170813388005479937e+05 1.000000000000000000e+04 4.370658882238462567e+07 2.239806408270079885e+02 8.655920707071777178e+20 2.127864321346139946e-03
2.981467716315004850e+02 2.690711126871292436e-02 9.886224720943002087e-01 5.022330693336359400e+04 1.000000000000000000e+04 9.813240690250422806e+06 1.172352991801673312e+02 1.327853106876441395e+20 1.084536386703923057e-02
2.990492135576628243e+02 2.693444900245367535e-02 9.981655942082616750e-01 8.133954208377674513e+04 1.000000000000000000e+04 3.073185692806382850e+07 2.266931148671415599e+02 8.391199214114380186e+20 2.909356169881432367e-03
3.832749842261367803e+02 2.916372831657554343e-02 9.854232420250637059e-01 3.907040863525244640e+04 1.000000000000000000e+04 7.634151387951045297e+06 1.172368294258827461e+02 1.328088905711122186e+20 1.394181456673826251e-02
3.845631516859551766e+02 2.920167422661279488e-02 9.975705418190611296e-01 6.223882254818634101e+04 1.000000000000000000e+04 2.368023735636374727e+07 2.282842417659502416e+02 8.237827661426888540e+20 3.689375218227227034e-03
4.684302257759988493e+02 3.142169684593909551e-02 9.822365514526743002e-01 3.196317482539296179e+04 1.000000000000000000e+04 6.245268593600151129e+06 1.172336971101875491e+02 1.327606262918821642e+20 1.704044215781679375e-02
4.700603473965274475e+02 3.146884713066810946e-02 9.969728921449921843e-01 5.037952939374137350e+04 1.000000000000000000e+04 1.925576800361230969e+07 2.293284780782939549e+02 8.137940697774298235e+20 4.468672922587152430e-03
5.536064044025652038e+02 3.368071225531821256e-02 9.790648826258568915e-01 2.703990145890793065e+04 1.000000000000000000e+04 5.283109617020034231e+06 1.172291909062320627e+02 1.326912078447716925e+20 2.014063467856731099e-02
5.555415029362434325e+02 3.373596990911664761e-02 9.963741485856759672e-01 4.230781864379609760e+04 1.000000000000000000e+04 1.622262358322766237e+07 2.300656110844869318e+02 8.067796712571496038e+20 5.247551682746694722e-03
6.387991977736949138e+02 3.594055842268062406e-02 9.759096338816166671e-01 2.342875296480407997e+04 1.000000000000000000e+04 4.577370557689392008e+06 1.172244352373110559e+02 1.326179660580585964e+20 2.324200728555440507e-02
6.410084825237584027e+02 3.600304838766987814e-02 9.957750500032904739e-01 3.646185066925948195e+04 1.000000000000000000e+04 1.401431398187943548e+07 2.306133187094870607e+02 8.015874640762107331e+20 6.026159414621395927e-03
7.240054614806850850e+02 3.820107812373407796e-02 9.727716365955243472e-01 2.066724021483017350e+04 1.000000000000000000e+04 4.037684270473652519e+06 1.172198385997275523e+02 1.325471927203053404e+20 2.634430179804414518e-02
7.264632126787424795e+02 3.827008858650060574e-02 9.951759962218621469e-01 3.203369508307373326e+04 1.000000000000000000e+04 1.233489770517899469e+07 2.310360576235232770e+02 7.975914076955953070e+20 6.804578391490716076e-03
8.092228502078494330e+02 4.046215405628572626e-02 9.696513970183039399e-01 1.848728010317522421e+04 1.000000000000000000e+04 3.611660959521112964e+06 1.172155429905820654e+02 1.324810713204811203e+20 2.944733646500274915e-02
8.119074015281855736e+02 4.053709584388798248e-02 9.945772194281592427e-01 2.856385010707080073e+04 1.000000000000000000e+04 1.101479510454357788e+07 2.313720677693292203e+02 7.944223016305450025e+20 7.582858729032276868e-03
8.975026652237830831e+02 4.280457521099378937e-02 9.936506823776869446e-01 2.503980071727808536e+04 1.000000000000000000e+04 9.783182389242963865e+06 2.344231689310288687e+02 7.659343225970989466e+20 8.165522373315862309e-03
9.880822237245338329e+02 4.508763052353970124e-02 9.926099298050411468e-01 2.206071139020903502e+04 1.000000000000000000e+04 8.727112394462831318e+06 2.373571433875724210e+02 7.390305393903556362e+20 8.768769605075648482e-03
1.083705841571523251e+03 4.738644854637641401e-02 9.914461379544271535e-01 1.952657925004428762e+04 1.000000000000000000e+04 7.816527572933763266e+06 2.401811645401034809e+02 7.135892878305262305e+20 9.392572062719152862e-03
1.184429909004389629e+03 4.970120549887724337e-02 9.901502548054222919e-01 1.735843963584239464e+04 1.000000000000000000e+04 7.027326661206919700e+06 2.429017864035411662e+02 6.895009859335847936e+20 1.003690302310243469e-02
1.290307689822401244e+03 5.203206783107816591e-02 9.887130269906462265e-01 1.549341106413980924e+04 1.000000000000000000e+04 6.340033266136776656e+06 2.455250134353331362e+02 6.666666507221381939e+20 1.070173738715883907e-02
1.401389547073793665e+03 5.437919292717197095e-02 9.871250296994694695e-01 1.388102430947981702e+04 1.000000000000000000e+04 5.738793953565769829e+06 2.480563606381651027e+02 6.449966324908655903e+20 1.138705164130050622e-02
1.517723148969937029e+03 5.674272975102212513e-02 9.853766996458072081e-01 1.248047422639318756e+04 1.000000000000000000e+04 5.210616825513856485e+06 2.505009055422586641e+02 6.244095294889535734e+20 1.209282380354059945e-02
1.639353656835229913e+03 5.912281943187736033e-02 9.834583711548512408e-01 1.125854223803538844e+04 1.000000000000000000e+04 4.744787531964020804e+06 2.528633333683873730e+02 6.048312531468120228e+20 1.281903335837824079e-02
1.766323897191007973e+03 6.151959580279253714e-02 9.813603153884197239e-01 1.018801147626167585e+04 1.000000000000000000e+04 4.332417520074524917e+06 2.551479764330360069e+02 5.861942195937032274e+20 1.356566118710219628e-02
1.898674519344271630e+03 6.393318589334739954e-02 9.790727826981350246e-01 9.246447418380410454e+03 1.000000000000000000e+04 3.966091769757499453e+06 2.573588486670175826e+02 5.684366476530574295e+20 1.433268949467221380e-02
2.036444139981893613e+03 6.636371038075594697e-02 9.765860480533797849e-01 8.415252211270246335e+03 1.000000000000000000e+04 3.639592036675790790e+06 2.594996759670315214e+02 5.515019470350794752e+20 1.512010173601540004e-02
2.179669476024078904e+03 6.881128400482339202e-02 9.738904594478818844e-01 7.678925728954020087e+03 1.000000000000000000e+04 3.347677878626649734e+06 2.615739229775817876e+02 5.353381832757474755e+20 1.592788254318549396e-02
2.328385466839104083e+03 7.127601595220767194e-02 9.709764891411133414e-01 7.024484073706747949e+03 1.000000000000000000e+04 3.085912246160058770e+06 2.635848168019253421e+02 5.198976082515042632e+20 1.675601765427431680e-02
2.482625386836911275e+03 7.375801020543804043e-02 9.678347875389048394e-01 6.440998911738523930e+03 1.000000000000000000e+04 2.850521694508193526e+06 2.655353680603675457e+02 5.051362469472251412e+20 1.760449384490112013e-02
2.642420949311319873e+03 7.625736586851417087e-02 9.644562394638113156e-01 5.919230225367208732e+03 1.000000000000000000e+04 2.638283678547426127e+06 2.674283896484620300e+02 4.910135326616098570e+20 1.847329886255313913e-02
2.807802402349789645e+03 7.877417746658466058e-02 9.608320225087324529e-01 5.451331784313712888e+03 1.000000000000000000e+04 2.446435172431489918e+06 2.692665134935807600e+02 4.774919840684967854e+20 1.936242136418569321e-02
2.978798617506978644e+03 8.130853522379766218e-02 9.569536671099586611e-01 5.030613595368731694e+03 1.000000000000000000e+04 2.272598183938139118e+06 2.710522055635914853e+02 4.645369185690512916e+20 2.027185085707267770e-02
3.155437171898558518e+03 8.386052531886889483e-02 9.528131179173696674e-01 4.651349274237158170e+03 1.000000000000000000e+04 2.114718732455894351e+06 2.727877793442270900e+02 4.521161972106737091e+20 2.120157764304385004e-02
3.337744424277471808e+03 8.643023012291450868e-02 9.484027959828699172e-01 4.308619043453417362e+03 1.000000000000000000e+04 1.971016616237145616e+06 2.744754079707194023e+02 4.401999971472796549e+20 2.215159276597405622e-02
3.525745585623166335e+03 8.901772842000355013e-02 9.437156612331124572e-01 3.998181142553726659e+03 1.000000000000000000e+04 1.839943871642971877e+06 2.761171351732842254e+02 4.287606081988384522e+20 2.312188796252271847e-02
3.719464784695671369e+03 9.162309561270376435e-02 9.387452746420604788e-01 3.716366018587932558e+03 1.000000000000000000e+04 1.720150270195537247e+06 2.777148851741665680e+02 4.177722505567444009e+20 2.411245561590583120e-02
3.918925129002038830e+03 9.424640391262073535e-02 9.334858594727621917e-01 3.459988874502218550e+03 1.000000000000000000e+04 1.610454541508229449e+06 2.792704716554770243e+02 4.072109110926951711e+20 2.512328871273525679e-02
4.124148761524722431e+03 9.688772251593036344e-02 9.279323609198684153e-01 3.226277083552558906e+03 1.000000000000000000e+04 1.509820276185019407e+06 2.807856059013705021e+02 3.970541960758997156e+20 2.615438080257058082e-02
4.335156913579120555e+03 9.954711777118063765e-02 9.220805034533579025e-01 3.012809698042854961e+03 1.000000000000000000e+04 1.417335670627010521e+06 2.822619042047805920e+02 3.872811983974671319e+20 2.720572596017797537e-02
4.551969954111941661e+03 1.022246533320867456e-01 9.159268451439082082e-01 2.817466841273238515e+03 1.000000000000000000e+04 1.332196439040703699e+06 2.837008946175221809e+02 3.778723776509612524e+20 2.827731875033336409e-02
4.774607435656381313e+03 1.049203902985027526e-01 9.094688282424421288e-01 2.638387210287896778e+03 1.000000000000000000e+04 1.253691346970782150e+06 2.851040231128125129e+02 3.688094516312775721e+20 2.936915419459855056e-02
5.003088137545320933e+03 1.076343873583027744e-01 9.027048252827335473e-01 2.473932261844068307e+03 1.000000000000000000e+04 1.181189922971259570e+06 2.864726592208634770e+02 3.600752979965221929e+20 3.048122774204037322e-02
5.237430105772572460e+03 1.103667009037962998e-01 8.956341800131886188e-01 2.322655927494424304e+03 1.000000000000000000e+04 1.114131987020162633e+06 2.878081011909596896e+02 3.516538649941079491e+20 3.161353523853900616e-02
5.477650690853507513e+03 1.131173851545099751e-01 8.882572424609299633e-01 2.183278919211214088e+03 1.000000000000000000e+04 1.052018699169127038e+06 2.891115807271767721e+02 3.435300902870382019e+20 3.276607290157858982e-02
5.723766583013833952e+03 1.158864922690554522e-01 8.805753975109443799e-01 2.054666861056778998e+03 1.000000000000000000e+04 9.944048851244188845e+05 2.903842673394651683e+02 3.356898270326091284e+20 3.393883729503032604e-02
