2.134150000003381138e+03 2.134149999998792737e+03 9.990370149307015168e-01 7.573712749015029658e+03 1.943809410322043914e+04 9.538826187160804868e+06
6.400474999976983781e+03 6.400474999972997466e+03 3.986752393459025434e-03 6.512358644819619258e+02 1.772666951458137873e+03 3.994998491860073500e+03
7.180174999965637653e+03 7.180174999961041976e+03 9.319366748118251831e-01 1.955475720454647899e+03 1.553415110963812731e+04 1.717228335033326643e+06
1.094147499991090444e+04 1.094147499990670985e+04 2.548588780404204002e-03 3.637803622589891006e+02 1.785868005689277197e+03 2.266629340682051861e+03
1.136484999990474353e+04 1.136484999990014694e+04 7.800148165402622791e-01 1.181794954788356563e+03 1.447298107867910585e+04 9.240965582487977808e+05
1.528649999984767601e+04 1.528649999984337956e+04 1.892158814060462824e-03 2.544402678508740792e+02 1.788549986845726607e+03 1.590358940300354561e+03
1.559757499984314927e+04 1.559757499983855269e+04 6.335025546836505761e-01 8.427597404010400624e+02 1.398248385524226615e+04 6.225288936714520678e+05
1.958615000001809312e+04 1.958615000001373483e+04 1.506272307447154013e-03 1.958485355610612828e+02 1.788785390613960089e+03 1.224474150772212170e+03
1.984797500003333334e+04 1.984797500002873858e+04 5.219500307983196974e-01 6.539698253924152596e+02 1.370077644100739599e+04 4.670600840675493819e+05
2.386897500026738635e+04 2.386897500026298803e+04 1.251428383501229646e-03 1.592237874568567406e+02 1.788303543353317764e+03 9.949279586644686333e+02
2.410645000028120921e+04 2.410645000027661445e+04 4.399262102992196333e-01 5.340023863520074201e+02 1.351826608576335639e+04 3.729854731969223358e+05
2.708142500045437555e+04 2.708142500044995177e+04 1.111591642337428354e-03 1.394064043902692163e+02 1.787610413196313857e+03 8.703882003998461414e+02
2.828212500052426549e+04 2.828212500051967072e+04 3.795382378679911239e-01 4.525112929092444460e+02 1.339054817453347459e+04 3.111190412035782356e+05
3.143852500070799215e+04 3.143852500070354654e+04 9.637605560356421464e-04 1.194870936355898579e+02 1.786878992666791646e+03 7.453807670537993317e+02
3.248320000076880024e+04 3.248320000076420547e+04 3.329180229997058538e-01 3.922862973784762062e+02 1.329624441767380631e+04 2.665595542853362858e+05
3.577040000096013682e+04 3.577040000095567666e+04 8.512998121297243870e-04 1.046080802735229867e+02 1.786172110720748833e+03 6.520211881971405319e+02
3.670077500101429177e+04 3.670077500100969337e+04 2.960935073958733676e-01 3.460503699991145936e+02 1.322380164751451775e+04 2.330131792306868010e+05
4.008590000121133198e+04 4.008590000120685727e+04 7.627125677560631090e-04 9.305459296765671695e+01 1.785511592403100622e+03 5.795582808782239681e+02
4.092960000126044179e+04 4.092960000125584338e+04 2.663897218322408555e-01 3.094776008162727408e+02 1.316643394915271347e+04 2.068832016032878018e+05
4.520935000150955602e+04 4.520935000150484848e+04 2.155215798473152367e-01 2.666014827077497671e+02 1.265402138850974734e+04 1.667896014259150543e+05
4.973830000177317561e+04 4.973830000176835165e+04 1.744123909483139556e-01 2.310272379872286876e+02 1.217541654286890662e+04 1.354820933793696167e+05
5.451945000205147517e+04 5.451945000204654207e+04 1.413923383254834798e-01 2.013008096876924355e+02 1.172744124181081133e+04 1.108255126515036827e+05
5.955560000234461768e+04 5.955560000233957544e+04 1.149388628613998709e-01 1.762963050509480638e+02 1.130730511473500519e+04 9.125168467572944064e+04
6.484947500265276176e+04 6.484947500264761766e+04 9.375124427486503098e-02 1.551335706514583421e+02 1.091254769219228547e+04 7.559665707910848141e+04
7.040355000155940070e+04 7.040355000155414746e+04 7.675856715039874878e-02 1.371191100734579891e+02 1.054099066522639987e+04 6.298831064678881376e+04
7.622022500020510051e+04 7.622022500019975996e+04 6.309753697420616980e-02 1.217017250616690944e+02 1.019069826826794088e+04 5.276703234705416980e+04
8.230192499878909439e+04 8.230192499878365197e+04 5.208082138536374028e-02 1.084399568821242354e+02 9.859944206391628541e+03 4.442964666536699224e+04
8.865054999731093994e+04 8.865054999730539566e+04 4.316524956028366944e-02 9.697843913085094414e+01 9.547183891029199003e+03 3.758950815964515641e+04
9.526807499577017734e+04 9.526807499576454575e+04 3.592260201339914083e-02 8.702844476817543296e+01 9.251031009421754788e+03 3.194694621870965420e+04
1.021566749941663002e+05 1.021566749941605813e+05 3.001561024161236713e-02 7.835393333324580567e+01 8.970237653516825958e+03 2.726806186582933515e+04
1.093182499924988660e+05 1.093182499924930598e+05 2.517860520872450270e-02 7.076121070529926271e+01 8.703677389034955922e+03 2.336920942302322874e+04
1.167542749907675316e+05 1.167542749907616380e+05 2.120191926952175177e-02 6.409046495953917599e+01 8.450330766235421834e+03 2.010527321640470109e+04
1.244663249889719300e+05 1.244663249889659492e+05 1.791954167556586430e-02 5.820882369698687597e+01 8.209272868719872349e+03 1.736078388374086353e+04
1.324564749871115782e+05 1.324564749871055246e+05 1.519960162159827988e-02 5.300514818384555582e+01 7.979662571517163087e+03 1.504330864492732871e+04
1.407258999851862027e+05 1.407258999851800618e+05 1.293715473730949750e-02 4.838661076321141508e+01 7.760733239248071186e+03 1.307861667157112606e+04
1.492757999831955240e+05 1.492757999831892957e+05 1.104826558311144957e-02 4.427493556166389510e+01 7.551784642802612325e+03 1.140666864864833042e+04
1.581076499811391986e+05 1.581076499811329122e+05 9.465545243146133991e-03 4.060378955819313518e+01 7.352175911279195134e+03 9.978654995863713339e+03
1.672228249790169066e+05 1.672228249790105328e+05 8.134715647173274000e-03 3.731685044627000991e+01 7.161319366923141388e+03 8.754740041793933415e+03
1.766236249768281123e+05 1.766236249768216512e+05 7.011851205448227375e-03 3.436590527157378006e+01 6.978675115991921302e+03 7.702218921233592482e+03
1.863097499745728855e+05 1.863097499745663663e+05 6.061402262433457366e-03 3.171019372779312562e+01 6.803746289051763597e+03 6.794273478534501919e+03
1.962830999722507840e+05 1.962830999722441775e+05 5.254318994784790142e-03 2.931426748074333233e+01 6.636074841098041361e+03 6.008628661174315312e+03
