1.000000000000000000e+00 1.000000000000000000e+02 5.000000000000000278e-02 0.000000000000000000e+00 1.000000000000000000e+00
-5.979700992524626106e+07 1.000000000000000000e+02 5.000000000000000278e-02 -2.000000000000000042e-03 1.000000000000000000e+00
-1.195940198504925221e+08 1.000000000000000000e+02 5.000000000000000278e-02 -4.000000000000000083e-03 1.000000000000000000e+00
-1.793910297757387757e+08 1.000000000000000000e+02 5.000000000000000278e-02 -6.000000000000000125e-03 1.000000000000000000e+00
-2.391880397009850442e+08 1.000000000000000000e+02 5.000000000000000278e-02 -8.000000000000000167e-03 1.000000000000000000e+00
-2.989850496262313128e+08 1.000000000000000000e+02 5.000000000000000278e-02 -1.000000000000000021e-02 1.000000000000000000e+00
-3.587820595514775515e+08 1.000000000000000000e+02 5.000000000000000278e-02 -1.200000000000000025e-02 1.000000000000000000e+00
-4.185790694767238498e+08 1.000000000000000000e+02 5.000000000000000278e-02 -1.400000000000000029e-02 1.000000000000000000e+00
-4.783760794019700885e+08 1.000000000000000000e+02 5.000000000000000278e-02 -1.600000000000000033e-02 1.000000000000000000e+00
-5.381730893272163868e+08 1.000000000000000000e+02 5.000000000000000278e-02 -1.800000000000000211e-02 1.000000000000000000e+00
-5.979981312470800877e+08 4.000000000000000000e+02 1.250000000000000069e-02 -2.000000000000000042e-02 1.000000000000000000e+00
-6.577979443717880249e+08 4.000000000000000000e+02 1.250000000000000069e-02 -2.199999999999999872e-02 1.000000000000000000e+00
-7.175977574964960814e+08 4.000000000000000000e+02 1.250000000000000069e-02 -2.400000000000000050e-02 1.000000000000000000e+00
-7.773975706212041378e+08 4.000000000000000000e+02 1.250000000000000069e-02 -2.600000000000000228e-02 1.000000000000000000e+00
-8.371973837459120750e+08 4.000000000000000000e+02 1.250000000000000069e-02 -2.800000000000000058e-02 1.000000000000000000e+00
-8.969971968706201315e+08 4.000000000000000000e+02 1.250000000000000069e-02 -2.999999999999999889e-02 1.000000000000000000e+00
-9.567970099953281879e+08 4.000000000000000000e+02 1.250000000000000069e-02 -3.200000000000000067e-02 1.000000000000000000e+00
-1.016596823120036244e+09 4.000000000000000000e+02 1.250000000000000069e-02 -3.400000000000000244e-02 1.000000000000000000e+00
-1.076396636244744301e+09 4.000000000000000000e+02 1.250000000000000069e-02 -3.600000000000000422e-02 1.000000000000000000e+00
-1.136196449369452238e+09 4.000000000000000000e+02 1.250000000000000069e-02 -3.799999999999999906e-02 1.000000000000000000e+00
-1.195996262494160175e+09 4.000000000000000000e+02 1.250000000000000069e-02 -4.000000000000000083e-02 1.000000000000000000e+00
-1.255796075618868351e+09 4.000000000000000000e+02 1.250000000000000069e-02 -4.200000000000000261e-02 1.000000000000000000e+00
-1.315595888743576050e+09 4.000000000000000000e+02 1.250000000000000069e-02 -4.399999999999999745e-02 1.000000000000000000e+00
-1.375395701868284225e+09 4.000000000000000000e+02 1.250000000000000069e-02 -4.599999999999999922e-02 1.000000000000000000e+00
-1.435195514992992163e+09 4.000000000000000000e+02 1.250000000000000069e-02 -4.800000000000000100e-02 1.000000000000000000e+00
-1.494995328117700338e+09 4.000000000000000000e+02 1.250000000000000069e-02 -5.000000000000000278e-02 1.000000000000000000e+00
-1.554795141242408276e+09 4.000000000000000000e+02 1.250000000000000069e-02 -5.200000000000000455e-02 1.000000000000000000e+00
-1.614594954367116213e+09 4.000000000000000000e+02 1.250000000000000069e-02 -5.399999999999999939e-02 1.000000000000000000e+00
-1.674394767491824150e+09 4.000000000000000000e+02 1.250000000000000069e-02 -5.600000000000000117e-02 1.000000000000000000e+00
-1.734194580616532326e+09 4.000000000000000000e+02 1.250000000000000069e-02 -5.800000000000000294e-02 1.000000000000000000e+00
-1.793994393741240263e+09 4.000000000000000000e+02 1.250000000000000069e-02 -5.999999999999999778e-02 1.000000000000000000e+00
-1.853794206865948200e+09 4.000000000000000000e+02 1.250000000000000069e-02 -6.199999999999999956e-02 1.000000000000000000e+00
-1.913594019990656376e+09 4.000000000000000000e+02 1.250000000000000069e-02 -6.400000000000000133e-02 1.000000000000000000e+00
-1.973393833115364313e+09 4.000000000000000000e+02 1.250000000000000069e-02 -6.600000000000000311e-02 1.000000000000000000e+00
-2.033193646240072489e+09 4.000000000000000000e+02 1.250000000000000069e-02 -6.800000000000000488e-02 1.000000000000000000e+00
-2.092993459364780426e+09 4.000000000000000000e+02 1.250000000000000069e-02 -7.000000000000000666e-02 1.000000000000000000e+00
-2.152793272489488602e+09 4.000000000000000000e+02 1.250000000000000069e-02 -7.200000000000000844e-02 1.000000000000000000e+00
-2.212593085614196301e+09 4.000000000000000000e+02 1.250000000000000069e-02 -7.399999999999999634e-02 1.000000000000000000e+00
-2.272392898738904476e+09 4.000000000000000000e+02 1.250000000000000069e-02 -7.599999999999999811e-02 1.000000000000000000e+00
-2.332192711863612175e+09 4.000000000000000000e+02 1.250000000000000069e-02 -7.799999999999999989e-02 1.000000000000000000e+00
-2.391992524988320351e+09 4.000000000000000000e+02 1.250000000000000069e-02 -8.000000000000000167e-02 1.000000000000000000e+00
-2.451792338113028526e+09 4.000000000000000000e+02 1.250000000000000069e-02 -8.200000000000000344e-02 1.000000000000000000e+00
-2.511592151237736702e+09 4.000000000000000000e+02 1.250000000000000069e-02 -8.400000000000000522e-02 1.000000000000000000e+00
-2.571391964362444401e+09 4.000000000000000000e+02 1.250000000000000069e-02 -8.600000000000000699e-02 1.000000000000000000e+00
-2.631191777487152100e+09 4.000000000000000000e+02 1.250000000000000069e-02 -8.799999999999999489e-02 1.000000000000000000e+00
-2.690991590611860275e+09 4.000000000000000000e+02 1.250000000000000069e-02 -8.999999999999999667e-02 1.000000000000000000e+00
-2.750791403736568451e+09 4.000000000000000000e+02 1.250000000000000069e-02 -9.199999999999999845e-02 1.000000000000000000e+00
-2.810591216861276150e+09 4.000000000000000000e+02 1.250000000000000069e-02 -9.400000000000000022e-02 1.000000000000000000e+00
-2.870391029985984325e+09 4.000000000000000000e+02 1.250000000000000069e-02 -9.600000000000000200e-02 1.000000000000000000e+00
-2.930190843110692501e+09 4.000000000000000000e+02 1.250000000000000069e-02 -9.800000000000000377e-02 1.000000000000000000e+00
