5.988787200450831000e+15 1.000000000000000000e+02 5.000000000000000104e-03 0.000000000000000000e+00 1.000000000000000000e+00
5.988781220749839000e+15 1.000000000000000000e+02 5.000000000000000104e-03 2.000000000000000111e-01 1.000000000000000000e+00
5.988775241048846000e+15 1.000000000000000000e+02 5.000000000000000104e-03 4.000000000000000222e-01 1.000000000000000000e+00
5.988769261347853000e+15 1.000000000000000000e+02 5.000000000000000104e-03 6.000000000000000888e-01 1.000000000000000000e+00
5.988763281646861000e+15 1.000000000000000000e+02 5.000000000000000104e-03 8.000000000000000444e-01 1.000000000000000000e+00
5.988757301945869000e+15 1.000000000000000000e+02 5.000000000000000104e-03 1.000000000000000000e+00 1.000000000000000000e+00
5.988751322244876000e+15 1.000000000000000000e+02 5.000000000000000104e-03 1.200000000000000178e+00 1.000000000000000000e+00
5.988745342543883000e+15 1.000000000000000000e+02 5.000000000000000104e-03 1.400000000000000133e+00 1.000000000000000000e+00
5.988739362842891000e+15 1.000000000000000000e+02 5.000000000000000104e-03 1.600000000000000089e+00 1.000000000000000000e+00
5.988733383141899000e+15 1.000000000000000000e+02 5.000000000000000104e-03 1.800000000000000044e+00 1.000000000000000000e+00
5.988727403440906000e+15 1.000000000000000000e+02 5.000000000000000104e-03 2.000000000000000000e+00 1.000000000000000000e+00
5.988721423739913000e+15 1.000000000000000000e+02 5.000000000000000104e-03 2.200000000000000178e+00 1.000000000000000000e+00
5.988715444038921000e+15 1.000000000000000000e+02 5.000000000000000104e-03 2.400000000000000355e+00 1.000000000000000000e+00
5.988709464337929000e+15 1.000000000000000000e+02 5.000000000000000104e-03 2.600000000000000089e+00 1.000000000000000000e+00
5.988703484636936000e+15 1.000000000000000000e+02 5.000000000000000104e-03 2.800000000000000266e+00 1.000000000000000000e+00
5.988697504935943000e+15 1.000000000000000000e+02 5.000000000000000104e-03 3.000000000000000000e+00 1.000000000000000000e+00
5.988691525234951000e+15 1.000000000000000000e+02 5.000000000000000104e-03 3.200000000000000178e+00 1.000000000000000000e+00
5.988685545533959000e+15 1.000000000000000000e+02 5.000000000000000104e-03 3.400000000000000355e+00 1.000000000000000000e+00
5.988679565832966000e+15 1.000000000000000000e+02 5.000000000000000104e-03 3.600000000000000089e+00 1.000000000000000000e+00
5.988673586131973000e+15 1.000000000000000000e+02 5.000000000000000104e-03 3.800000000000000266e+00 1.000000000000000000e+00
5.988667606430981000e+15 1.000000000000000000e+02 5.000000000000000104e-03 4.000000000000000000e+00 1.000000000000000000e+00
5.988661626729989000e+15 1.000000000000000000e+02 5.000000000000000104e-03 4.200000000000000178e+00 1.000000000000000000e+00
5.988655647028995000e+15 1.000000000000000000e+02 5.000000000000000104e-03 4.400000000000000355e+00 1.000000000000000000e+00
5.988649667328003000e+15 1.000000000000000000e+02 5.000000000000000104e-03 4.600000000000000533e+00 1.000000000000000000e+00
5.988643687627011000e+15 1.000000000000000000e+02 5.000000000000000104e-03 4.800000000000000711e+00 1.000000000000000000e+00
5.988637707926018000e+15 1.000000000000000000e+02 5.000000000000000104e-03 5.000000000000000000e+00 1.000000000000000000e+00
5.988631728225025000e+15 1.000000000000000000e+02 5.000000000000000104e-03 5.200000000000000178e+00 1.000000000000000000e+00
5.988625748524033000e+15 1.000000000000000000e+02 5.000000000000000104e-03 5.400000000000000355e+00 1.000000000000000000e+00
5.988619768823041000e+15 1.000000000000000000e+02 5.000000000000000104e-03 5.600000000000000533e+00 1.000000000000000000e+00
5.988613789122048000e+15 1.000000000000000000e+02 5.000000000000000104e-03 5.800000000000000711e+00 1.000000000000000000e+00
5.988607809421055000e+15 1.000000000000000000e+02 5.000000000000000104e-03 6.000000000000000000e+00 1.000000000000000000e+00
5.988601829720063000e+15 1.000000000000000000e+02 5.000000000000000104e-03 6.200000000000000178e+00 1.000000000000000000e+00
5.988595850019071000e+15 1.000000000000000000e+02 5.000000000000000104e-03 6.400000000000000355e+00 1.000000000000000000e+00
5.988589870318078000e+15 1.000000000000000000e+02 5.000000000000000104e-03 6.600000000000000533e+00 1.000000000000000000e+00
5.988583890617085000e+15 1.000000000000000000e+02 5.000000000000000104e-03 6.800000000000000711e+00 1.000000000000000000e+00
5.988577910916093000e+15 1.000000000000000000e+02 5.000000000000000104e-03 7.000000000000000000e+00 1.000000000000000000e+00
5.988571931215101000e+15 1.000000000000000000e+02 5.000000000000000104e-03 7.200000000000000178e+00 1.000000000000000000e+00
5.988565951514108000e+15 1.000000000000000000e+02 5.000000000000000104e-03 7.400000000000000355e+00 1.000000000000000000e+00
5.988559971813115000e+15 1.000000000000000000e+02 5.000000000000000104e-03 7.600000000000000533e+00 1.000000000000000000e+00
5.988553992112123000e+15 1.000000000000000000e+02 5.000000000000000104e-03 7.800000000000000711e+00 1.000000000000000000e+00
5.988548012411131000e+15 1.000000000000000000e+02 5.000000000000000104e-03 8.000000000000000000e+00 1.000000000000000000e+00
5.988542032710138000e+15 1.000000000000000000e+02 5.000000000000000104e-03 8.200000000000001066e+00 1.000000000000000000e+00
5.988536053009145000e+15 1.000000000000000000e+02 5.000000000000000104e-03 8.400000000000000355e+00 1.000000000000000000e+00
5.988530073308153000e+15 1.000000000000000000e+02 5.000000000000000104e-03 8.599999999999999645e+00 1.000000000000000000e+00
5.988524093607160000e+15 1.000000000000000000e+02 5.000000000000000104e-03 8.800000000000000711e+00 1.000000000000000000e+00
5.988518113906167000e+15 1.000000000000000000e+02 5.000000000000000104e-03 9.000000000000000000e+00 1.000000000000000000e+00
5.988512134205175000e+15 1.000000000000000000e+02 5.000000000000000104e-03 9.200000000000001066e+00 1.000000000000000000e+00
5.988506154504183000e+15 1.000000000000000000e+02 5.000000000000000104e-03 9.400000000000000355e+00 1.000000000000000000e+00
5.988500174803190000e+15 1.000000000000000000e+02 5.000000000000000104e-03 9.600000000000001421e+00 1.000000000000000000e+00
5.988494195102197000e+15 1.000000000000000000e+02 5.000000000000000104e-03 9.800000000000000711e+00 1.000000000000000000e+00
5.988488215401205000e+15 1.000000000000000000e+02 5.000000000000000104e-03 1.000000000000000000e+01 1.000000000000000000e+00
5.988482235700213000e+15 1.000000000000000000e+02 5.000000000000000104e-03 1.020000000000000107e+01 1.000000000000000000e+00
5.988476255999220000e+15 1.000000000000000000e+02 5.000000000000000104e-03 1.040000000000000036e+01 1.000000000000000000e+00
5.988470276298227000e+15 1.000000000000000000e+02 5.000000000000000104e-03 1.060000000000000142e+01 1.000000000000000000e+00
5.988464296597235000e+15 1.000000000000000000e+02 5.000000000000000104e-03 1.080000000000000071e+01 1.000000000000000000e+00
5.988458316896243000e+15 1.000000000000000000e+02 5.000000000000000104e-03 1.100000000000000000e+01 1.000000000000000000e+00
5.988452337195250000e+15 1.000000000000000000e+02 5.000000000000000104e-03 1.120000000000000107e+01 1.000000000000000000e+00
5.988446357494257000e+15 1.000000000000000000e+02 5.000000000000000104e-03 1.140000000000000036e+01 1.000000000000000000e+00
5.988440377793265000e+15 1.000000000000000000e+02 5.000000000000000104e-03 1.160000000000000142e+01 1.000000000000000000e+00
5.988434398092273000e+15 1.000000000000000000e+02 5.000000000000000104e-03 1.180000000000000071e+01 1.000000000000000000e+00
5.988428418391280000e+15 1.000000000000000000e+02 5.000000000000000104e-03 1.200000000000000000e+01 1.000000000000000000e+00
5.988422438690287000e+15 1.000000000000000000e+02 5.000000000000000104e-03 1.220000000000000107e+01 1.000000000000000000e+00
5.988416458989295000e+15 1.000000000000000000e+02 5.000000000000000104e-03 1.240000000000000036e+01 1.000000000000000000e+00
5.988410479288302000e+15 1.000000000000000000e+02 5.000000000000000104e-03 1.260000000000000142e+01 1.000000000000000000e+00
5.988404499587309000e+15 1.000000000000000000e+02 5.000000000000000104e-03 1.280000000000000071e+01 1.000000000000000000e+00
5.988398519886317000e+15 1.000000000000000000e+02 5.000000000000000104e-03 1.300000000000000000e+01 1.000000000000000000e+00
5.988392540185325000e+15 1.000000000000000000e+02 5.000000000000000104e-03 1.320000000000000107e+01 1.000000000000000000e+00
5.988386560484332000e+15 1.000000000000000000e+02 5.000000000000000104e-03 1.340000000000000036e+01 1.000000000000000000e+00
5.988380580783339000e+15 1.000000000000000000e+02 5.000000000000000104e-03 1.360000000000000142e+01 1.000000000000000000e+00
5.988374601082347000e+15 1.000000000000000000e+02 5.000000000000000104e-03 1.380000000000000071e+01 1.000000000000000000e+00
5.988368621381355000e+15 1.000000000000000000e+02 5.000000000000000104e-03 1.400000000000000000e+01 1.000000000000000000e+00
5.988362641680362000e+15 1.000000000000000000e+02 5.000000000000000104e-03 1.420000000000000107e+01 1.000000000000000000e+00
5.988356661979369000e+15 1.000000000000000000e+02 5.000000000000000104e-03 1.440000000000000036e+01 1.000000000000000000e+00
5.988350682278377000e+15 1.000000000000000000e+02 5.000000000000000104e-03 1.460000000000000142e+01 1.000000000000000000e+00
5.988344702577385000e+15 1.000000000000000000e+02 5.000000000000000104e-03 1.480000000000000071e+01 1.000000000000000000e+00
5.988338722876392000e+15 1.000000000000000000e+02 5.000000000000000104e-03 1.500000000000000000e+01 1.000000000000000000e+00
5.747023931641430000e+15 1.000000000000000000e+02 5.000000000000000104e-03 1.520000000000000107e+01 0.000000000000000000e+00
5.491739609834924000e+15 1.000000000000000000e+02 5.000000000000000104e-03 1.540000000000000036e+01 0.000000000000000000e+00
5.236448128362033000e+15 1.000000000000000000e+02 5.000000000000000104e-03 1.560000000000000142e+01 0.000000000000000000e+00
4.981148842470811000e+15 1.000000000000000000e+02 5.000000000000000104e-03 1.580000000000000071e+01 0.000000000000000000e+00
4.725841019903798000e+15 1.000000000000000000e+02 5.000000000000000104e-03 1.600000000000000000e+01 0.000000000000000000e+00
4.470523824454135000e+15 1.000000000000000000e+02 5.000000000000000104e-03 1.619999999999999929e+01 0.000000000000000000e+00
4.215196296262917000e+15 1.000000000000000000e+02 5.000000000000000104e-03 1.640000000000000213e+01 0.000000000000000000e+00
3.959857327210332500e+15 1.000000000000000000e+02 5.000000000000000104e-03 1.660000000000000142e+01 0.000000000000000000e+00
3.704505630302475500e+15 1.000000000000000000e+02 5.000000000000000104e-03 1.680000000000000071e+01 0.000000000000000000e+00
3.449139701182909000e+15 1.000000000000000000e+02 5.000000000000000104e-03 1.700000000000000000e+01 0.000000000000000000e+00
3.193757769845151500e+15 1.000000000000000000e+02 5.000000000000000104e-03 1.719999999999999929e+01 0.000000000000000000e+00
2.938357739769091000e+15 1.000000000000000000e+02 5.000000000000000104e-03 1.740000000000000213e+01 0.000000000000000000e+00
2.682937111721247500e+15 1.000000000000000000e+02 5.000000000000000104e-03 1.760000000000000142e+01 0.000000000000000000e+00
2.427492890225798000e+15 1.000000000000000000e+02 5.000000000000000104e-03 1.780000000000000071e+01 0.000000000000000000e+00
2.172021473643131750e+15 1.000000000000000000e+02 5.000000000000000104e-03 1.800000000000000000e+01 0.000000000000000000e+00
1.916518541262084750e+15 1.000000000000000000e+02 5.000000000000000104e-03 1.819999999999999929e+01 0.000000000000000000e+00
1.660978985021388750e+15 1.000000000000000000e+02 5.000000000000000104e-03 1.840000000000000213e+01 0.000000000000000000e+00
1.405397042408394000e+15 1.000000000000000000e+02 5.000000000000000104e-03 1.860000000000000142e+01 0.000000000000000000e+00
1.149767134693758000e+15 1.000000000000000000e+02 5.000000000000000104e-03 1.880000000000000071e+01 0.000000000000000000e+00
8.940871513862125000e+14 1.000000000000000000e+02 5.000000000000000104e-03 1.900000000000000000e+01 0.000000000000000000e+00
6.383710179383202500e+14 1.000000000000000000e+02 5.000000000000000104e-03 1.920000000000000284e+01 0.000000000000000000e+00
3.827037864327622500e+14 1.000000000000000000e+02 5.000000000000000104e-03 1.940000000000000213e+01 0.000000000000000000e+00
1.275724720237121875e+14 1.000000000000000000e+02 5.000000000000000104e-03 1.960000000000000142e+01 0.000000000000000000e+00
2.391880397009851074e+12 1.000000000000000000e+02 5.000000000000000104e-03 1.980000000000000071e+01 0.000000000000000000e+00
3.826869740181161250e+14 1.191910493544264966e+02 1.124999999999999958e-02 2.000000000000000000e+01 0.000000000000000000e+00
6.369641734119531250e+14 1.254183186631928777e+02 1.749999999999999820e-02 2.020000000000000284e+01 0.000000000000000000e+00
8.913836528208111250e+14 1.284744208204175493e+02 2.375000000000000028e-02 2.040000000000000213e+01 0.000000000000000000e+00
1.145910058836653500e+15 1.302842375966370412e+02 3.000000000000000236e-02 2.060000000000000142e+01 0.000000000000000000e+00
1.400517325608031250e+15 1.314788771442663915e+02 3.624999999999999750e-02 2.080000000000000071e+01 0.000000000000000000e+00
1.655187213147767250e+15 1.323254635091959699e+02 4.249999999999999611e-02 2.100000000000000000e+01 0.000000000000000000e+00
1.909906787215898500e+15 1.329562569155086464e+02 4.874999999999999473e-02 2.120000000000000284e+01 0.000000000000000000e+00
2.164666641082100250e+15 1.334441498055499267e+02 5.499999999999999334e-02 2.140000000000000213e+01 0.000000000000000000e+00
2.419459755472802500e+15 1.338325843596377069e+02 6.124999999999999195e-02 2.160000000000000142e+01 0.000000000000000000e+00
2.674280768864117000e+15 1.341490460916826066e+02 6.749999999999999056e-02 2.180000000000000071e+01 0.000000000000000000e+00
2.929125500797199500e+15 1.344117661299783322e+02 7.374999999999999611e-02 2.200000000000000000e+01 0.000000000000000000e+00
3.183990632617482500e+15 1.346333094529170467e+02 8.000000000000000167e-02 2.220000000000000284e+01 0.000000000000000000e+00
3.438873487879592000e+15 1.348226149449641866e+02 8.625000000000000722e-02 2.240000000000000213e+01 0.000000000000000000e+00
3.693771878044312500e+15 1.349862139060822983e+02 9.250000000000001277e-02 2.260000000000000142e+01 0.000000000000000000e+00
3.948683991520792500e+15 1.351289885201813092e+02 9.875000000000001832e-02 2.280000000000000071e+01 0.000000000000000000e+00
4.203608312365617500e+15 1.352546608117114317e+02 1.050000000000000239e-01 2.300000000000000000e+01 0.000000000000000000e+00
4.458543559678994000e+15 1.353661175109654380e+02 1.112500000000000294e-01 2.320000000000000284e+01 0.000000000000000000e+00
4.713488641621451000e+15 1.354656316352451597e+02 1.175000000000000350e-01 2.340000000000000213e+01 0.000000000000000000e+00
4.968442620260083000e+15 1.355550171461268576e+02 1.237500000000000405e-01 2.360000000000000142e+01 0.000000000000000000e+00
5.223404684104553000e+15 1.356357391207878038e+02 1.300000000000000322e-01 2.380000000000000071e+01 0.000000000000000000e+00
5.478374126376549000e+15 1.357089936743977603e+02 1.362500000000000377e-01 2.400000000000000000e+01 0.000000000000000000e+00
5.733350327916129000e+15 1.357757668932715660e+02 1.425000000000000433e-01 2.420000000000000284e+01 0.000000000000000000e+00
5.988332743392216000e+15 1.358368789361515212e+02 1.487500000000000488e-01 2.440000000000000213e+01 1.000000000000000000e+00
5.988332408644180000e+15 4.000000000000000000e+02 1.250000000000000026e-03 2.460000000000000142e+01 1.000000000000000000e+00
5.988326428662867000e+15 4.000000000000000000e+02 1.250000000000000026e-03 2.480000000000000071e+01 1.000000000000000000e+00
5.988320448681555000e+15 4.000000000000000000e+02 1.250000000000000026e-03 2.500000000000000000e+01 1.000000000000000000e+00
5.988314468700242000e+15 4.000000000000000000e+02 1.250000000000000026e-03 2.520000000000000284e+01 1.000000000000000000e+00
5.988308488718930000e+15 4.000000000000000000e+02 1.250000000000000026e-03 2.540000000000000213e+01 1.000000000000000000e+00
5.988302508737617000e+15 4.000000000000000000e+02 1.250000000000000026e-03 2.560000000000000142e+01 1.000000000000000000e+00
5.988296528756305000e+15 4.000000000000000000e+02 1.250000000000000026e-03 2.580000000000000071e+01 1.000000000000000000e+00
5.988290548774992000e+15 4.000000000000000000e+02 1.250000000000000026e-03 2.600000000000000000e+01 1.000000000000000000e+00
5.988284568793680000e+15 4.000000000000000000e+02 1.250000000000000026e-03 2.620000000000000284e+01 1.000000000000000000e+00
5.988278588812367000e+15 4.000000000000000000e+02 1.250000000000000026e-03 2.640000000000000213e+01 1.000000000000000000e+00
5.988272608831055000e+15 4.000000000000000000e+02 1.250000000000000026e-03 2.660000000000000142e+01 1.000000000000000000e+00
5.988266628849742000e+15 4.000000000000000000e+02 1.250000000000000026e-03 2.680000000000000071e+01 1.000000000000000000e+00
5.988260648868430000e+15 4.000000000000000000e+02 1.250000000000000026e-03 2.700000000000000000e+01 1.000000000000000000e+00
5.988254668887118000e+15 4.000000000000000000e+02 1.250000000000000026e-03 2.720000000000000284e+01 1.000000000000000000e+00
5.988248688905805000e+15 4.000000000000000000e+02 1.250000000000000026e-03 2.740000000000000213e+01 1.000000000000000000e+00
5.988242708924493000e+15 4.000000000000000000e+02 1.250000000000000026e-03 2.760000000000000142e+01 1.000000000000000000e+00
5.988236728943180000e+15 4.000000000000000000e+02 1.250000000000000026e-03 2.780000000000000071e+01 1.000000000000000000e+00
5.988230748961868000e+15 4.000000000000000000e+02 1.250000000000000026e-03 2.800000000000000000e+01 1.000000000000000000e+00
5.988224768980555000e+15 4.000000000000000000e+02 1.250000000000000026e-03 2.820000000000000284e+01 1.000000000000000000e+00
5.988218788999243000e+15 4.000000000000000000e+02 1.250000000000000026e-03 2.840000000000000213e+01 1.000000000000000000e+00
5.988212809017930000e+15 4.000000000000000000e+02 1.250000000000000026e-03 2.860000000000000142e+01 1.000000000000000000e+00
5.988206829036618000e+15 4.000000000000000000e+02 1.250000000000000026e-03 2.880000000000000071e+01 1.000000000000000000e+00
5.988200849055305000e+15 4.000000000000000000e+02 1.250000000000000026e-03 2.900000000000000000e+01 1.000000000000000000e+00
5.988194869073993000e+15 4.000000000000000000e+02 1.250000000000000026e-03 2.920000000000000284e+01 1.000000000000000000e+00
5.988188889092680000e+15 4.000000000000000000e+02 1.250000000000000026e-03 2.940000000000000213e+01 1.000000000000000000e+00
5.988182909111368000e+15 4.000000000000000000e+02 1.250000000000000026e-03 2.960000000000000142e+01 1.000000000000000000e+00
5.988176929130055000e+15 4.000000000000000000e+02 1.250000000000000026e-03 2.980000000000000071e+01 1.000000000000000000e+00
5.988170949148743000e+15 4.000000000000000000e+02 1.250000000000000026e-03 3.000000000000000000e+01 1.000000000000000000e+00
5.988164969167430000e+15 4.000000000000000000e+02 1.250000000000000026e-03 3.020000000000000284e+01 1.000000000000000000e+00
5.988158989186118000e+15 4.000000000000000000e+02 1.250000000000000026e-03 3.040000000000000213e+01 1.000000000000000000e+00
5.988153009204806000e+15 4.000000000000000000e+02 1.250000000000000026e-03 3.060000000000000142e+01 1.000000000000000000e+00
5.988147029223493000e+15 4.000000000000000000e+02 1.250000000000000026e-03 3.080000000000000071e+01 1.000000000000000000e+00
5.988141049242181000e+15 4.000000000000000000e+02 1.250000000000000026e-03 3.100000000000000000e+01 1.000000000000000000e+00
5.988135069260868000e+15 4.000000000000000000e+02 1.250000000000000026e-03 3.120000000000000284e+01 1.000000000000000000e+00
5.988129089279556000e+15 4.000000000000000000e+02 1.250000000000000026e-03 3.140000000000000213e+01 1.000000000000000000e+00
5.988123109298243000e+15 4.000000000000000000e+02 1.250000000000000026e-03 3.160000000000000142e+01 1.000000000000000000e+00
5.988117129316931000e+15 4.000000000000000000e+02 1.250000000000000026e-03 3.180000000000000071e+01 1.000000000000000000e+00
5.988111149335618000e+15 4.000000000000000000e+02 1.250000000000000026e-03 3.200000000000000000e+01 1.000000000000000000e+00
5.988105169354306000e+15 4.000000000000000000e+02 1.250000000000000026e-03 3.220000000000000284e+01 1.000000000000000000e+00
5.988099189372993000e+15 4.000000000000000000e+02 1.250000000000000026e-03 3.239999999999999858e+01 1.000000000000000000e+00
5.988093209391681000e+15 4.000000000000000000e+02 1.250000000000000026e-03 3.260000000000000142e+01 1.000000000000000000e+00
5.988087229410368000e+15 4.000000000000000000e+02 1.250000000000000026e-03 3.280000000000000426e+01 1.000000000000000000e+00
5.988081249429056000e+15 4.000000000000000000e+02 1.250000000000000026e-03 3.300000000000000000e+01 1.000000000000000000e+00
5.988075269447743000e+15 4.000000000000000000e+02 1.250000000000000026e-03 3.320000000000000284e+01 1.000000000000000000e+00
5.988069289466431000e+15 4.000000000000000000e+02 1.250000000000000026e-03 3.339999999999999858e+01 1.000000000000000000e+00
5.988063309485118000e+15 4.000000000000000000e+02 1.250000000000000026e-03 3.360000000000000142e+01 1.000000000000000000e+00
5.988057329503806000e+15 4.000000000000000000e+02 1.250000000000000026e-03 3.380000000000000426e+01 1.000000000000000000e+00
5.988051349522493000e+15 4.000000000000000000e+02 1.250000000000000026e-03 3.400000000000000000e+01 1.000000000000000000e+00
5.988045369541181000e+15 4.000000000000000000e+02 1.250000000000000026e-03 3.420000000000000284e+01 1.000000000000000000e+00
5.988039389559869000e+15 4.000000000000000000e+02 1.250000000000000026e-03 3.439999999999999858e+01 1.000000000000000000e+00
5.988033409578556000e+15 4.000000000000000000e+02 1.250000000000000026e-03 3.460000000000000142e+01 1.000000000000000000e+00
5.988027429597244000e+15 4.000000000000000000e+02 1.250000000000000026e-03 3.480000000000000426e+01 1.000000000000000000e+00
5.988021449615931000e+15 4.000000000000000000e+02 1.250000000000000026e-03 3.500000000000000000e+01 1.000000000000000000e+00
5.988015469634619000e+15 4.000000000000000000e+02 1.250000000000000026e-03 3.520000000000000284e+01 1.000000000000000000e+00
5.988009489653306000e+15 4.000000000000000000e+02 1.250000000000000026e-03 3.539999999999999858e+01 1.000000000000000000e+00
5.988003509671994000e+15 4.000000000000000000e+02 1.250000000000000026e-03 3.560000000000000142e+01 1.000000000000000000e+00
5.987997529690681000e+15 4.000000000000000000e+02 1.250000000000000026e-03 3.580000000000000426e+01 1.000000000000000000e+00
5.987991549709369000e+15 4.000000000000000000e+02 1.250000000000000026e-03 3.600000000000000000e+01 1.000000000000000000e+00
5.987985569728056000e+15 4.000000000000000000e+02 1.250000000000000026e-03 3.620000000000000284e+01 1.000000000000000000e+00
5.987979589746744000e+15 4.000000000000000000e+02 1.250000000000000026e-03 3.639999999999999858e+01 1.000000000000000000e+00
5.987973609765431000e+15 4.000000000000000000e+02 1.250000000000000026e-03 3.660000000000000142e+01 1.000000000000000000e+00
5.987967629784119000e+15 4.000000000000000000e+02 1.250000000000000026e-03 3.680000000000000426e+01 1.000000000000000000e+00
5.987961649802806000e+15 4.000000000000000000e+02 1.250000000000000026e-03 3.700000000000000000e+01 1.000000000000000000e+00
5.987955669821494000e+15 4.000000000000000000e+02 1.250000000000000026e-03 3.720000000000000284e+01 1.000000000000000000e+00
5.987949689840181000e+15 4.000000000000000000e+02 1.250000000000000026e-03 3.739999999999999858e+01 1.000000000000000000e+00
5.987943709858869000e+15 4.000000000000000000e+02 1.250000000000000026e-03 3.760000000000000142e+01 1.000000000000000000e+00
5.987937729877557000e+15 4.000000000000000000e+02 1.250000000000000026e-03 3.780000000000000426e+01 1.000000000000000000e+00
5.987931749896244000e+15 4.000000000000000000e+02 1.250000000000000026e-03 3.800000000000000000e+01 1.000000000000000000e+00
5.987925769914932000e+15 4.000000000000000000e+02 1.250000000000000026e-03 3.820000000000000284e+01 1.000000000000000000e+00
5.987919789933619000e+15 4.000000000000000000e+02 1.250000000000000026e-03 3.840000000000000568e+01 1.000000000000000000e+00
5.987913809952307000e+15 4.000000000000000000e+02 1.250000000000000026e-03 3.860000000000000142e+01 1.000000000000000000e+00
5.987907829970994000e+15 4.000000000000000000e+02 1.250000000000000026e-03 3.880000000000000426e+01 1.000000000000000000e+00
5.987901849989682000e+15 4.000000000000000000e+02 1.250000000000000026e-03 3.900000000000000000e+01 1.000000000000000000e+00
5.987895870008369000e+15 4.000000000000000000e+02 1.250000000000000026e-03 3.920000000000000284e+01 1.000000000000000000e+00
5.987889890027057000e+15 4.000000000000000000e+02 1.250000000000000026e-03 3.940000000000000568e+01 1.000000000000000000e+00
5.987883910045744000e+15 4.000000000000000000e+02 1.250000000000000026e-03 3.960000000000000142e+01 1.000000000000000000e+00
5.987877930064432000e+15 4.000000000000000000e+02 1.250000000000000026e-03 3.980000000000000426e+01 1.000000000000000000e+00
5.987871950083119000e+15 4.000000000000000000e+02 1.250000000000000026e-03 4.000000000000000000e+01 1.000000000000000000e+00
5.987865970101807000e+15 4.000000000000000000e+02 1.250000000000000026e-03 4.020000000000000284e+01 1.000000000000000000e+00
5.987859990120494000e+15 4.000000000000000000e+02 1.250000000000000026e-03 4.040000000000000568e+01 1.000000000000000000e+00
5.987854010139182000e+15 4.000000000000000000e+02 1.250000000000000026e-03 4.060000000000000142e+01 1.000000000000000000e+00
5.987848030157869000e+15 4.000000000000000000e+02 1.250000000000000026e-03 4.080000000000000426e+01 1.000000000000000000e+00
5.987842050176557000e+15 4.000000000000000000e+02 1.250000000000000026e-03 4.100000000000000000e+01 1.000000000000000000e+00
5.987836070195245000e+15 4.000000000000000000e+02 1.250000000000000026e-03 4.120000000000000284e+01 1.000000000000000000e+00
5.987830090213932000e+15 4.000000000000000000e+02 1.250000000000000026e-03 4.140000000000000568e+01 1.000000000000000000e+00
5.987824110232620000e+15 4.000000000000000000e+02 1.250000000000000026e-03 4.160000000000000142e+01 1.000000000000000000e+00
5.987818130251307000e+15 4.000000000000000000e+02 1.250000000000000026e-03 4.180000000000000426e+01 1.000000000000000000e+00
5.987812150269995000e+15 4.000000000000000000e+02 1.250000000000000026e-03 4.200000000000000000e+01 1.000000000000000000e+00
5.987806170288682000e+15 4.000000000000000000e+02 1.250000000000000026e-03 4.220000000000000284e+01 1.000000000000000000e+00
5.987800190307370000e+15 4.000000000000000000e+02 1.250000000000000026e-03 4.240000000000000568e+01 1.000000000000000000e+00
5.987794210326057000e+15 4.000000000000000000e+02 1.250000000000000026e-03 4.260000000000000142e+01 1.000000000000000000e+00
5.987788230344745000e+15 4.000000000000000000e+02 1.250000000000000026e-03 4.280000000000000426e+01 1.000000000000000000e+00
5.987782250363432000e+15 4.000000000000000000e+02 1.250000000000000026e-03 4.300000000000000000e+01 1.000000000000000000e+00
5.987776270382120000e+15 4.000000000000000000e+02 1.250000000000000026e-03 4.320000000000000284e+01 1.000000000000000000e+00
5.987770290400807000e+15 4.000000000000000000e+02 1.250000000000000026e-03 4.340000000000000568e+01 1.000000000000000000e+00
5.987764310419495000e+15 4.000000000000000000e+02 1.250000000000000026e-03 4.360000000000000142e+01 1.000000000000000000e+00
5.987758330438182000e+15 4.000000000000000000e+02 1.250000000000000026e-03 4.380000000000000426e+01 1.000000000000000000e+00
5.987752350456870000e+15 4.000000000000000000e+02 1.250000000000000026e-03 4.400000000000000000e+01 1.000000000000000000e+00
5.987746370475557000e+15 4.000000000000000000e+02 1.250000000000000026e-03 4.420000000000000284e+01 1.000000000000000000e+00
5.987740390494245000e+15 4.000000000000000000e+02 1.250000000000000026e-03 4.440000000000000568e+01 1.000000000000000000e+00
5.987734410512933000e+15 4.000000000000000000e+02 1.250000000000000026e-03 4.460000000000000142e+01 1.000000000000000000e+00
5.987728430531620000e+15 4.000000000000000000e+02 1.250000000000000026e-03 4.480000000000000426e+01 1.000000000000000000e+00
5.987722450550308000e+15 4.000000000000000000e+02 1.250000000000000026e-03 4.500000000000000000e+01 1.000000000000000000e+00
5.987716470568995000e+15 4.000000000000000000e+02 1.250000000000000026e-03 4.520000000000000284e+01 1.000000000000000000e+00
5.987710490587683000e+15 4.000000000000000000e+02 1.250000000000000026e-03 4.540000000000000568e+01 1.000000000000000000e+00
5.987704510606370000e+15 4.000000000000000000e+02 1.250000000000000026e-03 4.560000000000000142e+01 1.000000000000000000e+00
5.987698530625058000e+15 4.000000000000000000e+02 1.250000000000000026e-03 4.580000000000000426e+01 1.000000000000000000e+00
5.987692550643745000e+15 4.000000000000000000e+02 1.250000000000000026e-03 4.600000000000000000e+01 1.000000000000000000e+00
5.987686570662433000e+15 4.000000000000000000e+02 1.250000000000000026e-03 4.620000000000000284e+01 1.000000000000000000e+00
5.987680590681120000e+15 4.000000000000000000e+02 1.250000000000000026e-03 4.640000000000000568e+01 1.000000000000000000e+00
5.987674610699808000e+15 4.000000000000000000e+02 1.250000000000000026e-03 4.660000000000000142e+01 1.000000000000000000e+00
5.987668630718495000e+15 4.000000000000000000e+02 1.250000000000000026e-03 4.680000000000000426e+01 1.000000000000000000e+00
5.987662650737183000e+15 4.000000000000000000e+02 1.250000000000000026e-03 4.700000000000000000e+01 1.000000000000000000e+00
5.987656670755870000e+15 4.000000000000000000e+02 1.250000000000000026e-03 4.720000000000000284e+01 1.000000000000000000e+00
5.987650690774558000e+15 4.000000000000000000e+02 1.250000000000000026e-03 4.740000000000000568e+01 1.000000000000000000e+00
5.987644710793245000e+15 4.000000000000000000e+02 1.250000000000000026e-03 4.760000000000000142e+01 1.000000000000000000e+00
5.987638730811933000e+15 4.000000000000000000e+02 1.250000000000000026e-03 4.780000000000000426e+01 1.000000000000000000e+00
5.987632750830621000e+15 4.000000000000000000e+02 1.250000000000000026e-03 4.800000000000000000e+01 1.000000000000000000e+00
5.987626770849308000e+15 4.000000000000000000e+02 1.250000000000000026e-03 4.820000000000000284e+01 1.000000000000000000e+00
5.987620790867996000e+15 4.000000000000000000e+02 1.250000000000000026e-03 4.840000000000000568e+01 1.000000000000000000e+00
5.987614810886683000e+15 4.000000000000000000e+02 1.250000000000000026e-03 4.860000000000000142e+01 1.000000000000000000e+00
5.987608830905371000e+15 4.000000000000000000e+02 1.250000000000000026e-03 4.880000000000000426e+01 1.000000000000000000e+00
5.987602850924058000e+15 4.000000000000000000e+02 1.250000000000000026e-03 4.900000000000000000e+01 1.000000000000000000e+00
5.987596870942746000e+15 4.000000000000000000e+02 1.250000000000000026e-03 4.920000000000000284e+01 1.000000000000000000e+00
5.987590890961433000e+15 4.000000000000000000e+02 1.250000000000000026e-03 4.940000000000000568e+01 1.000000000000000000e+00
5.987584910980121000e+15 4.000000000000000000e+02 1.250000000000000026e-03 4.960000000000000142e+01 1.000000000000000000e+00
5.987578930998808000e+15 4.000000000000000000e+02 1.250000000000000026e-03 4.980000000000000426e+01 1.000000000000000000e+00
5.987572951017496000e+15 4.000000000000000000e+02 1.250000000000000026e-03 5.000000000000000000e+01 1.000000000000000000e+00
5.987566971036183000e+15 4.000000000000000000e+02 1.250000000000000026e-03 5.020000000000000284e+01 1.000000000000000000e+00
5.987560991054871000e+15 4.000000000000000000e+02 1.250000000000000026e-03 5.040000000000000568e+01 1.000000000000000000e+00
5.987555011073558000e+15 4.000000000000000000e+02 1.250000000000000026e-03 5.060000000000000142e+01 1.000000000000000000e+00
5.987549031092246000e+15 4.000000000000000000e+02 1.250000000000000026e-03 5.080000000000000426e+01 1.000000000000000000e+00
5.987543051110933000e+15 4.000000000000000000e+02 1.250000000000000026e-03 5.100000000000000000e+01 1.000000000000000000e+00
5.987537071129621000e+15 4.000000000000000000e+02 1.250000000000000026e-03 5.120000000000000284e+01 1.000000000000000000e+00
5.987531091148309000e+15 4.000000000000000000e+02 1.250000000000000026e-03 5.140000000000000568e+01 1.000000000000000000e+00
5.987525111166996000e+15 4.000000000000000000e+02 1.250000000000000026e-03 5.160000000000000142e+01 1.000000000000000000e+00
5.987519131185684000e+15 4.000000000000000000e+02 1.250000000000000026e-03 5.180000000000000426e+01 1.000000000000000000e+00
5.987513151204371000e+15 4.000000000000000000e+02 1.250000000000000026e-03 5.200000000000000000e+01 1.000000000000000000e+00
5.987507171223059000e+15 4.000000000000000000e+02 1.250000000000000026e-03 5.220000000000000284e+01 1.000000000000000000e+00
5.987501191241746000e+15 4.000000000000000000e+02 1.250000000000000026e-03 5.240000000000000568e+01 1.000000000000000000e+00
5.987495211260434000e+15 4.000000000000000000e+02 1.250000000000000026e-03 5.260000000000000142e+01 1.000000000000000000e+00
5.987489231279121000e+15 4.000000000000000000e+02 1.250000000000000026e-03 5.280000000000000426e+01 1.000000000000000000e+00
5.987483251297809000e+15 4.000000000000000000e+02 1.250000000000000026e-03 5.300000000000000000e+01 1.000000000000000000e+00
5.987477271316496000e+15 4.000000000000000000e+02 1.250000000000000026e-03 5.320000000000000284e+01 1.000000000000000000e+00
5.987471291335184000e+15 4.000000000000000000e+02 1.250000000000000026e-03 5.340000000000000568e+01 1.000000000000000000e+00
5.987465311353871000e+15 4.000000000000000000e+02 1.250000000000000026e-03 5.360000000000000142e+01 1.000000000000000000e+00
5.987459331372559000e+15 4.000000000000000000e+02 1.250000000000000026e-03 5.380000000000000426e+01 1.000000000000000000e+00
5.987453351391246000e+15 4.000000000000000000e+02 1.250000000000000026e-03 5.400000000000000000e+01 1.000000000000000000e+00
5.987447371409934000e+15 4.000000000000000000e+02 1.250000000000000026e-03 5.420000000000000284e+01 1.000000000000000000e+00
5.987441391428621000e+15 4.000000000000000000e+02 1.250000000000000026e-03 5.440000000000000568e+01 1.000000000000000000e+00
5.987435411447309000e+15 4.000000000000000000e+02 1.250000000000000026e-03 5.460000000000000142e+01 1.000000000000000000e+00
5.987429431465997000e+15 4.000000000000000000e+02 1.250000000000000026e-03 5.480000000000000426e+01 1.000000000000000000e+00
5.987423451484684000e+15 4.000000000000000000e+02 1.250000000000000026e-03 5.500000000000000000e+01 1.000000000000000000e+00
5.987417471503372000e+15 4.000000000000000000e+02 1.250000000000000026e-03 5.520000000000000284e+01 1.000000000000000000e+00
5.987411491522059000e+15 4.000000000000000000e+02 1.250000000000000026e-03 5.540000000000000568e+01 1.000000000000000000e+00
5.987405511540747000e+15 4.000000000000000000e+02 1.250000000000000026e-03 5.560000000000000142e+01 1.000000000000000000e+00
5.987399531559434000e+15 4.000000000000000000e+02 1.250000000000000026e-03 5.580000000000000426e+01 1.000000000000000000e+00
5.987393551578122000e+15 4.000000000000000000e+02 1.250000000000000026e-03 5.600000000000000000e+01 1.000000000000000000e+00
5.987387571596809000e+15 4.000000000000000000e+02 1.250000000000000026e-03 5.620000000000000284e+01 1.000000000000000000e+00
5.987381591615497000e+15 4.000000000000000000e+02 1.250000000000000026e-03 5.640000000000000568e+01 1.000000000000000000e+00
5.987375611634184000e+15 4.000000000000000000e+02 1.250000000000000026e-03 5.660000000000000142e+01 1.000000000000000000e+00
5.987369631652872000e+15 4.000000000000000000e+02 1.250000000000000026e-03 5.680000000000000426e+01 1.000000000000000000e+00
5.987363651671559000e+15 4.000000000000000000e+02 1.250000000000000026e-03 5.700000000000000000e+01 1.000000000000000000e+00
5.987357671690247000e+15 4.000000000000000000e+02 1.250000000000000026e-03 5.720000000000000284e+01 1.000000000000000000e+00
5.987351691708934000e+15 4.000000000000000000e+02 1.250000000000000026e-03 5.740000000000000568e+01 1.000000000000000000e+00
5.987345711727622000e+15 4.000000000000000000e+02 1.250000000000000026e-03 5.760000000000000142e+01 1.000000000000000000e+00
5.987339731746309000e+15 4.000000000000000000e+02 1.250000000000000026e-03 5.780000000000000426e+01 1.000000000000000000e+00
5.987333751764997000e+15 4.000000000000000000e+02 1.250000000000000026e-03 5.800000000000000000e+01 1.000000000000000000e+00
5.987327771783685000e+15 4.000000000000000000e+02 1.250000000000000026e-03 5.820000000000000284e+01 1.000000000000000000e+00
5.987321791802372000e+15 4.000000000000000000e+02 1.250000000000000026e-03 5.840000000000000568e+01 1.000000000000000000e+00
5.987315811821060000e+15 4.000000000000000000e+02 1.250000000000000026e-03 5.860000000000000142e+01 1.000000000000000000e+00
5.987309831839747000e+15 4.000000000000000000e+02 1.250000000000000026e-03 5.880000000000000426e+01 1.000000000000000000e+00
5.987303851858435000e+15 4.000000000000000000e+02 1.250000000000000026e-03 5.900000000000000000e+01 1.000000000000000000e+00
5.987297871877122000e+15 4.000000000000000000e+02 1.250000000000000026e-03 5.920000000000000284e+01 1.000000000000000000e+00
5.987291891895810000e+15 4.000000000000000000e+02 1.250000000000000026e-03 5.940000000000000568e+01 1.000000000000000000e+00
5.987285911914497000e+15 4.000000000000000000e+02 1.250000000000000026e-03 5.960000000000000142e+01 1.000000000000000000e+00
5.987279931933185000e+15 4.000000000000000000e+02 1.250000000000000026e-03 5.980000000000000426e+01 1.000000000000000000e+00
5.987273951951872000e+15 4.000000000000000000e+02 1.250000000000000026e-03 6.000000000000000000e+01 1.000000000000000000e+00
5.987267971970560000e+15 4.000000000000000000e+02 1.250000000000000026e-03 6.020000000000000284e+01 1.000000000000000000e+00
5.987261991989247000e+15 4.000000000000000000e+02 1.250000000000000026e-03 6.040000000000000568e+01 1.000000000000000000e+00
5.987256012007935000e+15 4.000000000000000000e+02 1.250000000000000026e-03 6.060000000000000142e+01 1.000000000000000000e+00
5.987250032026622000e+15 4.000000000000000000e+02 1.250000000000000026e-03 6.080000000000000426e+01 1.000000000000000000e+00
5.987244052045310000e+15 4.000000000000000000e+02 1.250000000000000026e-03 6.100000000000000000e+01 1.000000000000000000e+00
5.987238072063997000e+15 4.000000000000000000e+02 1.250000000000000026e-03 6.120000000000000284e+01 1.000000000000000000e+00
5.987232092082685000e+15 4.000000000000000000e+02 1.250000000000000026e-03 6.140000000000000568e+01 1.000000000000000000e+00
5.987226112101373000e+15 4.000000000000000000e+02 1.250000000000000026e-03 6.160000000000000142e+01 1.000000000000000000e+00
5.987220132120060000e+15 4.000000000000000000e+02 1.250000000000000026e-03 6.180000000000000426e+01 1.000000000000000000e+00
5.987214152138748000e+15 4.000000000000000000e+02 1.250000000000000026e-03 6.200000000000000000e+01 1.000000000000000000e+00
5.987208172157435000e+15 4.000000000000000000e+02 1.250000000000000026e-03 6.220000000000000284e+01 1.000000000000000000e+00
5.987202192176123000e+15 4.000000000000000000e+02 1.250000000000000026e-03 6.240000000000000568e+01 1.000000000000000000e+00
5.987196212194810000e+15 4.000000000000000000e+02 1.250000000000000026e-03 6.260000000000000142e+01 1.000000000000000000e+00
5.987190232213498000e+15 4.000000000000000000e+02 1.250000000000000026e-03 6.280000000000000426e+01 1.000000000000000000e+00
5.987184252232185000e+15 4.000000000000000000e+02 1.250000000000000026e-03 6.300000000000000000e+01 1.000000000000000000e+00
5.987178272250873000e+15 4.000000000000000000e+02 1.250000000000000026e-03 6.320000000000000284e+01 1.000000000000000000e+00
5.987172292269560000e+15 4.000000000000000000e+02 1.250000000000000026e-03 6.340000000000000568e+01 1.000000000000000000e+00
5.987166312288248000e+15 4.000000000000000000e+02 1.250000000000000026e-03 6.360000000000000142e+01 1.000000000000000000e+00
5.987160332306935000e+15 4.000000000000000000e+02 1.250000000000000026e-03 6.380000000000000426e+01 1.000000000000000000e+00
5.987154352325623000e+15 4.000000000000000000e+02 1.250000000000000026e-03 6.400000000000000000e+01 1.000000000000000000e+00
5.987148372344310000e+15 4.000000000000000000e+02 1.250000000000000026e-03 6.420000000000000284e+01 1.000000000000000000e+00
5.987142392362998000e+15 4.000000000000000000e+02 1.250000000000000026e-03 6.440000000000000568e+01 1.000000000000000000e+00
5.987136412381685000e+15 4.000000000000000000e+02 1.250000000000000026e-03 6.460000000000000853e+01 1.000000000000000000e+00
5.987130432400373000e+15 4.000000000000000000e+02 1.250000000000000026e-03 6.479999999999999716e+01 1.000000000000000000e+00
5.987124452419061000e+15 4.000000000000000000e+02 1.250000000000000026e-03 6.500000000000000000e+01 1.000000000000000000e+00
5.987118472437748000e+15 4.000000000000000000e+02 1.250000000000000026e-03 6.520000000000000284e+01 1.000000000000000000e+00
5.987112492456436000e+15 4.000000000000000000e+02 1.250000000000000026e-03 6.540000000000000568e+01 1.000000000000000000e+00
5.987106512475123000e+15 4.000000000000000000e+02 1.250000000000000026e-03 6.560000000000000853e+01 1.000000000000000000e+00
5.987100532493811000e+15 4.000000000000000000e+02 1.250000000000000026e-03 6.579999999999999716e+01 1.000000000000000000e+00
5.987094552512498000e+15 4.000000000000000000e+02 1.250000000000000026e-03 6.600000000000000000e+01 1.000000000000000000e+00
5.987088572531186000e+15 4.000000000000000000e+02 1.250000000000000026e-03 6.620000000000000284e+01 1.000000000000000000e+00
5.987082592549873000e+15 4.000000000000000000e+02 1.250000000000000026e-03 6.640000000000000568e+01 1.000000000000000000e+00
5.987076612568561000e+15 4.000000000000000000e+02 1.250000000000000026e-03 6.660000000000000853e+01 1.000000000000000000e+00
5.987070632587248000e+15 4.000000000000000000e+02 1.250000000000000026e-03 6.679999999999999716e+01 1.000000000000000000e+00
5.987064652605936000e+15 4.000000000000000000e+02 1.250000000000000026e-03 6.700000000000000000e+01 1.000000000000000000e+00
5.987058672624623000e+15 4.000000000000000000e+02 1.250000000000000026e-03 6.720000000000000284e+01 1.000000000000000000e+00
5.987052692643311000e+15 4.000000000000000000e+02 1.250000000000000026e-03 6.740000000000000568e+01 1.000000000000000000e+00
5.987046712661998000e+15 4.000000000000000000e+02 1.250000000000000026e-03 6.760000000000000853e+01 1.000000000000000000e+00
5.987040732680686000e+15 4.000000000000000000e+02 1.250000000000000026e-03 6.779999999999999716e+01 1.000000000000000000e+00
5.987034752699373000e+15 4.000000000000000000e+02 1.250000000000000026e-03 6.800000000000000000e+01 1.000000000000000000e+00
5.987028772718061000e+15 4.000000000000000000e+02 1.250000000000000026e-03 6.820000000000000284e+01 1.000000000000000000e+00
5.987022792736749000e+15 4.000000000000000000e+02 1.250000000000000026e-03 6.840000000000000568e+01 1.000000000000000000e+00
5.987016812755436000e+15 4.000000000000000000e+02 1.250000000000000026e-03 6.860000000000000853e+01 1.000000000000000000e+00
5.987010832774124000e+15 4.000000000000000000e+02 1.250000000000000026e-03 6.879999999999999716e+01 1.000000000000000000e+00
5.987004852792811000e+15 4.000000000000000000e+02 1.250000000000000026e-03 6.900000000000000000e+01 1.000000000000000000e+00
5.986998872811499000e+15 4.000000000000000000e+02 1.250000000000000026e-03 6.920000000000000284e+01 1.000000000000000000e+00
5.986992892830186000e+15 4.000000000000000000e+02 1.250000000000000026e-03 6.940000000000000568e+01 1.000000000000000000e+00
5.986986912848874000e+15 4.000000000000000000e+02 1.250000000000000026e-03 6.960000000000000853e+01 1.000000000000000000e+00
5.986980932867561000e+15 4.000000000000000000e+02 1.250000000000000026e-03 6.979999999999999716e+01 1.000000000000000000e+00
5.986974952886249000e+15 4.000000000000000000e+02 1.250000000000000026e-03 7.000000000000000000e+01 1.000000000000000000e+00
5.986968972904936000e+15 4.000000000000000000e+02 1.250000000000000026e-03 7.020000000000000284e+01 1.000000000000000000e+00
5.986962992923624000e+15 4.000000000000000000e+02 1.250000000000000026e-03 7.040000000000000568e+01 1.000000000000000000e+00
5.986957012942311000e+15 4.000000000000000000e+02 1.250000000000000026e-03 7.060000000000000853e+01 1.000000000000000000e+00
5.986951032960999000e+15 4.000000000000000000e+02 1.250000000000000026e-03 7.079999999999999716e+01 1.000000000000000000e+00
5.986945052979686000e+15 4.000000000000000000e+02 1.250000000000000026e-03 7.100000000000000000e+01 1.000000000000000000e+00
5.986939072998374000e+15 4.000000000000000000e+02 1.250000000000000026e-03 7.120000000000000284e+01 1.000000000000000000e+00
5.986933093017061000e+15 4.000000000000000000e+02 1.250000000000000026e-03 7.140000000000000568e+01 1.000000000000000000e+00
5.986927113035749000e+15 4.000000000000000000e+02 1.250000000000000026e-03 7.160000000000000853e+01 1.000000000000000000e+00
5.986921133054437000e+15 4.000000000000000000e+02 1.250000000000000026e-03 7.179999999999999716e+01 1.000000000000000000e+00
5.986915153073124000e+15 4.000000000000000000e+02 1.250000000000000026e-03 7.200000000000000000e+01 1.000000000000000000e+00
5.986909173091812000e+15 4.000000000000000000e+02 1.250000000000000026e-03 7.220000000000000284e+01 1.000000000000000000e+00
5.986903193110499000e+15 4.000000000000000000e+02 1.250000000000000026e-03 7.240000000000000568e+01 1.000000000000000000e+00
5.986897213129187000e+15 4.000000000000000000e+02 1.250000000000000026e-03 7.260000000000000853e+01 1.000000000000000000e+00
5.986891233147874000e+15 4.000000000000000000e+02 1.250000000000000026e-03 7.279999999999999716e+01 1.000000000000000000e+00
5.986885253166562000e+15 4.000000000000000000e+02 1.250000000000000026e-03 7.300000000000000000e+01 1.000000000000000000e+00
5.986879273185249000e+15 4.000000000000000000e+02 1.250000000000000026e-03 7.320000000000000284e+01 1.000000000000000000e+00
5.986873293203937000e+15 4.000000000000000000e+02 1.250000000000000026e-03 7.340000000000000568e+01 1.000000000000000000e+00
5.986867313222624000e+15 4.000000000000000000e+02 1.250000000000000026e-03 7.360000000000000853e+01 1.000000000000000000e+00
5.986861333241312000e+15 4.000000000000000000e+02 1.250000000000000026e-03 7.379999999999999716e+01 1.000000000000000000e+00
5.986855353259999000e+15 4.000000000000000000e+02 1.250000000000000026e-03 7.400000000000000000e+01 1.000000000000000000e+00
5.986849373278687000e+15 4.000000000000000000e+02 1.250000000000000026e-03 7.420000000000000284e+01 1.000000000000000000e+00
5.986843393297374000e+15 4.000000000000000000e+02 1.250000000000000026e-03 7.440000000000000568e+01 1.000000000000000000e+00
5.986837413316062000e+15 4.000000000000000000e+02 1.250000000000000026e-03 7.460000000000000853e+01 1.000000000000000000e+00
5.986831433334749000e+15 4.000000000000000000e+02 1.250000000000000026e-03 7.479999999999999716e+01 1.000000000000000000e+00
5.986825453353437000e+15 4.000000000000000000e+02 1.250000000000000026e-03 7.500000000000000000e+01 1.000000000000000000e+00
5.986819473372125000e+15 4.000000000000000000e+02 1.250000000000000026e-03 7.520000000000000284e+01 1.000000000000000000e+00
5.986813493390812000e+15 4.000000000000000000e+02 1.250000000000000026e-03 7.540000000000000568e+01 1.000000000000000000e+00
5.986807513409500000e+15 4.000000000000000000e+02 1.250000000000000026e-03 7.560000000000000853e+01 1.000000000000000000e+00
5.986801533428187000e+15 4.000000000000000000e+02 1.250000000000000026e-03 7.579999999999999716e+01 1.000000000000000000e+00
5.986795553446875000e+15 4.000000000000000000e+02 1.250000000000000026e-03 7.600000000000000000e+01 1.000000000000000000e+00
5.986789573465562000e+15 4.000000000000000000e+02 1.250000000000000026e-03 7.620000000000000284e+01 1.000000000000000000e+00
5.986783593484250000e+15 4.000000000000000000e+02 1.250000000000000026e-03 7.640000000000000568e+01 1.000000000000000000e+00
5.986777613502937000e+15 4.000000000000000000e+02 1.250000000000000026e-03 7.660000000000000853e+01 1.000000000000000000e+00
5.986771633521625000e+15 4.000000000000000000e+02 1.250000000000000026e-03 7.680000000000001137e+01 1.000000000000000000e+00
5.986765653540312000e+15 4.000000000000000000e+02 1.250000000000000026e-03 7.700000000000000000e+01 1.000000000000000000e+00
5.986759673559000000e+15 4.000000000000000000e+02 1.250000000000000026e-03 7.720000000000000284e+01 1.000000000000000000e+00
5.986753693577687000e+15 4.000000000000000000e+02 1.250000000000000026e-03 7.740000000000000568e+01 1.000000000000000000e+00
5.986747713596375000e+15 4.000000000000000000e+02 1.250000000000000026e-03 7.760000000000000853e+01 1.000000000000000000e+00
5.986741733615062000e+15 4.000000000000000000e+02 1.250000000000000026e-03 7.780000000000001137e+01 1.000000000000000000e+00
5.986735753633750000e+15 4.000000000000000000e+02 1.250000000000000026e-03 7.800000000000000000e+01 1.000000000000000000e+00
5.986729773652437000e+15 4.000000000000000000e+02 1.250000000000000026e-03 7.820000000000000284e+01 1.000000000000000000e+00
5.986723793671125000e+15 4.000000000000000000e+02 1.250000000000000026e-03 7.840000000000000568e+01 1.000000000000000000e+00
5.986717813689813000e+15 4.000000000000000000e+02 1.250000000000000026e-03 7.860000000000000853e+01 1.000000000000000000e+00
5.986711833708500000e+15 4.000000000000000000e+02 1.250000000000000026e-03 7.880000000000001137e+01 1.000000000000000000e+00
5.986705853727188000e+15 4.000000000000000000e+02 1.250000000000000026e-03 7.900000000000000000e+01 1.000000000000000000e+00
5.986699873745875000e+15 4.000000000000000000e+02 1.250000000000000026e-03 7.920000000000000284e+01 1.000000000000000000e+00
5.986693893764563000e+15 4.000000000000000000e+02 1.250000000000000026e-03 7.940000000000000568e+01 1.000000000000000000e+00
5.986687913783250000e+15 4.000000000000000000e+02 1.250000000000000026e-03 7.960000000000000853e+01 1.000000000000000000e+00
5.986681933801938000e+15 4.000000000000000000e+02 1.250000000000000026e-03 7.980000000000001137e+01 1.000000000000000000e+00
5.986675953820625000e+15 4.000000000000000000e+02 1.250000000000000026e-03 8.000000000000000000e+01 1.000000000000000000e+00
5.986669973839313000e+15 4.000000000000000000e+02 1.250000000000000026e-03 8.020000000000000284e+01 1.000000000000000000e+00
5.986663993858000000e+15 4.000000000000000000e+02 1.250000000000000026e-03 8.040000000000000568e+01 1.000000000000000000e+00
5.986658013876688000e+15 4.000000000000000000e+02 1.250000000000000026e-03 8.060000000000000853e+01 1.000000000000000000e+00
5.986652033895375000e+15 4.000000000000000000e+02 1.250000000000000026e-03 8.080000000000001137e+01 1.000000000000000000e+00
5.986646053914063000e+15 4.000000000000000000e+02 1.250000000000000026e-03 8.100000000000000000e+01 1.000000000000000000e+00
5.986640073932750000e+15 4.000000000000000000e+02 1.250000000000000026e-03 8.120000000000000284e+01 1.000000000000000000e+00
5.986634093951438000e+15 4.000000000000000000e+02 1.250000000000000026e-03 8.140000000000000568e+01 1.000000000000000000e+00
5.986628113970125000e+15 4.000000000000000000e+02 1.250000000000000026e-03 8.160000000000000853e+01 1.000000000000000000e+00
5.986622133988813000e+15 4.000000000000000000e+02 1.250000000000000026e-03 8.180000000000001137e+01 1.000000000000000000e+00
5.986616154007501000e+15 4.000000000000000000e+02 1.250000000000000026e-03 8.200000000000000000e+01 1.000000000000000000e+00
5.986610174026188000e+15 4.000000000000000000e+02 1.250000000000000026e-03 8.220000000000000284e+01 1.000000000000000000e+00
5.986604194044876000e+15 4.000000000000000000e+02 1.250000000000000026e-03 8.240000000000000568e+01 1.000000000000000000e+00
5.986598214063563000e+15 4.000000000000000000e+02 1.250000000000000026e-03 8.260000000000000853e+01 1.000000000000000000e+00
5.986592234082251000e+15 4.000000000000000000e+02 1.250000000000000026e-03 8.280000000000001137e+01 1.000000000000000000e+00
5.986586254100938000e+15 4.000000000000000000e+02 1.250000000000000026e-03 8.300000000000000000e+01 1.000000000000000000e+00
5.986580274119626000e+15 4.000000000000000000e+02 1.250000000000000026e-03 8.320000000000000284e+01 1.000000000000000000e+00
5.986574294138313000e+15 4.000000000000000000e+02 1.250000000000000026e-03 8.340000000000000568e+01 1.000000000000000000e+00
5.986568314157001000e+15 4.000000000000000000e+02 1.250000000000000026e-03 8.360000000000000853e+01 1.000000000000000000e+00
5.986562334175688000e+15 4.000000000000000000e+02 1.250000000000000026e-03 8.380000000000001137e+01 1.000000000000000000e+00
5.986556354194376000e+15 4.000000000000000000e+02 1.250000000000000026e-03 8.400000000000000000e+01 1.000000000000000000e+00
5.986550374213063000e+15 4.000000000000000000e+02 1.250000000000000026e-03 8.420000000000000284e+01 1.000000000000000000e+00
5.986544394231751000e+15 4.000000000000000000e+02 1.250000000000000026e-03 8.440000000000000568e+01 1.000000000000000000e+00
5.986538414250438000e+15 4.000000000000000000e+02 1.250000000000000026e-03 8.460000000000000853e+01 1.000000000000000000e+00
5.986532434269126000e+15 4.000000000000000000e+02 1.250000000000000026e-03 8.480000000000001137e+01 1.000000000000000000e+00
5.986526454287813000e+15 4.000000000000000000e+02 1.250000000000000026e-03 8.500000000000000000e+01 1.000000000000000000e+00
5.986520474306501000e+15 4.000000000000000000e+02 1.250000000000000026e-03 8.520000000000000284e+01 1.000000000000000000e+00
5.986514494325189000e+15 4.000000000000000000e+02 1.250000000000000026e-03 8.540000000000000568e+01 1.000000000000000000e+00
5.986508514343876000e+15 4.000000000000000000e+02 1.250000000000000026e-03 8.560000000000000853e+01 1.000000000000000000e+00
5.986502534362564000e+15 4.000000000000000000e+02 1.250000000000000026e-03 8.580000000000001137e+01 1.000000000000000000e+00
5.986496554381251000e+15 4.000000000000000000e+02 1.250000000000000026e-03 8.600000000000000000e+01 1.000000000000000000e+00
5.986490574399939000e+15 4.000000000000000000e+02 1.250000000000000026e-03 8.620000000000000284e+01 1.000000000000000000e+00
5.986484594418626000e+15 4.000000000000000000e+02 1.250000000000000026e-03 8.640000000000000568e+01 1.000000000000000000e+00
5.986478614437314000e+15 4.000000000000000000e+02 1.250000000000000026e-03 8.660000000000000853e+01 1.000000000000000000e+00
5.986472634456001000e+15 4.000000000000000000e+02 1.250000000000000026e-03 8.680000000000001137e+01 1.000000000000000000e+00
5.986466654474689000e+15 4.000000000000000000e+02 1.250000000000000026e-03 8.700000000000000000e+01 1.000000000000000000e+00
5.986460674493376000e+15 4.000000000000000000e+02 1.250000000000000026e-03 8.720000000000000284e+01 1.000000000000000000e+00
5.986454694512064000e+15 4.000000000000000000e+02 1.250000000000000026e-03 8.740000000000000568e+01 1.000000000000000000e+00
5.986448714530751000e+15 4.000000000000000000e+02 1.250000000000000026e-03 8.760000000000000853e+01 1.000000000000000000e+00
5.986442734549439000e+15 4.000000000000000000e+02 1.250000000000000026e-03 8.780000000000001137e+01 1.000000000000000000e+00
5.986436754568126000e+15 4.000000000000000000e+02 1.250000000000000026e-03 8.800000000000000000e+01 1.000000000000000000e+00
5.986430774586814000e+15 4.000000000000000000e+02 1.250000000000000026e-03 8.820000000000000284e+01 1.000000000000000000e+00
5.986424794605501000e+15 4.000000000000000000e+02 1.250000000000000026e-03 8.840000000000000568e+01 1.000000000000000000e+00
5.986418814624189000e+15 4.000000000000000000e+02 1.250000000000000026e-03 8.860000000000000853e+01 1.000000000000000000e+00
5.986412834642877000e+15 4.000000000000000000e+02 1.250000000000000026e-03 8.880000000000001137e+01 1.000000000000000000e+00
5.986406854661564000e+15 4.000000000000000000e+02 1.250000000000000026e-03 8.900000000000000000e+01 1.000000000000000000e+00
5.986400874680252000e+15 4.000000000000000000e+02 1.250000000000000026e-03 8.920000000000000284e+01 1.000000000000000000e+00
5.986394894698939000e+15 4.000000000000000000e+02 1.250000000000000026e-03 8.940000000000000568e+01 1.000000000000000000e+00
5.986388914717627000e+15 4.000000000000000000e+02 1.250000000000000026e-03 8.960000000000000853e+01 1.000000000000000000e+00
5.986382934736314000e+15 4.000000000000000000e+02 1.250000000000000026e-03 8.980000000000001137e+01 1.000000000000000000e+00
5.986376954755002000e+15 4.000000000000000000e+02 1.250000000000000026e-03 9.000000000000000000e+01 1.000000000000000000e+00
5.986370974773689000e+15 4.000000000000000000e+02 1.250000000000000026e-03 9.020000000000000284e+01 1.000000000000000000e+00
5.986364994792377000e+15 4.000000000000000000e+02 1.250000000000000026e-03 9.040000000000000568e+01 1.000000000000000000e+00
5.986359014811064000e+15 4.000000000000000000e+02 1.250000000000000026e-03 9.060000000000000853e+01 1.000000000000000000e+00
5.986353034829752000e+15 4.000000000000000000e+02 1.250000000000000026e-03 9.080000000000001137e+01 1.000000000000000000e+00
5.986347054848439000e+15 4.000000000000000000e+02 1.250000000000000026e-03 9.100000000000000000e+01 1.000000000000000000e+00
5.986341074867127000e+15 4.000000000000000000e+02 1.250000000000000026e-03 9.120000000000000284e+01 1.000000000000000000e+00
5.986335094885814000e+15 4.000000000000000000e+02 1.250000000000000026e-03 9.140000000000000568e+01 1.000000000000000000e+00
5.986329114904502000e+15 4.000000000000000000e+02 1.250000000000000026e-03 9.160000000000000853e+01 1.000000000000000000e+00
5.986323134923189000e+15 4.000000000000000000e+02 1.250000000000000026e-03 9.180000000000001137e+01 1.000000000000000000e+00
5.986317154941877000e+15 4.000000000000000000e+02 1.250000000000000026e-03 9.200000000000000000e+01 1.000000000000000000e+00
5.986311174960565000e+15 4.000000000000000000e+02 1.250000000000000026e-03 9.220000000000000284e+01 1.000000000000000000e+00
5.986305194979252000e+15 4.000000000000000000e+02 1.250000000000000026e-03 9.240000000000000568e+01 1.000000000000000000e+00
5.986299214997940000e+15 4.000000000000000000e+02 1.250000000000000026e-03 9.260000000000000853e+01 1.000000000000000000e+00
5.986293235016627000e+15 4.000000000000000000e+02 1.250000000000000026e-03 9.280000000000001137e+01 1.000000000000000000e+00
5.986287255035315000e+15 4.000000000000000000e+02 1.250000000000000026e-03 9.300000000000000000e+01 1.000000000000000000e+00
5.986281275054002000e+15 4.000000000000000000e+02 1.250000000000000026e-03 9.320000000000000284e+01 1.000000000000000000e+00
5.986275295072690000e+15 4.000000000000000000e+02 1.250000000000000026e-03 9.340000000000000568e+01 1.000000000000000000e+00
5.986269315091377000e+15 4.000000000000000000e+02 1.250000000000000026e-03 9.360000000000000853e+01 1.000000000000000000e+00
5.986263335110065000e+15 4.000000000000000000e+02 1.250000000000000026e-03 9.380000000000001137e+01 1.000000000000000000e+00
5.986257355128752000e+15 4.000000000000000000e+02 1.250000000000000026e-03 9.400000000000000000e+01 1.000000000000000000e+00
5.986251375147440000e+15 4.000000000000000000e+02 1.250000000000000026e-03 9.420000000000000284e+01 1.000000000000000000e+00
5.986245395166127000e+15 4.000000000000000000e+02 1.250000000000000026e-03 9.440000000000000568e+01 1.000000000000000000e+00
5.986239415184815000e+15 4.000000000000000000e+02 1.250000000000000026e-03 9.460000000000000853e+01 1.000000000000000000e+00
5.986233435203502000e+15 4.000000000000000000e+02 1.250000000000000026e-03 9.480000000000001137e+01 1.000000000000000000e+00
5.986227455222190000e+15 4.000000000000000000e+02 1.250000000000000026e-03 9.500000000000000000e+01 1.000000000000000000e+00
5.986221475240877000e+15 4.000000000000000000e+02 1.250000000000000026e-03 9.520000000000000284e+01 1.000000000000000000e+00
5.986215495259565000e+15 4.000000000000000000e+02 1.250000000000000026e-03 9.540000000000000568e+01 1.000000000000000000e+00
5.986209515278253000e+15 4.000000000000000000e+02 1.250000000000000026e-03 9.560000000000000853e+01 1.000000000000000000e+00
5.986203535296940000e+15 4.000000000000000000e+02 1.250000000000000026e-03 9.580000000000001137e+01 1.000000000000000000e+00
5.986197555315628000e+15 4.000000000000000000e+02 1.250000000000000026e-03 9.600000000000000000e+01 1.000000000000000000e+00
5.986191575334315000e+15 4.000000000000000000e+02 1.250000000000000026e-03 9.620000000000000284e+01 1.000000000000000000e+00
5.986185595353003000e+15 4.000000000000000000e+02 1.250000000000000026e-03 9.640000000000000568e+01 1.000000000000000000e+00
5.986179615371690000e+15 4.000000000000000000e+02 1.250000000000000026e-03 9.660000000000000853e+01 1.000000000000000000e+00
5.986173635390378000e+15 4.000000000000000000e+02 1.250000000000000026e-03 9.680000000000001137e+01 1.000000000000000000e+00
5.986167655409065000e+15 4.000000000000000000e+02 1.250000000000000026e-03 9.700000000000000000e+01 1.000000000000000000e+00
5.986161675427753000e+15 4.000000000000000000e+02 1.250000000000000026e-03 9.720000000000000284e+01 1.000000000000000000e+00
5.986155695446440000e+15 4.000000000000000000e+02 1.250000000000000026e-03 9.740000000000000568e+01 1.000000000000000000e+00
5.986149715465128000e+15 4.000000000000000000e+02 1.250000000000000026e-03 9.760000000000000853e+01 1.000000000000000000e+00
5.986143735483815000e+15 4.000000000000000000e+02 1.250000000000000026e-03 9.780000000000001137e+01 1.000000000000000000e+00
5.986137755502503000e+15 4.000000000000000000e+02 1.250000000000000026e-03 9.800000000000000000e+01 1.000000000000000000e+00
5.986131775521190000e+15 4.000000000000000000e+02 1.250000000000000026e-03 9.820000000000000284e+01 1.000000000000000000e+00
5.986125795539878000e+15 4.000000000000000000e+02 1.250000000000000026e-03 9.840000000000000568e+01 1.000000000000000000e+00
5.986119815558565000e+15 4.000000000000000000e+02 1.250000000000000026e-03 9.860000000000000853e+01 1.000000000000000000e+00
5.986113835577253000e+15 4.000000000000000000e+02 1.250000000000000026e-03 9.880000000000001137e+01 1.000000000000000000e+00
5.986107855595941000e+15 4.000000000000000000e+02 1.250000000000000026e-03 9.900000000000000000e+01 1.000000000000000000e+00
5.986101875614628000e+15 4.000000000000000000e+02 1.250000000000000026e-03 9.920000000000000284e+01 1.000000000000000000e+00
5.986095895633316000e+15 4.000000000000000000e+02 1.250000000000000026e-03 9.940000000000000568e+01 1.000000000000000000e+00
5.986089915652003000e+15 4.000000000000000000e+02 1.250000000000000026e-03 9.960000000000000853e+01 1.000000000000000000e+00
5.986083935670691000e+15 4.000000000000000000e+02 1.250000000000000026e-03 9.980000000000001137e+01 1.000000000000000000e+00
