1.146478130204345000e+15 1.000000000000000000e+02 5.000000000000000104e-03 0.000000000000000000e+00 1.000000000000000000e+00
1.146472150503352500e+15 1.000000000000000000e+02 5.000000000000000104e-03 2.000000000000000111e-01 1.000000000000000000e+00
1.146466170802359750e+15 1.000000000000000000e+02 5.000000000000000104e-03 4.000000000000000222e-01 1.000000000000000000e+00
1.146460191101367250e+15 1.000000000000000000e+02 5.000000000000000104e-03 6.000000000000000888e-01 1.000000000000000000e+00
1.146454211400374750e+15 1.000000000000000000e+02 5.000000000000000104e-03 8.000000000000000444e-01 1.000000000000000000e+00
1.146448231699382250e+15 1.000000000000000000e+02 5.000000000000000104e-03 1.000000000000000000e+00 1.000000000000000000e+00
1.146442251998389750e+15 1.000000000000000000e+02 5.000000000000000104e-03 1.200000000000000178e+00 1.000000000000000000e+00
1.146436272297397250e+15 1.000000000000000000e+02 5.000000000000000104e-03 1.400000000000000133e+00 1.000000000000000000e+00
1.146430292596404750e+15 1.000000000000000000e+02 5.000000000000000104e-03 1.600000000000000089e+00 1.000000000000000000e+00
1.146424312895412250e+15 1.000000000000000000e+02 5.000000000000000104e-03 1.800000000000000044e+00 1.000000000000000000e+00
1.146418333194419750e+15 1.000000000000000000e+02 5.000000000000000104e-03 2.000000000000000000e+00 1.000000000000000000e+00
1.146412353493427250e+15 1.000000000000000000e+02 5.000000000000000104e-03 2.200000000000000178e+00 1.000000000000000000e+00
1.146406373792434500e+15 1.000000000000000000e+02 5.000000000000000104e-03 2.400000000000000355e+00 1.000000000000000000e+00
1.146400394091442000e+15 1.000000000000000000e+02 5.000000000000000104e-03 2.600000000000000089e+00 1.000000000000000000e+00
1.146394414390449500e+15 1.000000000000000000e+02 5.000000000000000104e-03 2.800000000000000266e+00 1.000000000000000000e+00
1.146388434689457000e+15 1.000000000000000000e+02 5.000000000000000104e-03 3.000000000000000000e+00 1.000000000000000000e+00
1.146382454988464500e+15 1.000000000000000000e+02 5.000000000000000104e-03 3.200000000000000178e+00 1.000000000000000000e+00
1.146376475287472000e+15 1.000000000000000000e+02 5.000000000000000104e-03 3.400000000000000355e+00 1.000000000000000000e+00
1.146370495586479500e+15 1.000000000000000000e+02 5.000000000000000104e-03 3.600000000000000089e+00 1.000000000000000000e+00
1.146364515885487000e+15 1.000000000000000000e+02 5.000000000000000104e-03 3.800000000000000266e+00 1.000000000000000000e+00
1.146358536184494500e+15 1.000000000000000000e+02 5.000000000000000104e-03 4.000000000000000000e+00 1.000000000000000000e+00
1.146352556483502000e+15 1.000000000000000000e+02 5.000000000000000104e-03 4.200000000000000178e+00 1.000000000000000000e+00
1.146346576782509250e+15 1.000000000000000000e+02 5.000000000000000104e-03 4.400000000000000355e+00 1.000000000000000000e+00
1.146340597081516750e+15 1.000000000000000000e+02 5.000000000000000104e-03 4.600000000000000533e+00 1.000000000000000000e+00
1.146334617380524250e+15 1.000000000000000000e+02 5.000000000000000104e-03 4.800000000000000711e+00 1.000000000000000000e+00
1.146328637679531750e+15 1.000000000000000000e+02 5.000000000000000104e-03 5.000000000000000000e+00 1.000000000000000000e+00
1.146322657978539250e+15 1.000000000000000000e+02 5.000000000000000104e-03 5.200000000000000178e+00 1.000000000000000000e+00
1.146316678277546750e+15 1.000000000000000000e+02 5.000000000000000104e-03 5.400000000000000355e+00 1.000000000000000000e+00
1.146310698576554250e+15 1.000000000000000000e+02 5.000000000000000104e-03 5.600000000000000533e+00 1.000000000000000000e+00
1.146304718875561750e+15 1.000000000000000000e+02 5.000000000000000104e-03 5.800000000000000711e+00 1.000000000000000000e+00
1.146298739174569250e+15 1.000000000000000000e+02 5.000000000000000104e-03 6.000000000000000000e+00 1.000000000000000000e+00
1.146292759473576750e+15 1.000000000000000000e+02 5.000000000000000104e-03 6.200000000000000178e+00 1.000000000000000000e+00
1.146286779772584000e+15 1.000000000000000000e+02 5.000000000000000104e-03 6.400000000000000355e+00 1.000000000000000000e+00
1.146280800071591500e+15 1.000000000000000000e+02 5.000000000000000104e-03 6.600000000000000533e+00 1.000000000000000000e+00
1.146274820370599000e+15 1.000000000000000000e+02 5.000000000000000104e-03 6.800000000000000711e+00 1.000000000000000000e+00
1.146268840669606500e+15 1.000000000000000000e+02 5.000000000000000104e-03 7.000000000000000000e+00 1.000000000000000000e+00
1.146262860968614000e+15 1.000000000000000000e+02 5.000000000000000104e-03 7.200000000000000178e+00 1.000000000000000000e+00
1.146256881267621500e+15 1.000000000000000000e+02 5.000000000000000104e-03 7.400000000000000355e+00 1.000000000000000000e+00
1.146250901566629000e+15 1.000000000000000000e+02 5.000000000000000104e-03 7.600000000000000533e+00 1.000000000000000000e+00
1.146244921865636500e+15 1.000000000000000000e+02 5.000000000000000104e-03 7.800000000000000711e+00 1.000000000000000000e+00
1.146238942164644000e+15 1.000000000000000000e+02 5.000000000000000104e-03 8.000000000000000000e+00 1.000000000000000000e+00
1.146232962463651500e+15 1.000000000000000000e+02 5.000000000000000104e-03 8.200000000000001066e+00 1.000000000000000000e+00
1.146226982762659000e+15 1.000000000000000000e+02 5.000000000000000104e-03 8.400000000000000355e+00 1.000000000000000000e+00
1.146221003061666250e+15 1.000000000000000000e+02 5.000000000000000104e-03 8.599999999999999645e+00 1.000000000000000000e+00
1.146215023360673750e+15 1.000000000000000000e+02 5.000000000000000104e-03 8.800000000000000711e+00 1.000000000000000000e+00
1.146209043659681250e+15 1.000000000000000000e+02 5.000000000000000104e-03 9.000000000000000000e+00 1.000000000000000000e+00
1.146203063958688750e+15 1.000000000000000000e+02 5.000000000000000104e-03 9.200000000000001066e+00 1.000000000000000000e+00
1.146197084257696250e+15 1.000000000000000000e+02 5.000000000000000104e-03 9.400000000000000355e+00 1.000000000000000000e+00
1.146191104556703750e+15 1.000000000000000000e+02 5.000000000000000104e-03 9.600000000000001421e+00 1.000000000000000000e+00
1.146185124855711250e+15 1.000000000000000000e+02 5.000000000000000104e-03 9.800000000000000711e+00 1.000000000000000000e+00
1.146179145154718750e+15 1.000000000000000000e+02 5.000000000000000104e-03 1.000000000000000000e+01 1.000000000000000000e+00
1.146173165453726250e+15 1.000000000000000000e+02 5.000000000000000104e-03 1.020000000000000107e+01 1.000000000000000000e+00
1.146167185752733750e+15 1.000000000000000000e+02 5.000000000000000104e-03 1.040000000000000036e+01 1.000000000000000000e+00
1.146161206051741000e+15 1.000000000000000000e+02 5.000000000000000104e-03 1.060000000000000142e+01 1.000000000000000000e+00
1.146155226350748500e+15 1.000000000000000000e+02 5.000000000000000104e-03 1.080000000000000071e+01 1.000000000000000000e+00
1.146149246649756000e+15 1.000000000000000000e+02 5.000000000000000104e-03 1.100000000000000000e+01 1.000000000000000000e+00
1.146143266948763500e+15 1.000000000000000000e+02 5.000000000000000104e-03 1.120000000000000107e+01 1.000000000000000000e+00
1.146137287247771000e+15 1.000000000000000000e+02 5.000000000000000104e-03 1.140000000000000036e+01 1.000000000000000000e+00
1.146131307546778500e+15 1.000000000000000000e+02 5.000000000000000104e-03 1.160000000000000142e+01 1.000000000000000000e+00
1.146125327845786000e+15 1.000000000000000000e+02 5.000000000000000104e-03 1.180000000000000071e+01 1.000000000000000000e+00
1.146119348144793500e+15 1.000000000000000000e+02 5.000000000000000104e-03 1.200000000000000000e+01 1.000000000000000000e+00
1.146113368443801000e+15 1.000000000000000000e+02 5.000000000000000104e-03 1.220000000000000107e+01 1.000000000000000000e+00
1.146107388742808500e+15 1.000000000000000000e+02 5.000000000000000104e-03 1.240000000000000036e+01 1.000000000000000000e+00
1.146101409041815750e+15 1.000000000000000000e+02 5.000000000000000104e-03 1.260000000000000142e+01 1.000000000000000000e+00
1.146095429340823250e+15 1.000000000000000000e+02 5.000000000000000104e-03 1.280000000000000071e+01 1.000000000000000000e+00
1.146089449639830750e+15 1.000000000000000000e+02 5.000000000000000104e-03 1.300000000000000000e+01 1.000000000000000000e+00
1.146083469938838250e+15 1.000000000000000000e+02 5.000000000000000104e-03 1.320000000000000107e+01 1.000000000000000000e+00
1.146077490237845750e+15 1.000000000000000000e+02 5.000000000000000104e-03 1.340000000000000036e+01 1.000000000000000000e+00
1.146071510536853250e+15 1.000000000000000000e+02 5.000000000000000104e-03 1.360000000000000142e+01 1.000000000000000000e+00
1.146065530835860750e+15 1.000000000000000000e+02 5.000000000000000104e-03 1.380000000000000071e+01 1.000000000000000000e+00
1.146059551134868250e+15 1.000000000000000000e+02 5.000000000000000104e-03 1.400000000000000000e+01 1.000000000000000000e+00
1.146053571433875750e+15 1.000000000000000000e+02 5.000000000000000104e-03 1.420000000000000107e+01 1.000000000000000000e+00
1.146047591732883250e+15 1.000000000000000000e+02 5.000000000000000104e-03 1.440000000000000036e+01 1.000000000000000000e+00
1.146041612031890500e+15 1.000000000000000000e+02 5.000000000000000104e-03 1.460000000000000142e+01 1.000000000000000000e+00
1.146035632330898000e+15 1.000000000000000000e+02 5.000000000000000104e-03 1.480000000000000071e+01 1.000000000000000000e+00
1.146029652629905500e+15 1.000000000000000000e+02 5.000000000000000104e-03 1.500000000000000000e+01 1.000000000000000000e+00
1.146023672928913000e+15 1.000000000000000000e+02 5.000000000000000104e-03 1.520000000000000107e+01 1.000000000000000000e+00
1.146017693227920500e+15 1.000000000000000000e+02 5.000000000000000104e-03 1.540000000000000036e+01 1.000000000000000000e+00
1.146011713526928000e+15 1.000000000000000000e+02 5.000000000000000104e-03 1.560000000000000142e+01 1.000000000000000000e+00
1.146005733825935500e+15 1.000000000000000000e+02 5.000000000000000104e-03 1.580000000000000071e+01 1.000000000000000000e+00
1.145999754124943000e+15 1.000000000000000000e+02 5.000000000000000104e-03 1.600000000000000000e+01 1.000000000000000000e+00
1.145993774423950500e+15 1.000000000000000000e+02 5.000000000000000104e-03 1.619999999999999929e+01 1.000000000000000000e+00
1.145987794722958000e+15 1.000000000000000000e+02 5.000000000000000104e-03 1.640000000000000213e+01 1.000000000000000000e+00
1.145981815021965250e+15 1.000000000000000000e+02 5.000000000000000104e-03 1.660000000000000142e+01 1.000000000000000000e+00
1.145975835320972750e+15 1.000000000000000000e+02 5.000000000000000104e-03 1.680000000000000071e+01 1.000000000000000000e+00
1.145969855619980250e+15 1.000000000000000000e+02 5.000000000000000104e-03 1.700000000000000000e+01 1.000000000000000000e+00
1.145963875918987750e+15 1.000000000000000000e+02 5.000000000000000104e-03 1.719999999999999929e+01 1.000000000000000000e+00
1.145957896217995250e+15 1.000000000000000000e+02 5.000000000000000104e-03 1.740000000000000213e+01 1.000000000000000000e+00
1.145951916517002750e+15 1.000000000000000000e+02 5.000000000000000104e-03 1.760000000000000142e+01 1.000000000000000000e+00
1.145945936816010250e+15 1.000000000000000000e+02 5.000000000000000104e-03 1.780000000000000071e+01 1.000000000000000000e+00
1.145939957115017750e+15 1.000000000000000000e+02 5.000000000000000104e-03 1.800000000000000000e+01 1.000000000000000000e+00
1.145933977414025250e+15 1.000000000000000000e+02 5.000000000000000104e-03 1.819999999999999929e+01 1.000000000000000000e+00
1.145927997713032750e+15 1.000000000000000000e+02 5.000000000000000104e-03 1.840000000000000213e+01 1.000000000000000000e+00
1.145922018012040250e+15 1.000000000000000000e+02 5.000000000000000104e-03 1.860000000000000142e+01 1.000000000000000000e+00
1.145916038311047500e+15 1.000000000000000000e+02 5.000000000000000104e-03 1.880000000000000071e+01 1.000000000000000000e+00
8.940871513862125000e+14 1.000000000000000000e+02 5.000000000000000104e-03 1.900000000000000000e+01 0.000000000000000000e+00
6.383710179383202500e+14 1.000000000000000000e+02 5.000000000000000104e-03 1.920000000000000284e+01 0.000000000000000000e+00
3.827037864327622500e+14 1.000000000000000000e+02 5.000000000000000104e-03 1.940000000000000213e+01 0.000000000000000000e+00
1.275724720237121875e+14 1.000000000000000000e+02 5.000000000000000104e-03 1.960000000000000142e+01 0.000000000000000000e+00
2.391880397009851074e+12 1.000000000000000000e+02 5.000000000000000104e-03 1.980000000000000071e+01 0.000000000000000000e+00
3.826869740181161250e+14 1.191910493544264966e+02 1.124999999999999958e-02 2.000000000000000000e+01 0.000000000000000000e+00
6.369641734119531250e+14 1.254183186631928777e+02 1.749999999999999820e-02 2.020000000000000284e+01 0.000000000000000000e+00
8.913836528208111250e+14 1.284744208204175493e+02 2.375000000000000028e-02 2.040000000000000213e+01 0.000000000000000000e+00
1.145910058836653500e+15 1.302842375966370412e+02 3.000000000000000236e-02 2.060000000000000142e+01 1.000000000000000000e+00
1.145909957425103750e+15 4.000000000000000000e+02 1.250000000000000026e-03 2.080000000000000071e+01 1.000000000000000000e+00
1.145903977443791250e+15 4.000000000000000000e+02 1.250000000000000026e-03 2.100000000000000000e+01 1.000000000000000000e+00
1.145897997462478750e+15 4.000000000000000000e+02 1.250000000000000026e-03 2.120000000000000284e+01 1.000000000000000000e+00
1.145892017481166250e+15 4.000000000000000000e+02 1.250000000000000026e-03 2.140000000000000213e+01 1.000000000000000000e+00
1.145886037499853750e+15 4.000000000000000000e+02 1.250000000000000026e-03 2.160000000000000142e+01 1.000000000000000000e+00
1.145880057518541250e+15 4.000000000000000000e+02 1.250000000000000026e-03 2.180000000000000071e+01 1.000000000000000000e+00
1.145874077537228750e+15 4.000000000000000000e+02 1.250000000000000026e-03 2.200000000000000000e+01 1.000000000000000000e+00
1.145868097555916500e+15 4.000000000000000000e+02 1.250000000000000026e-03 2.220000000000000284e+01 1.000000000000000000e+00
1.145862117574604000e+15 4.000000000000000000e+02 1.250000000000000026e-03 2.240000000000000213e+01 1.000000000000000000e+00
1.145856137593291500e+15 4.000000000000000000e+02 1.250000000000000026e-03 2.260000000000000142e+01 1.000000000000000000e+00
1.145850157611979000e+15 4.000000000000000000e+02 1.250000000000000026e-03 2.280000000000000071e+01 1.000000000000000000e+00
1.145844177630666500e+15 4.000000000000000000e+02 1.250000000000000026e-03 2.300000000000000000e+01 1.000000000000000000e+00
1.145838197649354000e+15 4.000000000000000000e+02 1.250000000000000026e-03 2.320000000000000284e+01 1.000000000000000000e+00
1.145832217668041500e+15 4.000000000000000000e+02 1.250000000000000026e-03 2.340000000000000213e+01 1.000000000000000000e+00
1.145826237686729000e+15 4.000000000000000000e+02 1.250000000000000026e-03 2.360000000000000142e+01 1.000000000000000000e+00
1.145820257705416750e+15 4.000000000000000000e+02 1.250000000000000026e-03 2.380000000000000071e+01 1.000000000000000000e+00
1.145814277724104250e+15 4.000000000000000000e+02 1.250000000000000026e-03 2.400000000000000000e+01 1.000000000000000000e+00
1.145808297742791750e+15 4.000000000000000000e+02 1.250000000000000026e-03 2.420000000000000284e+01 1.000000000000000000e+00
1.145802317761479250e+15 4.000000000000000000e+02 1.250000000000000026e-03 2.440000000000000213e+01 1.000000000000000000e+00
1.145796337780166750e+15 4.000000000000000000e+02 1.250000000000000026e-03 2.460000000000000142e+01 1.000000000000000000e+00
1.145790357798854250e+15 4.000000000000000000e+02 1.250000000000000026e-03 2.480000000000000071e+01 1.000000000000000000e+00
1.145784377817541750e+15 4.000000000000000000e+02 1.250000000000000026e-03 2.500000000000000000e+01 1.000000000000000000e+00
1.145778397836229250e+15 4.000000000000000000e+02 1.250000000000000026e-03 2.520000000000000284e+01 1.000000000000000000e+00
1.145772417854916750e+15 4.000000000000000000e+02 1.250000000000000026e-03 2.540000000000000213e+01 1.000000000000000000e+00
1.145766437873604500e+15 4.000000000000000000e+02 1.250000000000000026e-03 2.560000000000000142e+01 1.000000000000000000e+00
1.145760457892292000e+15 4.000000000000000000e+02 1.250000000000000026e-03 2.580000000000000071e+01 1.000000000000000000e+00
1.145754477910979500e+15 4.000000000000000000e+02 1.250000000000000026e-03 2.600000000000000000e+01 1.000000000000000000e+00
1.145748497929667000e+15 4.000000000000000000e+02 1.250000000000000026e-03 2.620000000000000284e+01 1.000000000000000000e+00
1.145742517948354500e+15 4.000000000000000000e+02 1.250000000000000026e-03 2.640000000000000213e+01 1.000000000000000000e+00
1.145736537967042000e+15 4.000000000000000000e+02 1.250000000000000026e-03 2.660000000000000142e+01 1.000000000000000000e+00
1.145730557985729500e+15 4.000000000000000000e+02 1.250000000000000026e-03 2.680000000000000071e+01 1.000000000000000000e+00
1.145724578004417000e+15 4.000000000000000000e+02 1.250000000000000026e-03 2.700000000000000000e+01 1.000000000000000000e+00
1.145718598023104750e+15 4.000000000000000000e+02 1.250000000000000026e-03 2.720000000000000284e+01 1.000000000000000000e+00
1.145712618041792250e+15 4.000000000000000000e+02 1.250000000000000026e-03 2.740000000000000213e+01 1.000000000000000000e+00
1.145706638060479750e+15 4.000000000000000000e+02 1.250000000000000026e-03 2.760000000000000142e+01 1.000000000000000000e+00
1.145700658079167250e+15 4.000000000000000000e+02 1.250000000000000026e-03 2.780000000000000071e+01 1.000000000000000000e+00
1.145694678097854750e+15 4.000000000000000000e+02 1.250000000000000026e-03 2.800000000000000000e+01 1.000000000000000000e+00
1.145688698116542250e+15 4.000000000000000000e+02 1.250000000000000026e-03 2.820000000000000284e+01 1.000000000000000000e+00
1.145682718135229750e+15 4.000000000000000000e+02 1.250000000000000026e-03 2.840000000000000213e+01 1.000000000000000000e+00
1.145676738153917250e+15 4.000000000000000000e+02 1.250000000000000026e-03 2.860000000000000142e+01 1.000000000000000000e+00
1.145670758172604750e+15 4.000000000000000000e+02 1.250000000000000026e-03 2.880000000000000071e+01 1.000000000000000000e+00
1.145664778191292500e+15 4.000000000000000000e+02 1.250000000000000026e-03 2.900000000000000000e+01 1.000000000000000000e+00
1.145658798209980000e+15 4.000000000000000000e+02 1.250000000000000026e-03 2.920000000000000284e+01 1.000000000000000000e+00
1.145652818228667500e+15 4.000000000000000000e+02 1.250000000000000026e-03 2.940000000000000213e+01 1.000000000000000000e+00
1.145646838247355000e+15 4.000000000000000000e+02 1.250000000000000026e-03 2.960000000000000142e+01 1.000000000000000000e+00
1.145640858266042500e+15 4.000000000000000000e+02 1.250000000000000026e-03 2.980000000000000071e+01 1.000000000000000000e+00
1.145634878284730000e+15 4.000000000000000000e+02 1.250000000000000026e-03 3.000000000000000000e+01 1.000000000000000000e+00
1.145628898303417500e+15 4.000000000000000000e+02 1.250000000000000026e-03 3.020000000000000284e+01 1.000000000000000000e+00
1.145622918322105000e+15 4.000000000000000000e+02 1.250000000000000026e-03 3.040000000000000213e+01 1.000000000000000000e+00
1.145616938340792750e+15 4.000000000000000000e+02 1.250000000000000026e-03 3.060000000000000142e+01 1.000000000000000000e+00
1.145610958359480250e+15 4.000000000000000000e+02 1.250000000000000026e-03 3.080000000000000071e+01 1.000000000000000000e+00
1.145604978378167750e+15 4.000000000000000000e+02 1.250000000000000026e-03 3.100000000000000000e+01 1.000000000000000000e+00
1.145598998396855250e+15 4.000000000000000000e+02 1.250000000000000026e-03 3.120000000000000284e+01 1.000000000000000000e+00
1.145593018415542750e+15 4.000000000000000000e+02 1.250000000000000026e-03 3.140000000000000213e+01 1.000000000000000000e+00
1.145587038434230250e+15 4.000000000000000000e+02 1.250000000000000026e-03 3.160000000000000142e+01 1.000000000000000000e+00
1.145581058452917750e+15 4.000000000000000000e+02 1.250000000000000026e-03 3.180000000000000071e+01 1.000000000000000000e+00
1.145575078471605250e+15 4.000000000000000000e+02 1.250000000000000026e-03 3.200000000000000000e+01 1.000000000000000000e+00
1.145569098490292750e+15 4.000000000000000000e+02 1.250000000000000026e-03 3.220000000000000284e+01 1.000000000000000000e+00
1.145563118508980500e+15 4.000000000000000000e+02 1.250000000000000026e-03 3.239999999999999858e+01 1.000000000000000000e+00
1.145557138527668000e+15 4.000000000000000000e+02 1.250000000000000026e-03 3.260000000000000142e+01 1.000000000000000000e+00
1.145551158546355500e+15 4.000000000000000000e+02 1.250000000000000026e-03 3.280000000000000426e+01 1.000000000000000000e+00
1.145545178565043000e+15 4.000000000000000000e+02 1.250000000000000026e-03 3.300000000000000000e+01 1.000000000000000000e+00
1.145539198583730500e+15 4.000000000000000000e+02 1.250000000000000026e-03 3.320000000000000284e+01 1.000000000000000000e+00
1.145533218602418000e+15 4.000000000000000000e+02 1.250000000000000026e-03 3.339999999999999858e+01 1.000000000000000000e+00
1.145527238621105500e+15 4.000000000000000000e+02 1.250000000000000026e-03 3.360000000000000142e+01 1.000000000000000000e+00
1.145521258639793000e+15 4.000000000000000000e+02 1.250000000000000026e-03 3.380000000000000426e+01 1.000000000000000000e+00
1.145515278658480500e+15 4.000000000000000000e+02 1.250000000000000026e-03 3.400000000000000000e+01 1.000000000000000000e+00
1.145509298677168250e+15 4.000000000000000000e+02 1.250000000000000026e-03 3.420000000000000284e+01 1.000000000000000000e+00
1.145503318695855750e+15 4.000000000000000000e+02 1.250000000000000026e-03 3.439999999999999858e+01 1.000000000000000000e+00
1.145497338714543250e+15 4.000000000000000000e+02 1.250000000000000026e-03 3.460000000000000142e+01 1.000000000000000000e+00
1.145491358733230750e+15 4.000000000000000000e+02 1.250000000000000026e-03 3.480000000000000426e+01 1.000000000000000000e+00
1.145485378751918250e+15 4.000000000000000000e+02 1.250000000000000026e-03 3.500000000000000000e+01 1.000000000000000000e+00
1.145479398770605750e+15 4.000000000000000000e+02 1.250000000000000026e-03 3.520000000000000284e+01 1.000000000000000000e+00
1.145473418789293250e+15 4.000000000000000000e+02 1.250000000000000026e-03 3.539999999999999858e+01 1.000000000000000000e+00
1.145467438807980750e+15 4.000000000000000000e+02 1.250000000000000026e-03 3.560000000000000142e+01 1.000000000000000000e+00
1.145461458826668500e+15 4.000000000000000000e+02 1.250000000000000026e-03 3.580000000000000426e+01 1.000000000000000000e+00
1.145455478845356000e+15 4.000000000000000000e+02 1.250000000000000026e-03 3.600000000000000000e+01 1.000000000000000000e+00
1.145449498864043500e+15 4.000000000000000000e+02 1.250000000000000026e-03 3.620000000000000284e+01 1.000000000000000000e+00
1.145443518882731000e+15 4.000000000000000000e+02 1.250000000000000026e-03 3.639999999999999858e+01 1.000000000000000000e+00
1.145437538901418500e+15 4.000000000000000000e+02 1.250000000000000026e-03 3.660000000000000142e+01 1.000000000000000000e+00
1.145431558920106000e+15 4.000000000000000000e+02 1.250000000000000026e-03 3.680000000000000426e+01 1.000000000000000000e+00
1.145425578938793500e+15 4.000000000000000000e+02 1.250000000000000026e-03 3.700000000000000000e+01 1.000000000000000000e+00
1.145419598957481000e+15 4.000000000000000000e+02 1.250000000000000026e-03 3.720000000000000284e+01 1.000000000000000000e+00
1.145413618976168500e+15 4.000000000000000000e+02 1.250000000000000026e-03 3.739999999999999858e+01 1.000000000000000000e+00
1.145407638994856250e+15 4.000000000000000000e+02 1.250000000000000026e-03 3.760000000000000142e+01 1.000000000000000000e+00
1.145401659013543750e+15 4.000000000000000000e+02 1.250000000000000026e-03 3.780000000000000426e+01 1.000000000000000000e+00
1.145395679032231250e+15 4.000000000000000000e+02 1.250000000000000026e-03 3.800000000000000000e+01 1.000000000000000000e+00
1.145389699050918750e+15 4.000000000000000000e+02 1.250000000000000026e-03 3.820000000000000284e+01 1.000000000000000000e+00
1.145383719069606250e+15 4.000000000000000000e+02 1.250000000000000026e-03 3.840000000000000568e+01 1.000000000000000000e+00
1.145377739088293750e+15 4.000000000000000000e+02 1.250000000000000026e-03 3.860000000000000142e+01 1.000000000000000000e+00
1.145371759106981250e+15 4.000000000000000000e+02 1.250000000000000026e-03 3.880000000000000426e+01 1.000000000000000000e+00
1.145365779125668750e+15 4.000000000000000000e+02 1.250000000000000026e-03 3.900000000000000000e+01 1.000000000000000000e+00
1.145359799144356500e+15 4.000000000000000000e+02 1.250000000000000026e-03 3.920000000000000284e+01 1.000000000000000000e+00
1.145353819163044000e+15 4.000000000000000000e+02 1.250000000000000026e-03 3.940000000000000568e+01 1.000000000000000000e+00
1.145347839181731500e+15 4.000000000000000000e+02 1.250000000000000026e-03 3.960000000000000142e+01 1.000000000000000000e+00
1.145341859200419000e+15 4.000000000000000000e+02 1.250000000000000026e-03 3.980000000000000426e+01 1.000000000000000000e+00
1.145335879219106500e+15 4.000000000000000000e+02 1.250000000000000026e-03 4.000000000000000000e+01 1.000000000000000000e+00
1.145329899237794000e+15 4.000000000000000000e+02 1.250000000000000026e-03 4.020000000000000284e+01 1.000000000000000000e+00
1.145323919256481500e+15 4.000000000000000000e+02 1.250000000000000026e-03 4.040000000000000568e+01 1.000000000000000000e+00
1.145317939275169000e+15 4.000000000000000000e+02 1.250000000000000026e-03 4.060000000000000142e+01 1.000000000000000000e+00
1.145311959293856500e+15 4.000000000000000000e+02 1.250000000000000026e-03 4.080000000000000426e+01 1.000000000000000000e+00
1.145305979312544250e+15 4.000000000000000000e+02 1.250000000000000026e-03 4.100000000000000000e+01 1.000000000000000000e+00
1.145299999331231750e+15 4.000000000000000000e+02 1.250000000000000026e-03 4.120000000000000284e+01 1.000000000000000000e+00
1.145294019349919250e+15 4.000000000000000000e+02 1.250000000000000026e-03 4.140000000000000568e+01 1.000000000000000000e+00
1.145288039368606750e+15 4.000000000000000000e+02 1.250000000000000026e-03 4.160000000000000142e+01 1.000000000000000000e+00
1.145282059387294250e+15 4.000000000000000000e+02 1.250000000000000026e-03 4.180000000000000426e+01 1.000000000000000000e+00
1.145276079405981750e+15 4.000000000000000000e+02 1.250000000000000026e-03 4.200000000000000000e+01 1.000000000000000000e+00
1.145270099424669250e+15 4.000000000000000000e+02 1.250000000000000026e-03 4.220000000000000284e+01 1.000000000000000000e+00
1.145264119443356750e+15 4.000000000000000000e+02 1.250000000000000026e-03 4.240000000000000568e+01 1.000000000000000000e+00
1.145258139462044500e+15 4.000000000000000000e+02 1.250000000000000026e-03 4.260000000000000142e+01 1.000000000000000000e+00
1.145252159480732000e+15 4.000000000000000000e+02 1.250000000000000026e-03 4.280000000000000426e+01 1.000000000000000000e+00
1.145246179499419500e+15 4.000000000000000000e+02 1.250000000000000026e-03 4.300000000000000000e+01 1.000000000000000000e+00
1.145240199518107000e+15 4.000000000000000000e+02 1.250000000000000026e-03 4.320000000000000284e+01 1.000000000000000000e+00
1.145234219536794500e+15 4.000000000000000000e+02 1.250000000000000026e-03 4.340000000000000568e+01 1.000000000000000000e+00
1.145228239555482000e+15 4.000000000000000000e+02 1.250000000000000026e-03 4.360000000000000142e+01 1.000000000000000000e+00
1.145222259574169500e+15 4.000000000000000000e+02 1.250000000000000026e-03 4.380000000000000426e+01 1.000000000000000000e+00
1.145216279592857000e+15 4.000000000000000000e+02 1.250000000000000026e-03 4.400000000000000000e+01 1.000000000000000000e+00
1.145210299611544500e+15 4.000000000000000000e+02 1.250000000000000026e-03 4.420000000000000284e+01 1.000000000000000000e+00
1.145204319630232250e+15 4.000000000000000000e+02 1.250000000000000026e-03 4.440000000000000568e+01 1.000000000000000000e+00
1.145198339648919750e+15 4.000000000000000000e+02 1.250000000000000026e-03 4.460000000000000142e+01 1.000000000000000000e+00
1.145192359667607250e+15 4.000000000000000000e+02 1.250000000000000026e-03 4.480000000000000426e+01 1.000000000000000000e+00
1.145186379686294750e+15 4.000000000000000000e+02 1.250000000000000026e-03 4.500000000000000000e+01 1.000000000000000000e+00
1.145180399704982250e+15 4.000000000000000000e+02 1.250000000000000026e-03 4.520000000000000284e+01 1.000000000000000000e+00
1.145174419723669750e+15 4.000000000000000000e+02 1.250000000000000026e-03 4.540000000000000568e+01 1.000000000000000000e+00
1.145168439742357250e+15 4.000000000000000000e+02 1.250000000000000026e-03 4.560000000000000142e+01 1.000000000000000000e+00
1.145162459761044750e+15 4.000000000000000000e+02 1.250000000000000026e-03 4.580000000000000426e+01 1.000000000000000000e+00
1.145156479779732500e+15 4.000000000000000000e+02 1.250000000000000026e-03 4.600000000000000000e+01 1.000000000000000000e+00
1.145150499798420000e+15 4.000000000000000000e+02 1.250000000000000026e-03 4.620000000000000284e+01 1.000000000000000000e+00
1.145144519817107500e+15 4.000000000000000000e+02 1.250000000000000026e-03 4.640000000000000568e+01 1.000000000000000000e+00
1.145138539835795000e+15 4.000000000000000000e+02 1.250000000000000026e-03 4.660000000000000142e+01 1.000000000000000000e+00
1.145132559854482500e+15 4.000000000000000000e+02 1.250000000000000026e-03 4.680000000000000426e+01 1.000000000000000000e+00
1.145126579873170000e+15 4.000000000000000000e+02 1.250000000000000026e-03 4.700000000000000000e+01 1.000000000000000000e+00
1.145120599891857500e+15 4.000000000000000000e+02 1.250000000000000026e-03 4.720000000000000284e+01 1.000000000000000000e+00
1.145114619910545000e+15 4.000000000000000000e+02 1.250000000000000026e-03 4.740000000000000568e+01 1.000000000000000000e+00
1.145108639929232500e+15 4.000000000000000000e+02 1.250000000000000026e-03 4.760000000000000142e+01 1.000000000000000000e+00
1.145102659947920250e+15 4.000000000000000000e+02 1.250000000000000026e-03 4.780000000000000426e+01 1.000000000000000000e+00
1.145096679966607750e+15 4.000000000000000000e+02 1.250000000000000026e-03 4.800000000000000000e+01 1.000000000000000000e+00
1.145090699985295250e+15 4.000000000000000000e+02 1.250000000000000026e-03 4.820000000000000284e+01 1.000000000000000000e+00
1.145084720003982750e+15 4.000000000000000000e+02 1.250000000000000026e-03 4.840000000000000568e+01 1.000000000000000000e+00
1.145078740022670250e+15 4.000000000000000000e+02 1.250000000000000026e-03 4.860000000000000142e+01 1.000000000000000000e+00
1.145072760041357750e+15 4.000000000000000000e+02 1.250000000000000026e-03 4.880000000000000426e+01 1.000000000000000000e+00
1.145066780060045250e+15 4.000000000000000000e+02 1.250000000000000026e-03 4.900000000000000000e+01 1.000000000000000000e+00
1.145060800078732750e+15 4.000000000000000000e+02 1.250000000000000026e-03 4.920000000000000284e+01 1.000000000000000000e+00
1.145054820097420500e+15 4.000000000000000000e+02 1.250000000000000026e-03 4.940000000000000568e+01 1.000000000000000000e+00
1.145048840116108000e+15 4.000000000000000000e+02 1.250000000000000026e-03 4.960000000000000142e+01 1.000000000000000000e+00
1.145042860134795500e+15 4.000000000000000000e+02 1.250000000000000026e-03 4.980000000000000426e+01 1.000000000000000000e+00
1.145036880153483000e+15 4.000000000000000000e+02 1.250000000000000026e-03 5.000000000000000000e+01 1.000000000000000000e+00
1.145030900172170500e+15 4.000000000000000000e+02 1.250000000000000026e-03 5.020000000000000284e+01 1.000000000000000000e+00
1.145024920190858000e+15 4.000000000000000000e+02 1.250000000000000026e-03 5.040000000000000568e+01 1.000000000000000000e+00
1.145018940209545500e+15 4.000000000000000000e+02 1.250000000000000026e-03 5.060000000000000142e+01 1.000000000000000000e+00
1.145012960228233000e+15 4.000000000000000000e+02 1.250000000000000026e-03 5.080000000000000426e+01 1.000000000000000000e+00
1.145006980246920500e+15 4.000000000000000000e+02 1.250000000000000026e-03 5.100000000000000000e+01 1.000000000000000000e+00
1.145001000265608250e+15 4.000000000000000000e+02 1.250000000000000026e-03 5.120000000000000284e+01 1.000000000000000000e+00
1.144995020284295750e+15 4.000000000000000000e+02 1.250000000000000026e-03 5.140000000000000568e+01 1.000000000000000000e+00
1.144989040302983250e+15 4.000000000000000000e+02 1.250000000000000026e-03 5.160000000000000142e+01 1.000000000000000000e+00
1.144983060321670750e+15 4.000000000000000000e+02 1.250000000000000026e-03 5.180000000000000426e+01 1.000000000000000000e+00
1.144977080340358250e+15 4.000000000000000000e+02 1.250000000000000026e-03 5.200000000000000000e+01 1.000000000000000000e+00
1.144971100359045750e+15 4.000000000000000000e+02 1.250000000000000026e-03 5.220000000000000284e+01 1.000000000000000000e+00
1.144965120377733250e+15 4.000000000000000000e+02 1.250000000000000026e-03 5.240000000000000568e+01 1.000000000000000000e+00
1.144959140396420750e+15 4.000000000000000000e+02 1.250000000000000026e-03 5.260000000000000142e+01 1.000000000000000000e+00
1.144953160415108500e+15 4.000000000000000000e+02 1.250000000000000026e-03 5.280000000000000426e+01 1.000000000000000000e+00
1.144947180433796000e+15 4.000000000000000000e+02 1.250000000000000026e-03 5.300000000000000000e+01 1.000000000000000000e+00
1.144941200452483500e+15 4.000000000000000000e+02 1.250000000000000026e-03 5.320000000000000284e+01 1.000000000000000000e+00
1.144935220471171000e+15 4.000000000000000000e+02 1.250000000000000026e-03 5.340000000000000568e+01 1.000000000000000000e+00
1.144929240489858500e+15 4.000000000000000000e+02 1.250000000000000026e-03 5.360000000000000142e+01 1.000000000000000000e+00
1.144923260508546000e+15 4.000000000000000000e+02 1.250000000000000026e-03 5.380000000000000426e+01 1.000000000000000000e+00
1.144917280527233500e+15 4.000000000000000000e+02 1.250000000000000026e-03 5.400000000000000000e+01 1.000000000000000000e+00
1.144911300545921000e+15 4.000000000000000000e+02 1.250000000000000026e-03 5.420000000000000284e+01 1.000000000000000000e+00
1.144905320564608500e+15 4.000000000000000000e+02 1.250000000000000026e-03 5.440000000000000568e+01 1.000000000000000000e+00
1.144899340583296250e+15 4.000000000000000000e+02 1.250000000000000026e-03 5.460000000000000142e+01 1.000000000000000000e+00
1.144893360601983750e+15 4.000000000000000000e+02 1.250000000000000026e-03 5.480000000000000426e+01 1.000000000000000000e+00
1.144887380620671250e+15 4.000000000000000000e+02 1.250000000000000026e-03 5.500000000000000000e+01 1.000000000000000000e+00
1.144881400639358750e+15 4.000000000000000000e+02 1.250000000000000026e-03 5.520000000000000284e+01 1.000000000000000000e+00
1.144875420658046250e+15 4.000000000000000000e+02 1.250000000000000026e-03 5.540000000000000568e+01 1.000000000000000000e+00
1.144869440676733750e+15 4.000000000000000000e+02 1.250000000000000026e-03 5.560000000000000142e+01 1.000000000000000000e+00
1.144863460695421250e+15 4.000000000000000000e+02 1.250000000000000026e-03 5.580000000000000426e+01 1.000000000000000000e+00
1.144857480714108750e+15 4.000000000000000000e+02 1.250000000000000026e-03 5.600000000000000000e+01 1.000000000000000000e+00
1.144851500732796500e+15 4.000000000000000000e+02 1.250000000000000026e-03 5.620000000000000284e+01 1.000000000000000000e+00
1.144845520751484000e+15 4.000000000000000000e+02 1.250000000000000026e-03 5.640000000000000568e+01 1.000000000000000000e+00
1.144839540770171500e+15 4.000000000000000000e+02 1.250000000000000026e-03 5.660000000000000142e+01 1.000000000000000000e+00
1.144833560788859000e+15 4.000000000000000000e+02 1.250000000000000026e-03 5.680000000000000426e+01 1.000000000000000000e+00
1.144827580807546500e+15 4.000000000000000000e+02 1.250000000000000026e-03 5.700000000000000000e+01 1.000000000000000000e+00
1.144821600826234000e+15 4.000000000000000000e+02 1.250000000000000026e-03 5.720000000000000284e+01 1.000000000000000000e+00
1.144815620844921500e+15 4.000000000000000000e+02 1.250000000000000026e-03 5.740000000000000568e+01 1.000000000000000000e+00
1.144809640863609000e+15 4.000000000000000000e+02 1.250000000000000026e-03 5.760000000000000142e+01 1.000000000000000000e+00
1.144803660882296500e+15 4.000000000000000000e+02 1.250000000000000026e-03 5.780000000000000426e+01 1.000000000000000000e+00
1.144797680900984250e+15 4.000000000000000000e+02 1.250000000000000026e-03 5.800000000000000000e+01 1.000000000000000000e+00
1.144791700919671750e+15 4.000000000000000000e+02 1.250000000000000026e-03 5.820000000000000284e+01 1.000000000000000000e+00
1.144785720938359250e+15 4.000000000000000000e+02 1.250000000000000026e-03 5.840000000000000568e+01 1.000000000000000000e+00
1.144779740957046750e+15 4.000000000000000000e+02 1.250000000000000026e-03 5.860000000000000142e+01 1.000000000000000000e+00
1.144773760975734250e+15 4.000000000000000000e+02 1.250000000000000026e-03 5.880000000000000426e+01 1.000000000000000000e+00
1.144767780994421750e+15 4.000000000000000000e+02 1.250000000000000026e-03 5.900000000000000000e+01 1.000000000000000000e+00
1.144761801013109250e+15 4.000000000000000000e+02 1.250000000000000026e-03 5.920000000000000284e+01 1.000000000000000000e+00
1.144755821031796750e+15 4.000000000000000000e+02 1.250000000000000026e-03 5.940000000000000568e+01 1.000000000000000000e+00
1.144749841050484250e+15 4.000000000000000000e+02 1.250000000000000026e-03 5.960000000000000142e+01 1.000000000000000000e+00
1.144743861069172000e+15 4.000000000000000000e+02 1.250000000000000026e-03 5.980000000000000426e+01 1.000000000000000000e+00
1.144737881087859500e+15 4.000000000000000000e+02 1.250000000000000026e-03 6.000000000000000000e+01 1.000000000000000000e+00
1.144731901106547000e+15 4.000000000000000000e+02 1.250000000000000026e-03 6.020000000000000284e+01 1.000000000000000000e+00
1.144725921125234500e+15 4.000000000000000000e+02 1.250000000000000026e-03 6.040000000000000568e+01 1.000000000000000000e+00
1.144719941143922000e+15 4.000000000000000000e+02 1.250000000000000026e-03 6.060000000000000142e+01 1.000000000000000000e+00
1.144713961162609500e+15 4.000000000000000000e+02 1.250000000000000026e-03 6.080000000000000426e+01 1.000000000000000000e+00
1.144707981181297000e+15 4.000000000000000000e+02 1.250000000000000026e-03 6.100000000000000000e+01 1.000000000000000000e+00
1.144702001199984500e+15 4.000000000000000000e+02 1.250000000000000026e-03 6.120000000000000284e+01 1.000000000000000000e+00
1.144696021218672250e+15 4.000000000000000000e+02 1.250000000000000026e-03 6.140000000000000568e+01 1.000000000000000000e+00
1.144690041237359750e+15 4.000000000000000000e+02 1.250000000000000026e-03 6.160000000000000142e+01 1.000000000000000000e+00
1.144684061256047250e+15 4.000000000000000000e+02 1.250000000000000026e-03 6.180000000000000426e+01 1.000000000000000000e+00
1.144678081274734750e+15 4.000000000000000000e+02 1.250000000000000026e-03 6.200000000000000000e+01 1.000000000000000000e+00
1.144672101293422250e+15 4.000000000000000000e+02 1.250000000000000026e-03 6.220000000000000284e+01 1.000000000000000000e+00
1.144666121312109750e+15 4.000000000000000000e+02 1.250000000000000026e-03 6.240000000000000568e+01 1.000000000000000000e+00
1.144660141330797250e+15 4.000000000000000000e+02 1.250000000000000026e-03 6.260000000000000142e+01 1.000000000000000000e+00
1.144654161349484750e+15 4.000000000000000000e+02 1.250000000000000026e-03 6.280000000000000426e+01 1.000000000000000000e+00
1.144648181368172250e+15 4.000000000000000000e+02 1.250000000000000026e-03 6.300000000000000000e+01 1.000000000000000000e+00
1.144642201386860000e+15 4.000000000000000000e+02 1.250000000000000026e-03 6.320000000000000284e+01 1.000000000000000000e+00
1.144636221405547500e+15 4.000000000000000000e+02 1.250000000000000026e-03 6.340000000000000568e+01 1.000000000000000000e+00
1.144630241424235000e+15 4.000000000000000000e+02 1.250000000000000026e-03 6.360000000000000142e+01 1.000000000000000000e+00
1.144624261442922500e+15 4.000000000000000000e+02 1.250000000000000026e-03 6.380000000000000426e+01 1.000000000000000000e+00
1.144618281461610000e+15 4.000000000000000000e+02 1.250000000000000026e-03 6.400000000000000000e+01 1.000000000000000000e+00
1.144612301480297500e+15 4.000000000000000000e+02 1.250000000000000026e-03 6.420000000000000284e+01 1.000000000000000000e+00
1.144606321498985000e+15 4.000000000000000000e+02 1.250000000000000026e-03 6.440000000000000568e+01 1.000000000000000000e+00
1.144600341517672500e+15 4.000000000000000000e+02 1.250000000000000026e-03 6.460000000000000853e+01 1.000000000000000000e+00
1.144594361536360250e+15 4.000000000000000000e+02 1.250000000000000026e-03 6.479999999999999716e+01 1.000000000000000000e+00
1.144588381555047750e+15 4.000000000000000000e+02 1.250000000000000026e-03 6.500000000000000000e+01 1.000000000000000000e+00
1.144582401573735250e+15 4.000000000000000000e+02 1.250000000000000026e-03 6.520000000000000284e+01 1.000000000000000000e+00
1.144576421592422750e+15 4.000000000000000000e+02 1.250000000000000026e-03 6.540000000000000568e+01 1.000000000000000000e+00
1.144570441611110250e+15 4.000000000000000000e+02 1.250000000000000026e-03 6.560000000000000853e+01 1.000000000000000000e+00
1.144564461629797750e+15 4.000000000000000000e+02 1.250000000000000026e-03 6.579999999999999716e+01 1.000000000000000000e+00
1.144558481648485250e+15 4.000000000000000000e+02 1.250000000000000026e-03 6.600000000000000000e+01 1.000000000000000000e+00
1.144552501667172750e+15 4.000000000000000000e+02 1.250000000000000026e-03 6.620000000000000284e+01 1.000000000000000000e+00
1.144546521685860250e+15 4.000000000000000000e+02 1.250000000000000026e-03 6.640000000000000568e+01 1.000000000000000000e+00
1.144540541704548000e+15 4.000000000000000000e+02 1.250000000000000026e-03 6.660000000000000853e+01 1.000000000000000000e+00
1.144534561723235500e+15 4.000000000000000000e+02 1.250000000000000026e-03 6.679999999999999716e+01 1.000000000000000000e+00
1.144528581741923000e+15 4.000000000000000000e+02 1.250000000000000026e-03 6.700000000000000000e+01 1.000000000000000000e+00
1.144522601760610500e+15 4.000000000000000000e+02 1.250000000000000026e-03 6.720000000000000284e+01 1.000000000000000000e+00
1.144516621779298000e+15 4.000000000000000000e+02 1.250000000000000026e-03 6.740000000000000568e+01 1.000000000000000000e+00
1.144510641797985500e+15 4.000000000000000000e+02 1.250000000000000026e-03 6.760000000000000853e+01 1.000000000000000000e+00
1.144504661816673000e+15 4.000000000000000000e+02 1.250000000000000026e-03 6.779999999999999716e+01 1.000000000000000000e+00
1.144498681835360500e+15 4.000000000000000000e+02 1.250000000000000026e-03 6.800000000000000000e+01 1.000000000000000000e+00
1.144492701854048250e+15 4.000000000000000000e+02 1.250000000000000026e-03 6.820000000000000284e+01 1.000000000000000000e+00
1.144486721872735750e+15 4.000000000000000000e+02 1.250000000000000026e-03 6.840000000000000568e+01 1.000000000000000000e+00
1.144480741891423250e+15 4.000000000000000000e+02 1.250000000000000026e-03 6.860000000000000853e+01 1.000000000000000000e+00
1.144474761910110750e+15 4.000000000000000000e+02 1.250000000000000026e-03 6.879999999999999716e+01 1.000000000000000000e+00
1.144468781928798250e+15 4.000000000000000000e+02 1.250000000000000026e-03 6.900000000000000000e+01 1.000000000000000000e+00
1.144462801947485750e+15 4.000000000000000000e+02 1.250000000000000026e-03 6.920000000000000284e+01 1.000000000000000000e+00
1.144456821966173250e+15 4.000000000000000000e+02 1.250000000000000026e-03 6.940000000000000568e+01 1.000000000000000000e+00
1.144450841984860750e+15 4.000000000000000000e+02 1.250000000000000026e-03 6.960000000000000853e+01 1.000000000000000000e+00
1.144444862003548250e+15 4.000000000000000000e+02 1.250000000000000026e-03 6.979999999999999716e+01 1.000000000000000000e+00
1.144438882022236000e+15 4.000000000000000000e+02 1.250000000000000026e-03 7.000000000000000000e+01 1.000000000000000000e+00
1.144432902040923500e+15 4.000000000000000000e+02 1.250000000000000026e-03 7.020000000000000284e+01 1.000000000000000000e+00
1.144426922059611000e+15 4.000000000000000000e+02 1.250000000000000026e-03 7.040000000000000568e+01 1.000000000000000000e+00
1.144420942078298500e+15 4.000000000000000000e+02 1.250000000000000026e-03 7.060000000000000853e+01 1.000000000000000000e+00
1.144414962096986000e+15 4.000000000000000000e+02 1.250000000000000026e-03 7.079999999999999716e+01 1.000000000000000000e+00
1.144408982115673500e+15 4.000000000000000000e+02 1.250000000000000026e-03 7.100000000000000000e+01 1.000000000000000000e+00
1.144403002134361000e+15 4.000000000000000000e+02 1.250000000000000026e-03 7.120000000000000284e+01 1.000000000000000000e+00
1.144397022153048500e+15 4.000000000000000000e+02 1.250000000000000026e-03 7.140000000000000568e+01 1.000000000000000000e+00
1.144391042171736250e+15 4.000000000000000000e+02 1.250000000000000026e-03 7.160000000000000853e+01 1.000000000000000000e+00
1.144385062190423750e+15 4.000000000000000000e+02 1.250000000000000026e-03 7.179999999999999716e+01 1.000000000000000000e+00
1.144379082209111250e+15 4.000000000000000000e+02 1.250000000000000026e-03 7.200000000000000000e+01 1.000000000000000000e+00
1.144373102227798750e+15 4.000000000000000000e+02 1.250000000000000026e-03 7.220000000000000284e+01 1.000000000000000000e+00
1.144367122246486250e+15 4.000000000000000000e+02 1.250000000000000026e-03 7.240000000000000568e+01 1.000000000000000000e+00
1.144361142265173750e+15 4.000000000000000000e+02 1.250000000000000026e-03 7.260000000000000853e+01 1.000000000000000000e+00
1.144355162283861250e+15 4.000000000000000000e+02 1.250000000000000026e-03 7.279999999999999716e+01 1.000000000000000000e+00
1.144349182302548750e+15 4.000000000000000000e+02 1.250000000000000026e-03 7.300000000000000000e+01 1.000000000000000000e+00
1.144343202321236250e+15 4.000000000000000000e+02 1.250000000000000026e-03 7.320000000000000284e+01 1.000000000000000000e+00
1.144337222339924000e+15 4.000000000000000000e+02 1.250000000000000026e-03 7.340000000000000568e+01 1.000000000000000000e+00
1.144331242358611500e+15 4.000000000000000000e+02 1.250000000000000026e-03 7.360000000000000853e+01 1.000000000000000000e+00
1.144325262377299000e+15 4.000000000000000000e+02 1.250000000000000026e-03 7.379999999999999716e+01 1.000000000000000000e+00
1.144319282395986500e+15 4.000000000000000000e+02 1.250000000000000026e-03 7.400000000000000000e+01 1.000000000000000000e+00
1.144313302414674000e+15 4.000000000000000000e+02 1.250000000000000026e-03 7.420000000000000284e+01 1.000000000000000000e+00
1.144307322433361500e+15 4.000000000000000000e+02 1.250000000000000026e-03 7.440000000000000568e+01 1.000000000000000000e+00
1.144301342452049000e+15 4.000000000000000000e+02 1.250000000000000026e-03 7.460000000000000853e+01 1.000000000000000000e+00
1.144295362470736500e+15 4.000000000000000000e+02 1.250000000000000026e-03 7.479999999999999716e+01 1.000000000000000000e+00
1.144289382489424000e+15 4.000000000000000000e+02 1.250000000000000026e-03 7.500000000000000000e+01 1.000000000000000000e+00
1.144283402508111750e+15 4.000000000000000000e+02 1.250000000000000026e-03 7.520000000000000284e+01 1.000000000000000000e+00
1.144277422526799250e+15 4.000000000000000000e+02 1.250000000000000026e-03 7.540000000000000568e+01 1.000000000000000000e+00
1.144271442545486750e+15 4.000000000000000000e+02 1.250000000000000026e-03 7.560000000000000853e+01 1.000000000000000000e+00
1.144265462564174250e+15 4.000000000000000000e+02 1.250000000000000026e-03 7.579999999999999716e+01 1.000000000000000000e+00
1.144259482582861750e+15 4.000000000000000000e+02 1.250000000000000026e-03 7.600000000000000000e+01 1.000000000000000000e+00
1.144253502601549250e+15 4.000000000000000000e+02 1.250000000000000026e-03 7.620000000000000284e+01 1.000000000000000000e+00
1.144247522620236750e+15 4.000000000000000000e+02 1.250000000000000026e-03 7.640000000000000568e+01 1.000000000000000000e+00
1.144241542638924250e+15 4.000000000000000000e+02 1.250000000000000026e-03 7.660000000000000853e+01 1.000000000000000000e+00
1.144235562657612000e+15 4.000000000000000000e+02 1.250000000000000026e-03 7.680000000000001137e+01 1.000000000000000000e+00
1.144229582676299500e+15 4.000000000000000000e+02 1.250000000000000026e-03 7.700000000000000000e+01 1.000000000000000000e+00
1.144223602694987000e+15 4.000000000000000000e+02 1.250000000000000026e-03 7.720000000000000284e+01 1.000000000000000000e+00
1.144217622713674500e+15 4.000000000000000000e+02 1.250000000000000026e-03 7.740000000000000568e+01 1.000000000000000000e+00
1.144211642732362000e+15 4.000000000000000000e+02 1.250000000000000026e-03 7.760000000000000853e+01 1.000000000000000000e+00
1.144205662751049500e+15 4.000000000000000000e+02 1.250000000000000026e-03 7.780000000000001137e+01 1.000000000000000000e+00
1.144199682769737000e+15 4.000000000000000000e+02 1.250000000000000026e-03 7.800000000000000000e+01 1.000000000000000000e+00
1.144193702788424500e+15 4.000000000000000000e+02 1.250000000000000026e-03 7.820000000000000284e+01 1.000000000000000000e+00
1.144187722807112000e+15 4.000000000000000000e+02 1.250000000000000026e-03 7.840000000000000568e+01 1.000000000000000000e+00
1.144181742825799750e+15 4.000000000000000000e+02 1.250000000000000026e-03 7.860000000000000853e+01 1.000000000000000000e+00
1.144175762844487250e+15 4.000000000000000000e+02 1.250000000000000026e-03 7.880000000000001137e+01 1.000000000000000000e+00
1.144169782863174750e+15 4.000000000000000000e+02 1.250000000000000026e-03 7.900000000000000000e+01 1.000000000000000000e+00
1.144163802881862250e+15 4.000000000000000000e+02 1.250000000000000026e-03 7.920000000000000284e+01 1.000000000000000000e+00
1.144157822900549750e+15 4.000000000000000000e+02 1.250000000000000026e-03 7.940000000000000568e+01 1.000000000000000000e+00
1.144151842919237250e+15 4.000000000000000000e+02 1.250000000000000026e-03 7.960000000000000853e+01 1.000000000000000000e+00
1.144145862937924750e+15 4.000000000000000000e+02 1.250000000000000026e-03 7.980000000000001137e+01 1.000000000000000000e+00
1.144139882956612250e+15 4.000000000000000000e+02 1.250000000000000026e-03 8.000000000000000000e+01 1.000000000000000000e+00
1.144133902975300000e+15 4.000000000000000000e+02 1.250000000000000026e-03 8.020000000000000284e+01 1.000000000000000000e+00
1.144127922993987500e+15 4.000000000000000000e+02 1.250000000000000026e-03 8.040000000000000568e+01 1.000000000000000000e+00
1.144121943012675000e+15 4.000000000000000000e+02 1.250000000000000026e-03 8.060000000000000853e+01 1.000000000000000000e+00
1.144115963031362500e+15 4.000000000000000000e+02 1.250000000000000026e-03 8.080000000000001137e+01 1.000000000000000000e+00
1.144109983050050000e+15 4.000000000000000000e+02 1.250000000000000026e-03 8.100000000000000000e+01 1.000000000000000000e+00
1.144104003068737500e+15 4.000000000000000000e+02 1.250000000000000026e-03 8.120000000000000284e+01 1.000000000000000000e+00
1.144098023087425000e+15 4.000000000000000000e+02 1.250000000000000026e-03 8.140000000000000568e+01 1.000000000000000000e+00
1.144092043106112500e+15 4.000000000000000000e+02 1.250000000000000026e-03 8.160000000000000853e+01 1.000000000000000000e+00
1.144086063124800000e+15 4.000000000000000000e+02 1.250000000000000026e-03 8.180000000000001137e+01 1.000000000000000000e+00
1.144080083143487750e+15 4.000000000000000000e+02 1.250000000000000026e-03 8.200000000000000000e+01 1.000000000000000000e+00
1.144074103162175250e+15 4.000000000000000000e+02 1.250000000000000026e-03 8.220000000000000284e+01 1.000000000000000000e+00
1.144068123180862750e+15 4.000000000000000000e+02 1.250000000000000026e-03 8.240000000000000568e+01 1.000000000000000000e+00
1.144062143199550250e+15 4.000000000000000000e+02 1.250000000000000026e-03 8.260000000000000853e+01 1.000000000000000000e+00
1.144056163218237750e+15 4.000000000000000000e+02 1.250000000000000026e-03 8.280000000000001137e+01 1.000000000000000000e+00
1.144050183236925250e+15 4.000000000000000000e+02 1.250000000000000026e-03 8.300000000000000000e+01 1.000000000000000000e+00
1.144044203255612750e+15 4.000000000000000000e+02 1.250000000000000026e-03 8.320000000000000284e+01 1.000000000000000000e+00
1.144038223274300250e+15 4.000000000000000000e+02 1.250000000000000026e-03 8.340000000000000568e+01 1.000000000000000000e+00
1.144032243292988000e+15 4.000000000000000000e+02 1.250000000000000026e-03 8.360000000000000853e+01 1.000000000000000000e+00
1.144026263311675500e+15 4.000000000000000000e+02 1.250000000000000026e-03 8.380000000000001137e+01 1.000000000000000000e+00
1.144020283330363000e+15 4.000000000000000000e+02 1.250000000000000026e-03 8.400000000000000000e+01 1.000000000000000000e+00
1.144014303349050500e+15 4.000000000000000000e+02 1.250000000000000026e-03 8.420000000000000284e+01 1.000000000000000000e+00
1.144008323367738000e+15 4.000000000000000000e+02 1.250000000000000026e-03 8.440000000000000568e+01 1.000000000000000000e+00
1.144002343386425500e+15 4.000000000000000000e+02 1.250000000000000026e-03 8.460000000000000853e+01 1.000000000000000000e+00
1.143996363405113000e+15 4.000000000000000000e+02 1.250000000000000026e-03 8.480000000000001137e+01 1.000000000000000000e+00
1.143990383423800500e+15 4.000000000000000000e+02 1.250000000000000026e-03 8.500000000000000000e+01 1.000000000000000000e+00
1.143984403442488000e+15 4.000000000000000000e+02 1.250000000000000026e-03 8.520000000000000284e+01 1.000000000000000000e+00
1.143978423461175750e+15 4.000000000000000000e+02 1.250000000000000026e-03 8.540000000000000568e+01 1.000000000000000000e+00
1.143972443479863250e+15 4.000000000000000000e+02 1.250000000000000026e-03 8.560000000000000853e+01 1.000000000000000000e+00
1.143966463498550750e+15 4.000000000000000000e+02 1.250000000000000026e-03 8.580000000000001137e+01 1.000000000000000000e+00
1.143960483517238250e+15 4.000000000000000000e+02 1.250000000000000026e-03 8.600000000000000000e+01 1.000000000000000000e+00
1.143954503535925750e+15 4.000000000000000000e+02 1.250000000000000026e-03 8.620000000000000284e+01 1.000000000000000000e+00
1.143948523554613250e+15 4.000000000000000000e+02 1.250000000000000026e-03 8.640000000000000568e+01 1.000000000000000000e+00
1.143942543573300750e+15 4.000000000000000000e+02 1.250000000000000026e-03 8.660000000000000853e+01 1.000000000000000000e+00
1.143936563591988250e+15 4.000000000000000000e+02 1.250000000000000026e-03 8.680000000000001137e+01 1.000000000000000000e+00
1.143930583610675750e+15 4.000000000000000000e+02 1.250000000000000026e-03 8.700000000000000000e+01 1.000000000000000000e+00
1.143924603629363500e+15 4.000000000000000000e+02 1.250000000000000026e-03 8.720000000000000284e+01 1.000000000000000000e+00
1.143918623648051000e+15 4.000000000000000000e+02 1.250000000000000026e-03 8.740000000000000568e+01 1.000000000000000000e+00
1.143912643666738500e+15 4.000000000000000000e+02 1.250000000000000026e-03 8.760000000000000853e+01 1.000000000000000000e+00
1.143906663685426000e+15 4.000000000000000000e+02 1.250000000000000026e-03 8.780000000000001137e+01 1.000000000000000000e+00
1.143900683704113500e+15 4.000000000000000000e+02 1.250000000000000026e-03 8.800000000000000000e+01 1.000000000000000000e+00
1.143894703722801000e+15 4.000000000000000000e+02 1.250000000000000026e-03 8.820000000000000284e+01 1.000000000000000000e+00
1.143888723741488500e+15 4.000000000000000000e+02 1.250000000000000026e-03 8.840000000000000568e+01 1.000000000000000000e+00
1.143882743760176000e+15 4.000000000000000000e+02 1.250000000000000026e-03 8.860000000000000853e+01 1.000000000000000000e+00
1.143876763778863750e+15 4.000000000000000000e+02 1.250000000000000026e-03 8.880000000000001137e+01 1.000000000000000000e+00
1.143870783797551250e+15 4.000000000000000000e+02 1.250000000000000026e-03 8.900000000000000000e+01 1.000000000000000000e+00
1.143864803816238750e+15 4.000000000000000000e+02 1.250000000000000026e-03 8.920000000000000284e+01 1.000000000000000000e+00
1.143858823834926250e+15 4.000000000000000000e+02 1.250000000000000026e-03 8.940000000000000568e+01 1.000000000000000000e+00
1.143852843853613750e+15 4.000000000000000000e+02 1.250000000000000026e-03 8.960000000000000853e+01 1.000000000000000000e+00
1.143846863872301250e+15 4.000000000000000000e+02 1.250000000000000026e-03 8.980000000000001137e+01 1.000000000000000000e+00
1.143840883890988750e+15 4.000000000000000000e+02 1.250000000000000026e-03 9.000000000000000000e+01 1.000000000000000000e+00
1.143834903909676250e+15 4.000000000000000000e+02 1.250000000000000026e-03 9.020000000000000284e+01 1.000000000000000000e+00
1.143828923928363750e+15 4.000000000000000000e+02 1.250000000000000026e-03 9.040000000000000568e+01 1.000000000000000000e+00
1.143822943947051500e+15 4.000000000000000000e+02 1.250000000000000026e-03 9.060000000000000853e+01 1.000000000000000000e+00
1.143816963965739000e+15 4.000000000000000000e+02 1.250000000000000026e-03 9.080000000000001137e+01 1.000000000000000000e+00
1.143810983984426500e+15 4.000000000000000000e+02 1.250000000000000026e-03 9.100000000000000000e+01 1.000000000000000000e+00
1.143805004003114000e+15 4.000000000000000000e+02 1.250000000000000026e-03 9.120000000000000284e+01 1.000000000000000000e+00
1.143799024021801500e+15 4.000000000000000000e+02 1.250000000000000026e-03 9.140000000000000568e+01 1.000000000000000000e+00
1.143793044040489000e+15 4.000000000000000000e+02 1.250000000000000026e-03 9.160000000000000853e+01 1.000000000000000000e+00
1.143787064059176500e+15 4.000000000000000000e+02 1.250000000000000026e-03 9.180000000000001137e+01 1.000000000000000000e+00
1.143781084077864000e+15 4.000000000000000000e+02 1.250000000000000026e-03 9.200000000000000000e+01 1.000000000000000000e+00
1.143775104096551750e+15 4.000000000000000000e+02 1.250000000000000026e-03 9.220000000000000284e+01 1.000000000000000000e+00
1.143769124115239250e+15 4.000000000000000000e+02 1.250000000000000026e-03 9.240000000000000568e+01 1.000000000000000000e+00
1.143763144133926750e+15 4.000000000000000000e+02 1.250000000000000026e-03 9.260000000000000853e+01 1.000000000000000000e+00
1.143757164152614250e+15 4.000000000000000000e+02 1.250000000000000026e-03 9.280000000000001137e+01 1.000000000000000000e+00
1.143751184171301750e+15 4.000000000000000000e+02 1.250000000000000026e-03 9.300000000000000000e+01 1.000000000000000000e+00
1.143745204189989250e+15 4.000000000000000000e+02 1.250000000000000026e-03 9.320000000000000284e+01 1.000000000000000000e+00
1.143739224208676750e+15 4.000000000000000000e+02 1.250000000000000026e-03 9.340000000000000568e+01 1.000000000000000000e+00
1.143733244227364250e+15 4.000000000000000000e+02 1.250000000000000026e-03 9.360000000000000853e+01 1.000000000000000000e+00
1.143727264246051750e+15 4.000000000000000000e+02 1.250000000000000026e-03 9.380000000000001137e+01 1.000000000000000000e+00
1.143721284264739500e+15 4.000000000000000000e+02 1.250000000000000026e-03 9.400000000000000000e+01 1.000000000000000000e+00
1.143715304283427000e+15 4.000000000000000000e+02 1.250000000000000026e-03 9.420000000000000284e+01 1.000000000000000000e+00
1.143709324302114500e+15 4.000000000000000000e+02 1.250000000000000026e-03 9.440000000000000568e+01 1.000000000000000000e+00
1.143703344320802000e+15 4.000000000000000000e+02 1.250000000000000026e-03 9.460000000000000853e+01 1.000000000000000000e+00
1.143697364339489500e+15 4.000000000000000000e+02 1.250000000000000026e-03 9.480000000000001137e+01 1.000000000000000000e+00
1.143691384358177000e+15 4.000000000000000000e+02 1.250000000000000026e-03 9.500000000000000000e+01 1.000000000000000000e+00
1.143685404376864500e+15 4.000000000000000000e+02 1.250000000000000026e-03 9.520000000000000284e+01 1.000000000000000000e+00
1.143679424395552000e+15 4.000000000000000000e+02 1.250000000000000026e-03 9.540000000000000568e+01 1.000000000000000000e+00
1.143673444414239750e+15 4.000000000000000000e+02 1.250000000000000026e-03 9.560000000000000853e+01 1.000000000000000000e+00
1.143667464432927250e+15 4.000000000000000000e+02 1.250000000000000026e-03 9.580000000000001137e+01 1.000000000000000000e+00
1.143661484451614750e+15 4.000000000000000000e+02 1.250000000000000026e-03 9.600000000000000000e+01 1.000000000000000000e+00
1.143655504470302250e+15 4.000000000000000000e+02 1.250000000000000026e-03 9.620000000000000284e+01 1.000000000000000000e+00
1.143649524488989750e+15 4.000000000000000000e+02 1.250000000000000026e-03 9.640000000000000568e+01 1.000000000000000000e+00
1.143643544507677250e+15 4.000000000000000000e+02 1.250000000000000026e-03 9.660000000000000853e+01 1.000000000000000000e+00
1.143637564526364750e+15 4.000000000000000000e+02 1.250000000000000026e-03 9.680000000000001137e+01 1.000000000000000000e+00
1.143631584545052250e+15 4.000000000000000000e+02 1.250000000000000026e-03 9.700000000000000000e+01 1.000000000000000000e+00
1.143625604563739750e+15 4.000000000000000000e+02 1.250000000000000026e-03 9.720000000000000284e+01 1.000000000000000000e+00
1.143619624582427500e+15 4.000000000000000000e+02 1.250000000000000026e-03 9.740000000000000568e+01 1.000000000000000000e+00
1.143613644601115000e+15 4.000000000000000000e+02 1.250000000000000026e-03 9.760000000000000853e+01 1.000000000000000000e+00
1.143607664619802500e+15 4.000000000000000000e+02 1.250000000000000026e-03 9.780000000000001137e+01 1.000000000000000000e+00
1.143601684638490000e+15 4.000000000000000000e+02 1.250000000000000026e-03 9.800000000000000000e+01 1.000000000000000000e+00
1.143595704657177500e+15 4.000000000000000000e+02 1.250000000000000026e-03 9.820000000000000284e+01 1.000000000000000000e+00
1.143589724675865000e+15 4.000000000000000000e+02 1.250000000000000026e-03 9.840000000000000568e+01 1.000000000000000000e+00
1.143583744694552500e+15 4.000000000000000000e+02 1.250000000000000026e-03 9.860000000000000853e+01 1.000000000000000000e+00
1.143577764713240000e+15 4.000000000000000000e+02 1.250000000000000026e-03 9.880000000000001137e+01 1.000000000000000000e+00
1.143571784731927750e+15 4.000000000000000000e+02 1.250000000000000026e-03 9.900000000000000000e+01 1.000000000000000000e+00
1.143565804750615250e+15 4.000000000000000000e+02 1.250000000000000026e-03 9.920000000000000284e+01 1.000000000000000000e+00
1.143559824769302750e+15 4.000000000000000000e+02 1.250000000000000026e-03 9.940000000000000568e+01 1.000000000000000000e+00
1.143553844787990250e+15 4.000000000000000000e+02 1.250000000000000026e-03 9.960000000000000853e+01 1.000000000000000000e+00
1.143547864806677750e+15 4.000000000000000000e+02 1.250000000000000026e-03 9.980000000000001137e+01 1.000000000000000000e+00
