1.517000447344601400e+16 1.000000000000000000e+02 5.000000000000000104e-03 0.000000000000000000e+00 1.000000000000000000e+00
1.516999849374502200e+16 1.000000000000000000e+02 5.000000000000000104e-03 2.000000000000000111e-01 1.000000000000000000e+00
1.516999251404402800e+16 1.000000000000000000e+02 5.000000000000000104e-03 4.000000000000000222e-01 1.000000000000000000e+00
1.516998653434303600e+16 1.000000000000000000e+02 5.000000000000000104e-03 6.000000000000000888e-01 1.000000000000000000e+00
1.516998055464204400e+16 1.000000000000000000e+02 5.000000000000000104e-03 8.000000000000000444e-01 1.000000000000000000e+00
1.516997457494105200e+16 1.000000000000000000e+02 5.000000000000000104e-03 1.000000000000000000e+00 1.000000000000000000e+00
1.516996859524005800e+16 1.000000000000000000e+02 5.000000000000000104e-03 1.200000000000000178e+00 1.000000000000000000e+00
1.516996261553906600e+16 1.000000000000000000e+02 5.000000000000000104e-03 1.400000000000000133e+00 1.000000000000000000e+00
1.516995663583807400e+16 1.000000000000000000e+02 5.000000000000000104e-03 1.600000000000000089e+00 1.000000000000000000e+00
1.516995065613708200e+16 1.000000000000000000e+02 5.000000000000000104e-03 1.800000000000000044e+00 1.000000000000000000e+00
1.516994467643608800e+16 1.000000000000000000e+02 5.000000000000000104e-03 2.000000000000000000e+00 1.000000000000000000e+00
1.516993869673509600e+16 1.000000000000000000e+02 5.000000000000000104e-03 2.200000000000000178e+00 1.000000000000000000e+00
1.516993271703410400e+16 1.000000000000000000e+02 5.000000000000000104e-03 2.400000000000000355e+00 1.000000000000000000e+00
1.516992673733311200e+16 1.000000000000000000e+02 5.000000000000000104e-03 2.600000000000000089e+00 1.000000000000000000e+00
1.516992075763211800e+16 1.000000000000000000e+02 5.000000000000000104e-03 2.800000000000000266e+00 1.000000000000000000e+00
1.516991477793112600e+16 1.000000000000000000e+02 5.000000000000000104e-03 3.000000000000000000e+00 1.000000000000000000e+00
1.516990879823013400e+16 1.000000000000000000e+02 5.000000000000000104e-03 3.200000000000000178e+00 1.000000000000000000e+00
1.516990281852914200e+16 1.000000000000000000e+02 5.000000000000000104e-03 3.400000000000000355e+00 1.000000000000000000e+00
1.516989683882814800e+16 1.000000000000000000e+02 5.000000000000000104e-03 3.600000000000000089e+00 1.000000000000000000e+00
1.516989085912715600e+16 1.000000000000000000e+02 5.000000000000000104e-03 3.800000000000000266e+00 1.000000000000000000e+00
1.516988487942616400e+16 1.000000000000000000e+02 5.000000000000000104e-03 4.000000000000000000e+00 1.000000000000000000e+00
1.516987889972517200e+16 1.000000000000000000e+02 5.000000000000000104e-03 4.200000000000000178e+00 1.000000000000000000e+00
1.516987292002417800e+16 1.000000000000000000e+02 5.000000000000000104e-03 4.400000000000000355e+00 1.000000000000000000e+00
1.516986694032318600e+16 1.000000000000000000e+02 5.000000000000000104e-03 4.600000000000000533e+00 1.000000000000000000e+00
1.516986096062219400e+16 1.000000000000000000e+02 5.000000000000000104e-03 4.800000000000000711e+00 1.000000000000000000e+00
1.516985498092120000e+16 1.000000000000000000e+02 5.000000000000000104e-03 5.000000000000000000e+00 1.000000000000000000e+00
1.516984900122020800e+16 1.000000000000000000e+02 5.000000000000000104e-03 5.200000000000000178e+00 1.000000000000000000e+00
1.516984302151921600e+16 1.000000000000000000e+02 5.000000000000000104e-03 5.400000000000000355e+00 1.000000000000000000e+00
1.516983704181822400e+16 1.000000000000000000e+02 5.000000000000000104e-03 5.600000000000000533e+00 1.000000000000000000e+00
1.516983106211723000e+16 1.000000000000000000e+02 5.000000000000000104e-03 5.800000000000000711e+00 1.000000000000000000e+00
1.516982508241623800e+16 1.000000000000000000e+02 5.000000000000000104e-03 6.000000000000000000e+00 1.000000000000000000e+00
1.516981910271524600e+16 1.000000000000000000e+02 5.000000000000000104e-03 6.200000000000000178e+00 1.000000000000000000e+00
1.516981312301425400e+16 1.000000000000000000e+02 5.000000000000000104e-03 6.400000000000000355e+00 1.000000000000000000e+00
1.516980714331326000e+16 1.000000000000000000e+02 5.000000000000000104e-03 6.600000000000000533e+00 1.000000000000000000e+00
1.516980116361226800e+16 1.000000000000000000e+02 5.000000000000000104e-03 6.800000000000000711e+00 1.000000000000000000e+00
1.516979518391127600e+16 1.000000000000000000e+02 5.000000000000000104e-03 7.000000000000000000e+00 1.000000000000000000e+00
1.516978920421028400e+16 1.000000000000000000e+02 5.000000000000000104e-03 7.200000000000000178e+00 1.000000000000000000e+00
1.516978322450929000e+16 1.000000000000000000e+02 5.000000000000000104e-03 7.400000000000000355e+00 1.000000000000000000e+00
1.516977724480829800e+16 1.000000000000000000e+02 5.000000000000000104e-03 7.600000000000000533e+00 1.000000000000000000e+00
1.516977126510730600e+16 1.000000000000000000e+02 5.000000000000000104e-03 7.800000000000000711e+00 1.000000000000000000e+00
1.493491913882892000e+16 1.000000000000000000e+02 5.000000000000000104e-03 8.000000000000000000e+00 0.000000000000000000e+00
1.467973244154642400e+16 1.000000000000000000e+02 5.000000000000000104e-03 8.200000000000001066e+00 0.000000000000000000e+00
1.442454467793102800e+16 1.000000000000000000e+02 5.000000000000000104e-03 8.400000000000000355e+00 0.000000000000000000e+00
1.416935580945466000e+16 1.000000000000000000e+02 5.000000000000000104e-03 8.599999999999999645e+00 0.000000000000000000e+00
1.391416579574366200e+16 1.000000000000000000e+02 5.000000000000000104e-03 8.800000000000000711e+00 0.000000000000000000e+00
1.365897459389283800e+16 1.000000000000000000e+02 5.000000000000000104e-03 9.000000000000000000e+00 0.000000000000000000e+00
1.340378215875056400e+16 1.000000000000000000e+02 5.000000000000000104e-03 9.200000000000001066e+00 0.000000000000000000e+00
1.314858844264181000e+16 1.000000000000000000e+02 5.000000000000000104e-03 9.400000000000000355e+00 0.000000000000000000e+00
1.289339339504794200e+16 1.000000000000000000e+02 5.000000000000000104e-03 9.600000000000001421e+00 0.000000000000000000e+00
1.263819696266615400e+16 1.000000000000000000e+02 5.000000000000000104e-03 9.800000000000000711e+00 0.000000000000000000e+00
1.238299908884260000e+16 1.000000000000000000e+02 5.000000000000000104e-03 1.000000000000000000e+01 0.000000000000000000e+00
1.212779971356572000e+16 1.000000000000000000e+02 5.000000000000000104e-03 1.020000000000000107e+01 0.000000000000000000e+00
1.187259877292293200e+16 1.000000000000000000e+02 5.000000000000000104e-03 1.040000000000000036e+01 0.000000000000000000e+00
1.161739619921315000e+16 1.000000000000000000e+02 5.000000000000000104e-03 1.060000000000000142e+01 0.000000000000000000e+00
1.136219192012175200e+16 1.000000000000000000e+02 5.000000000000000104e-03 1.080000000000000071e+01 0.000000000000000000e+00
1.110698585864347800e+16 1.000000000000000000e+02 5.000000000000000104e-03 1.100000000000000000e+01 0.000000000000000000e+00
1.085177793259247400e+16 1.000000000000000000e+02 5.000000000000000104e-03 1.120000000000000107e+01 0.000000000000000000e+00
1.059656805411547800e+16 1.000000000000000000e+02 5.000000000000000104e-03 1.140000000000000036e+01 0.000000000000000000e+00
1.034135612924500800e+16 1.000000000000000000e+02 5.000000000000000104e-03 1.160000000000000142e+01 0.000000000000000000e+00
1.008614205705034400e+16 1.000000000000000000e+02 5.000000000000000104e-03 1.180000000000000071e+01 0.000000000000000000e+00
9.830925729188466000e+15 1.000000000000000000e+02 5.000000000000000104e-03 1.200000000000000000e+01 0.000000000000000000e+00
9.575707029351672000e+15 1.000000000000000000e+02 5.000000000000000104e-03 1.220000000000000107e+01 0.000000000000000000e+00
9.320485832044688000e+15 1.000000000000000000e+02 5.000000000000000104e-03 1.240000000000000036e+01 0.000000000000000000e+00
9.065262001802632000e+15 1.000000000000000000e+02 5.000000000000000104e-03 1.260000000000000142e+01 0.000000000000000000e+00
8.810035392249199000e+15 1.000000000000000000e+02 5.000000000000000104e-03 1.280000000000000071e+01 0.000000000000000000e+00
8.554805844730673000e+15 1.000000000000000000e+02 5.000000000000000104e-03 1.300000000000000000e+01 0.000000000000000000e+00
8.299573187140340000e+15 1.000000000000000000e+02 5.000000000000000104e-03 1.320000000000000107e+01 0.000000000000000000e+00
8.044337232004930000e+15 1.000000000000000000e+02 5.000000000000000104e-03 1.340000000000000036e+01 0.000000000000000000e+00
7.789097774971811000e+15 1.000000000000000000e+02 5.000000000000000104e-03 1.360000000000000142e+01 0.000000000000000000e+00
7.533854592569120000e+15 1.000000000000000000e+02 5.000000000000000104e-03 1.380000000000000071e+01 0.000000000000000000e+00
7.278607440139605000e+15 1.000000000000000000e+02 5.000000000000000104e-03 1.400000000000000000e+01 0.000000000000000000e+00
7.023356048576052000e+15 1.000000000000000000e+02 5.000000000000000104e-03 1.420000000000000107e+01 0.000000000000000000e+00
6.768100121329618000e+15 1.000000000000000000e+02 5.000000000000000104e-03 1.440000000000000036e+01 0.000000000000000000e+00
6.512839330552285000e+15 1.000000000000000000e+02 5.000000000000000104e-03 1.460000000000000142e+01 0.000000000000000000e+00
6.257573312947097000e+15 1.000000000000000000e+02 5.000000000000000104e-03 1.480000000000000071e+01 0.000000000000000000e+00
6.002301663824432000e+15 1.000000000000000000e+02 5.000000000000000104e-03 1.500000000000000000e+01 0.000000000000000000e+00
5.747023931641430000e+15 1.000000000000000000e+02 5.000000000000000104e-03 1.520000000000000107e+01 0.000000000000000000e+00
5.491739609834924000e+15 1.000000000000000000e+02 5.000000000000000104e-03 1.540000000000000036e+01 0.000000000000000000e+00
5.236448128362033000e+15 1.000000000000000000e+02 5.000000000000000104e-03 1.560000000000000142e+01 0.000000000000000000e+00
4.981148842470811000e+15 1.000000000000000000e+02 5.000000000000000104e-03 1.580000000000000071e+01 0.000000000000000000e+00
4.725841019903798000e+15 1.000000000000000000e+02 5.000000000000000104e-03 1.600000000000000000e+01 0.000000000000000000e+00
4.470523824454135000e+15 1.000000000000000000e+02 5.000000000000000104e-03 1.619999999999999929e+01 0.000000000000000000e+00
4.215196296262917000e+15 1.000000000000000000e+02 5.000000000000000104e-03 1.640000000000000213e+01 0.000000000000000000e+00
3.959857327210332500e+15 1.000000000000000000e+02 5.000000000000000104e-03 1.660000000000000142e+01 0.000000000000000000e+00
3.704505630302475500e+15 1.000000000000000000e+02 5.000000000000000104e-03 1.680000000000000071e+01 0.000000000000000000e+00
3.449139701182909000e+15 1.000000000000000000e+02 5.000000000000000104e-03 1.700000000000000000e+01 0.000000000000000000e+00
3.193757769845151500e+15 1.000000000000000000e+02 5.000000000000000104e-03 1.719999999999999929e+01 0.000000000000000000e+00
2.938357739769091000e+15 1.000000000000000000e+02 5.000000000000000104e-03 1.740000000000000213e+01 0.000000000000000000e+00
2.682937111721247500e+15 1.000000000000000000e+02 5.000000000000000104e-03 1.760000000000000142e+01 0.000000000000000000e+00
2.427492890225798000e+15 1.000000000000000000e+02 5.000000000000000104e-03 1.780000000000000071e+01 0.000000000000000000e+00
2.172021473643131750e+15 1.000000000000000000e+02 5.000000000000000104e-03 1.800000000000000000e+01 0.000000000000000000e+00
1.916518541262084750e+15 1.000000000000000000e+02 5.000000000000000104e-03 1.819999999999999929e+01 0.000000000000000000e+00
1.660978985021388750e+15 1.000000000000000000e+02 5.000000000000000104e-03 1.840000000000000213e+01 0.000000000000000000e+00
1.405397042408394000e+15 1.000000000000000000e+02 5.000000000000000104e-03 1.860000000000000142e+01 0.000000000000000000e+00
1.149767134693758000e+15 1.000000000000000000e+02 5.000000000000000104e-03 1.880000000000000071e+01 0.000000000000000000e+00
8.940871513862125000e+14 1.000000000000000000e+02 5.000000000000000104e-03 1.900000000000000000e+01 0.000000000000000000e+00
6.383710179383202500e+14 1.000000000000000000e+02 5.000000000000000104e-03 1.920000000000000284e+01 0.000000000000000000e+00
3.827037864327622500e+14 1.000000000000000000e+02 5.000000000000000104e-03 1.940000000000000213e+01 0.000000000000000000e+00
1.275724720237121875e+14 1.000000000000000000e+02 5.000000000000000104e-03 1.960000000000000142e+01 0.000000000000000000e+00
2.391880397009851074e+12 1.000000000000000000e+02 5.000000000000000104e-03 1.980000000000000071e+01 0.000000000000000000e+00
3.826869740181161250e+14 1.191910493544264966e+02 1.124999999999999958e-02 2.000000000000000000e+01 0.000000000000000000e+00
6.369641734119531250e+14 1.254183186631928777e+02 1.749999999999999820e-02 2.020000000000000284e+01 0.000000000000000000e+00
8.913836528208111250e+14 1.284744208204175493e+02 2.375000000000000028e-02 2.040000000000000213e+01 0.000000000000000000e+00
1.145910058836653500e+15 1.302842375966370412e+02 3.000000000000000236e-02 2.060000000000000142e+01 0.000000000000000000e+00
1.400517325608031250e+15 1.314788771442663915e+02 3.624999999999999750e-02 2.080000000000000071e+01 0.000000000000000000e+00
1.655187213147767250e+15 1.323254635091959699e+02 4.249999999999999611e-02 2.100000000000000000e+01 0.000000000000000000e+00
1.909906787215898500e+15 1.329562569155086464e+02 4.874999999999999473e-02 2.120000000000000284e+01 0.000000000000000000e+00
2.164666641082100250e+15 1.334441498055499267e+02 5.499999999999999334e-02 2.140000000000000213e+01 0.000000000000000000e+00
2.419459755472802500e+15 1.338325843596377069e+02 6.124999999999999195e-02 2.160000000000000142e+01 0.000000000000000000e+00
2.674280768864117000e+15 1.341490460916826066e+02 6.749999999999999056e-02 2.180000000000000071e+01 0.000000000000000000e+00
2.929125500797199500e+15 1.344117661299783322e+02 7.374999999999999611e-02 2.200000000000000000e+01 0.000000000000000000e+00
3.183990632617482500e+15 1.346333094529170467e+02 8.000000000000000167e-02 2.220000000000000284e+01 0.000000000000000000e+00
3.438873487879592000e+15 1.348226149449641866e+02 8.625000000000000722e-02 2.240000000000000213e+01 0.000000000000000000e+00
3.693771878044312500e+15 1.349862139060822983e+02 9.250000000000001277e-02 2.260000000000000142e+01 0.000000000000000000e+00
3.948683991520792500e+15 1.351289885201813092e+02 9.875000000000001832e-02 2.280000000000000071e+01 0.000000000000000000e+00
4.203608312365617500e+15 1.352546608117114317e+02 1.050000000000000239e-01 2.300000000000000000e+01 0.000000000000000000e+00
4.458543559678994000e+15 1.353661175109654380e+02 1.112500000000000294e-01 2.320000000000000284e+01 0.000000000000000000e+00
4.713488641621451000e+15 1.354656316352451597e+02 1.175000000000000350e-01 2.340000000000000213e+01 0.000000000000000000e+00
4.968442620260083000e+15 1.355550171461268576e+02 1.237500000000000405e-01 2.360000000000000142e+01 0.000000000000000000e+00
5.223404684104553000e+15 1.356357391207878038e+02 1.300000000000000322e-01 2.380000000000000071e+01 0.000000000000000000e+00
5.478374126376549000e+15 1.357089936743977603e+02 1.362500000000000377e-01 2.400000000000000000e+01 0.000000000000000000e+00
5.733350327916129000e+15 1.357757668932715660e+02 1.425000000000000433e-01 2.420000000000000284e+01 0.000000000000000000e+00
5.988332743392216000e+15 1.358368789361515212e+02 1.487500000000000488e-01 2.440000000000000213e+01 0.000000000000000000e+00
6.243320890042049000e+15 1.358930174805784361e+02 1.550000000000000544e-01 2.460000000000000142e+01 0.000000000000000000e+00
6.498314338434662000e+15 1.359447633995449394e+02 1.612500000000000600e-01 2.480000000000000071e+01 0.000000000000000000e+00
6.753312704987177000e+15 1.359926106944042772e+02 1.675000000000000655e-01 2.500000000000000000e+01 0.000000000000000000e+00
7.008315645851740000e+15 1.360369821282206146e+02 1.737500000000000711e-01 2.520000000000000284e+01 0.000000000000000000e+00
7.263322851452277000e+15 1.360782416033310369e+02 1.800000000000000766e-01 2.540000000000000213e+01 0.000000000000000000e+00
7.518334042035456000e+15 1.361167040471445091e+02 1.862500000000000822e-01 2.560000000000000142e+01 0.000000000000000000e+00
7.773348964240107000e+15 1.361526433720399893e+02 1.925000000000000877e-01 2.580000000000000071e+01 0.000000000000000000e+00
8.028367387736814000e+15 1.361862989330487892e+02 1.987500000000000933e-01 2.600000000000000000e+01 0.000000000000000000e+00
8.283389102573579000e+15 1.362178808037785416e+02 2.050000000000000988e-01 2.620000000000000284e+01 0.000000000000000000e+00
8.538413916847015000e+15 1.362475741152572084e+02 2.112500000000001044e-01 2.640000000000000213e+01 0.000000000000000000e+00
8.793441654645247000e+15 1.362755426461688444e+02 2.175000000000001099e-01 2.660000000000000142e+01 0.000000000000000000e+00
9.048472154494352000e+15 1.363019318108622997e+02 2.237500000000001155e-01 2.680000000000000071e+01 0.000000000000000000e+00
9.303505267671322000e+15 1.363268711597062008e+02 2.300000000000001210e-01 2.700000000000000000e+01 0.000000000000000000e+00
9.558540857092182000e+15 1.363504764821228434e+02 2.362500000000001266e-01 2.720000000000000284e+01 0.000000000000000000e+00
9.813578795727402000e+15 1.363728515840129774e+02 2.425000000000001321e-01 2.740000000000000213e+01 0.000000000000000000e+00
1.006861896603167200e+16 1.363940897968697641e+02 2.487500000000001377e-01 2.760000000000000142e+01 0.000000000000000000e+00
1.032366125913846400e+16 1.364142752646447718e+02 2.550000000000001155e-01 2.780000000000000071e+01 0.000000000000000000e+00
1.057870557357580600e+16 1.364334840456125733e+02 2.612500000000000933e-01 2.800000000000000000e+01 0.000000000000000000e+00
1.083375181500155000e+16 1.364517850595160837e+02 2.675000000000000711e-01 2.820000000000000284e+01 0.000000000000000000e+00
1.108879989516743600e+16 1.364692409047428896e+02 2.737500000000000488e-01 2.840000000000000213e+01 0.000000000000000000e+00
1.134384973221525600e+16 1.364859085658607114e+02 2.800000000000000266e-01 2.860000000000000142e+01 0.000000000000000000e+00
1.159890124880463600e+16 1.365018400282878304e+02 2.862500000000000044e-01 2.880000000000000071e+01 0.000000000000000000e+00
1.185395437306697600e+16 1.365170828140049082e+02 2.924999999999999822e-01 2.900000000000000000e+01 0.000000000000000000e+00
1.210900903728948200e+16 1.365316804498856698e+02 2.987499999999999600e-01 2.920000000000000284e+01 0.000000000000000000e+00
1.236406517821389200e+16 1.365456728783249787e+02 3.049999999999999378e-01 2.940000000000000213e+01 0.000000000000000000e+00
1.261912273580756600e+16 1.365590968182858660e+02 3.112499999999999156e-01 2.960000000000000142e+01 0.000000000000000000e+00
1.287418165388451400e+16 1.365719860836080954e+02 3.174999999999998934e-01 2.980000000000000071e+01 0.000000000000000000e+00
1.312924187952793800e+16 1.365843718643621401e+02 3.237499999999998712e-01 3.000000000000000000e+01 0.000000000000000000e+00
1.338430336273776400e+16 1.365962829761560613e+02 3.299999999999998490e-01 3.020000000000000284e+01 0.000000000000000000e+00
1.363936605604880400e+16 1.366077460815712072e+02 3.362499999999998268e-01 3.040000000000000213e+01 0.000000000000000000e+00
1.389442991487594600e+16 1.366187858872940524e+02 3.424999999999998046e-01 3.060000000000000142e+01 0.000000000000000000e+00
1.414949489688885000e+16 1.366294253199970115e+02 3.487499999999997824e-01 3.080000000000000071e+01 0.000000000000000000e+00
1.440456096218956400e+16 1.366396856835930578e+02 3.549999999999997602e-01 3.100000000000000000e+01 0.000000000000000000e+00
1.465962807250668800e+16 1.366495868001237284e+02 3.612499999999997380e-01 3.120000000000000284e+01 0.000000000000000000e+00
1.491469619161520000e+16 1.366591471362322636e+02 3.674999999999997158e-01 3.140000000000000213e+01 0.000000000000000000e+00
1.516976528561718800e+16 1.366683839169132852e+02 3.737499999999996936e-01 3.160000000000000142e+01 1.000000000000000000e+00
1.516976480482471800e+16 4.000000000000000000e+02 1.250000000000000026e-03 3.180000000000000071e+01 1.000000000000000000e+00
1.516975882484340400e+16 4.000000000000000000e+02 1.250000000000000026e-03 3.200000000000000000e+01 1.000000000000000000e+00
1.516975284486209200e+16 4.000000000000000000e+02 1.250000000000000026e-03 3.220000000000000284e+01 1.000000000000000000e+00
1.516974686488078000e+16 4.000000000000000000e+02 1.250000000000000026e-03 3.239999999999999858e+01 1.000000000000000000e+00
1.516974088489946800e+16 4.000000000000000000e+02 1.250000000000000026e-03 3.260000000000000142e+01 1.000000000000000000e+00
1.516973490491815400e+16 4.000000000000000000e+02 1.250000000000000026e-03 3.280000000000000426e+01 1.000000000000000000e+00
1.516972892493684200e+16 4.000000000000000000e+02 1.250000000000000026e-03 3.300000000000000000e+01 1.000000000000000000e+00
1.516972294495553000e+16 4.000000000000000000e+02 1.250000000000000026e-03 3.320000000000000284e+01 1.000000000000000000e+00
1.516971696497421800e+16 4.000000000000000000e+02 1.250000000000000026e-03 3.339999999999999858e+01 1.000000000000000000e+00
1.516971098499290400e+16 4.000000000000000000e+02 1.250000000000000026e-03 3.360000000000000142e+01 1.000000000000000000e+00
1.516970500501159200e+16 4.000000000000000000e+02 1.250000000000000026e-03 3.380000000000000426e+01 1.000000000000000000e+00
1.516969902503028000e+16 4.000000000000000000e+02 1.250000000000000026e-03 3.400000000000000000e+01 1.000000000000000000e+00
1.516969304504896800e+16 4.000000000000000000e+02 1.250000000000000026e-03 3.420000000000000284e+01 1.000000000000000000e+00
1.516968706506765600e+16 4.000000000000000000e+02 1.250000000000000026e-03 3.439999999999999858e+01 1.000000000000000000e+00
1.516968108508634200e+16 4.000000000000000000e+02 1.250000000000000026e-03 3.460000000000000142e+01 1.000000000000000000e+00
1.516967510510503000e+16 4.000000000000000000e+02 1.250000000000000026e-03 3.480000000000000426e+01 1.000000000000000000e+00
1.516966912512371800e+16 4.000000000000000000e+02 1.250000000000000026e-03 3.500000000000000000e+01 1.000000000000000000e+00
1.516966314514240600e+16 4.000000000000000000e+02 1.250000000000000026e-03 3.520000000000000284e+01 1.000000000000000000e+00
1.516965716516109200e+16 4.000000000000000000e+02 1.250000000000000026e-03 3.539999999999999858e+01 1.000000000000000000e+00
1.516965118517978000e+16 4.000000000000000000e+02 1.250000000000000026e-03 3.560000000000000142e+01 1.000000000000000000e+00
1.516964520519846800e+16 4.000000000000000000e+02 1.250000000000000026e-03 3.580000000000000426e+01 1.000000000000000000e+00
1.516963922521715600e+16 4.000000000000000000e+02 1.250000000000000026e-03 3.600000000000000000e+01 1.000000000000000000e+00
1.516963324523584200e+16 4.000000000000000000e+02 1.250000000000000026e-03 3.620000000000000284e+01 1.000000000000000000e+00
1.516962726525453000e+16 4.000000000000000000e+02 1.250000000000000026e-03 3.639999999999999858e+01 1.000000000000000000e+00
1.516962128527321800e+16 4.000000000000000000e+02 1.250000000000000026e-03 3.660000000000000142e+01 1.000000000000000000e+00
1.516961530529190600e+16 4.000000000000000000e+02 1.250000000000000026e-03 3.680000000000000426e+01 1.000000000000000000e+00
1.516960932531059200e+16 4.000000000000000000e+02 1.250000000000000026e-03 3.700000000000000000e+01 1.000000000000000000e+00
1.516960334532928000e+16 4.000000000000000000e+02 1.250000000000000026e-03 3.720000000000000284e+01 1.000000000000000000e+00
1.516959736534796800e+16 4.000000000000000000e+02 1.250000000000000026e-03 3.739999999999999858e+01 1.000000000000000000e+00
1.516959138536665600e+16 4.000000000000000000e+02 1.250000000000000026e-03 3.760000000000000142e+01 1.000000000000000000e+00
1.516958540538534400e+16 4.000000000000000000e+02 1.250000000000000026e-03 3.780000000000000426e+01 1.000000000000000000e+00
1.516957942540403000e+16 4.000000000000000000e+02 1.250000000000000026e-03 3.800000000000000000e+01 1.000000000000000000e+00
1.516957344542271800e+16 4.000000000000000000e+02 1.250000000000000026e-03 3.820000000000000284e+01 1.000000000000000000e+00
1.516956746544140600e+16 4.000000000000000000e+02 1.250000000000000026e-03 3.840000000000000568e+01 1.000000000000000000e+00
1.516956148546009400e+16 4.000000000000000000e+02 1.250000000000000026e-03 3.860000000000000142e+01 1.000000000000000000e+00
1.516955550547878000e+16 4.000000000000000000e+02 1.250000000000000026e-03 3.880000000000000426e+01 1.000000000000000000e+00
1.516954952549746800e+16 4.000000000000000000e+02 1.250000000000000026e-03 3.900000000000000000e+01 1.000000000000000000e+00
1.516954354551615600e+16 4.000000000000000000e+02 1.250000000000000026e-03 3.920000000000000284e+01 1.000000000000000000e+00
1.516953756553484400e+16 4.000000000000000000e+02 1.250000000000000026e-03 3.940000000000000568e+01 1.000000000000000000e+00
1.516953158555353000e+16 4.000000000000000000e+02 1.250000000000000026e-03 3.960000000000000142e+01 1.000000000000000000e+00
1.516952560557221800e+16 4.000000000000000000e+02 1.250000000000000026e-03 3.980000000000000426e+01 1.000000000000000000e+00
1.516951962559090600e+16 4.000000000000000000e+02 1.250000000000000026e-03 4.000000000000000000e+01 1.000000000000000000e+00
1.516951364560959400e+16 4.000000000000000000e+02 1.250000000000000026e-03 4.020000000000000284e+01 1.000000000000000000e+00
1.516950766562828000e+16 4.000000000000000000e+02 1.250000000000000026e-03 4.040000000000000568e+01 1.000000000000000000e+00
1.516950168564696800e+16 4.000000000000000000e+02 1.250000000000000026e-03 4.060000000000000142e+01 1.000000000000000000e+00
1.516949570566565600e+16 4.000000000000000000e+02 1.250000000000000026e-03 4.080000000000000426e+01 1.000000000000000000e+00
1.516948972568434400e+16 4.000000000000000000e+02 1.250000000000000026e-03 4.100000000000000000e+01 1.000000000000000000e+00
1.516948374570303200e+16 4.000000000000000000e+02 1.250000000000000026e-03 4.120000000000000284e+01 1.000000000000000000e+00
1.516947776572171800e+16 4.000000000000000000e+02 1.250000000000000026e-03 4.140000000000000568e+01 1.000000000000000000e+00
1.516947178574040600e+16 4.000000000000000000e+02 1.250000000000000026e-03 4.160000000000000142e+01 1.000000000000000000e+00
1.516946580575909400e+16 4.000000000000000000e+02 1.250000000000000026e-03 4.180000000000000426e+01 1.000000000000000000e+00
1.516945982577778200e+16 4.000000000000000000e+02 1.250000000000000026e-03 4.200000000000000000e+01 1.000000000000000000e+00
1.516945384579646800e+16 4.000000000000000000e+02 1.250000000000000026e-03 4.220000000000000284e+01 1.000000000000000000e+00
1.516944786581515600e+16 4.000000000000000000e+02 1.250000000000000026e-03 4.240000000000000568e+01 1.000000000000000000e+00
1.516944188583384400e+16 4.000000000000000000e+02 1.250000000000000026e-03 4.260000000000000142e+01 1.000000000000000000e+00
1.516943590585253200e+16 4.000000000000000000e+02 1.250000000000000026e-03 4.280000000000000426e+01 1.000000000000000000e+00
1.516942992587121800e+16 4.000000000000000000e+02 1.250000000000000026e-03 4.300000000000000000e+01 1.000000000000000000e+00
1.516942394588990600e+16 4.000000000000000000e+02 1.250000000000000026e-03 4.320000000000000284e+01 1.000000000000000000e+00
1.516941796590859400e+16 4.000000000000000000e+02 1.250000000000000026e-03 4.340000000000000568e+01 1.000000000000000000e+00
1.516941198592728200e+16 4.000000000000000000e+02 1.250000000000000026e-03 4.360000000000000142e+01 1.000000000000000000e+00
1.516940600594596800e+16 4.000000000000000000e+02 1.250000000000000026e-03 4.380000000000000426e+01 1.000000000000000000e+00
1.516940002596465600e+16 4.000000000000000000e+02 1.250000000000000026e-03 4.400000000000000000e+01 1.000000000000000000e+00
1.516939404598334400e+16 4.000000000000000000e+02 1.250000000000000026e-03 4.420000000000000284e+01 1.000000000000000000e+00
1.516938806600203200e+16 4.000000000000000000e+02 1.250000000000000026e-03 4.440000000000000568e+01 1.000000000000000000e+00
1.516938208602072000e+16 4.000000000000000000e+02 1.250000000000000026e-03 4.460000000000000142e+01 1.000000000000000000e+00
1.516937610603940600e+16 4.000000000000000000e+02 1.250000000000000026e-03 4.480000000000000426e+01 1.000000000000000000e+00
1.516937012605809400e+16 4.000000000000000000e+02 1.250000000000000026e-03 4.500000000000000000e+01 1.000000000000000000e+00
1.516936414607678200e+16 4.000000000000000000e+02 1.250000000000000026e-03 4.520000000000000284e+01 1.000000000000000000e+00
1.516935816609547000e+16 4.000000000000000000e+02 1.250000000000000026e-03 4.540000000000000568e+01 1.000000000000000000e+00
1.516935218611415600e+16 4.000000000000000000e+02 1.250000000000000026e-03 4.560000000000000142e+01 1.000000000000000000e+00
1.516934620613284400e+16 4.000000000000000000e+02 1.250000000000000026e-03 4.580000000000000426e+01 1.000000000000000000e+00
1.516934022615153200e+16 4.000000000000000000e+02 1.250000000000000026e-03 4.600000000000000000e+01 1.000000000000000000e+00
1.516933424617022000e+16 4.000000000000000000e+02 1.250000000000000026e-03 4.620000000000000284e+01 1.000000000000000000e+00
1.516932826618890600e+16 4.000000000000000000e+02 1.250000000000000026e-03 4.640000000000000568e+01 1.000000000000000000e+00
1.516932228620759400e+16 4.000000000000000000e+02 1.250000000000000026e-03 4.660000000000000142e+01 1.000000000000000000e+00
1.516931630622628200e+16 4.000000000000000000e+02 1.250000000000000026e-03 4.680000000000000426e+01 1.000000000000000000e+00
1.516931032624497000e+16 4.000000000000000000e+02 1.250000000000000026e-03 4.700000000000000000e+01 1.000000000000000000e+00
1.516930434626365600e+16 4.000000000000000000e+02 1.250000000000000026e-03 4.720000000000000284e+01 1.000000000000000000e+00
1.516929836628234400e+16 4.000000000000000000e+02 1.250000000000000026e-03 4.740000000000000568e+01 1.000000000000000000e+00
1.516929238630103200e+16 4.000000000000000000e+02 1.250000000000000026e-03 4.760000000000000142e+01 1.000000000000000000e+00
1.516928640631972000e+16 4.000000000000000000e+02 1.250000000000000026e-03 4.780000000000000426e+01 1.000000000000000000e+00
1.516928042633840800e+16 4.000000000000000000e+02 1.250000000000000026e-03 4.800000000000000000e+01 1.000000000000000000e+00
1.516927444635709400e+16 4.000000000000000000e+02 1.250000000000000026e-03 4.820000000000000284e+01 1.000000000000000000e+00
1.516926846637578200e+16 4.000000000000000000e+02 1.250000000000000026e-03 4.840000000000000568e+01 1.000000000000000000e+00
1.516926248639447000e+16 4.000000000000000000e+02 1.250000000000000026e-03 4.860000000000000142e+01 1.000000000000000000e+00
1.516925650641315800e+16 4.000000000000000000e+02 1.250000000000000026e-03 4.880000000000000426e+01 1.000000000000000000e+00
1.516925052643184400e+16 4.000000000000000000e+02 1.250000000000000026e-03 4.900000000000000000e+01 1.000000000000000000e+00
1.516924454645053200e+16 4.000000000000000000e+02 1.250000000000000026e-03 4.920000000000000284e+01 1.000000000000000000e+00
1.516923856646922000e+16 4.000000000000000000e+02 1.250000000000000026e-03 4.940000000000000568e+01 1.000000000000000000e+00
1.516923258648790800e+16 4.000000000000000000e+02 1.250000000000000026e-03 4.960000000000000142e+01 1.000000000000000000e+00
1.516922660650659400e+16 4.000000000000000000e+02 1.250000000000000026e-03 4.980000000000000426e+01 1.000000000000000000e+00
1.516922062652528200e+16 4.000000000000000000e+02 1.250000000000000026e-03 5.000000000000000000e+01 1.000000000000000000e+00
1.516921464654397000e+16 4.000000000000000000e+02 1.250000000000000026e-03 5.020000000000000284e+01 1.000000000000000000e+00
1.516920866656265800e+16 4.000000000000000000e+02 1.250000000000000026e-03 5.040000000000000568e+01 1.000000000000000000e+00
1.516920268658134400e+16 4.000000000000000000e+02 1.250000000000000026e-03 5.060000000000000142e+01 1.000000000000000000e+00
1.516919670660003200e+16 4.000000000000000000e+02 1.250000000000000026e-03 5.080000000000000426e+01 1.000000000000000000e+00
1.516919072661872000e+16 4.000000000000000000e+02 1.250000000000000026e-03 5.100000000000000000e+01 1.000000000000000000e+00
1.516918474663740800e+16 4.000000000000000000e+02 1.250000000000000026e-03 5.120000000000000284e+01 1.000000000000000000e+00
1.516917876665609600e+16 4.000000000000000000e+02 1.250000000000000026e-03 5.140000000000000568e+01 1.000000000000000000e+00
1.516917278667478200e+16 4.000000000000000000e+02 1.250000000000000026e-03 5.160000000000000142e+01 1.000000000000000000e+00
1.516916680669347000e+16 4.000000000000000000e+02 1.250000000000000026e-03 5.180000000000000426e+01 1.000000000000000000e+00
1.516916082671215800e+16 4.000000000000000000e+02 1.250000000000000026e-03 5.200000000000000000e+01 1.000000000000000000e+00
1.516915484673084600e+16 4.000000000000000000e+02 1.250000000000000026e-03 5.220000000000000284e+01 1.000000000000000000e+00
1.516914886674953200e+16 4.000000000000000000e+02 1.250000000000000026e-03 5.240000000000000568e+01 1.000000000000000000e+00
1.516914288676822000e+16 4.000000000000000000e+02 1.250000000000000026e-03 5.260000000000000142e+01 1.000000000000000000e+00
1.516913690678690800e+16 4.000000000000000000e+02 1.250000000000000026e-03 5.280000000000000426e+01 1.000000000000000000e+00
1.516913092680559600e+16 4.000000000000000000e+02 1.250000000000000026e-03 5.300000000000000000e+01 1.000000000000000000e+00
1.516912494682428200e+16 4.000000000000000000e+02 1.250000000000000026e-03 5.320000000000000284e+01 1.000000000000000000e+00
1.516911896684297000e+16 4.000000000000000000e+02 1.250000000000000026e-03 5.340000000000000568e+01 1.000000000000000000e+00
1.516911298686165800e+16 4.000000000000000000e+02 1.250000000000000026e-03 5.360000000000000142e+01 1.000000000000000000e+00
1.516910700688034600e+16 4.000000000000000000e+02 1.250000000000000026e-03 5.380000000000000426e+01 1.000000000000000000e+00
1.516910102689903200e+16 4.000000000000000000e+02 1.250000000000000026e-03 5.400000000000000000e+01 1.000000000000000000e+00
1.516909504691772000e+16 4.000000000000000000e+02 1.250000000000000026e-03 5.420000000000000284e+01 1.000000000000000000e+00
1.516908906693640800e+16 4.000000000000000000e+02 1.250000000000000026e-03 5.440000000000000568e+01 1.000000000000000000e+00
1.516908308695509600e+16 4.000000000000000000e+02 1.250000000000000026e-03 5.460000000000000142e+01 1.000000000000000000e+00
1.516907710697378400e+16 4.000000000000000000e+02 1.250000000000000026e-03 5.480000000000000426e+01 1.000000000000000000e+00
1.516907112699247000e+16 4.000000000000000000e+02 1.250000000000000026e-03 5.500000000000000000e+01 1.000000000000000000e+00
1.516906514701115800e+16 4.000000000000000000e+02 1.250000000000000026e-03 5.520000000000000284e+01 1.000000000000000000e+00
1.516905916702984600e+16 4.000000000000000000e+02 1.250000000000000026e-03 5.540000000000000568e+01 1.000000000000000000e+00
1.516905318704853400e+16 4.000000000000000000e+02 1.250000000000000026e-03 5.560000000000000142e+01 1.000000000000000000e+00
1.516904720706722000e+16 4.000000000000000000e+02 1.250000000000000026e-03 5.580000000000000426e+01 1.000000000000000000e+00
1.516904122708590800e+16 4.000000000000000000e+02 1.250000000000000026e-03 5.600000000000000000e+01 1.000000000000000000e+00
1.516903524710459600e+16 4.000000000000000000e+02 1.250000000000000026e-03 5.620000000000000284e+01 1.000000000000000000e+00
1.516902926712328400e+16 4.000000000000000000e+02 1.250000000000000026e-03 5.640000000000000568e+01 1.000000000000000000e+00
1.516902328714197000e+16 4.000000000000000000e+02 1.250000000000000026e-03 5.660000000000000142e+01 1.000000000000000000e+00
1.516901730716065800e+16 4.000000000000000000e+02 1.250000000000000026e-03 5.680000000000000426e+01 1.000000000000000000e+00
1.516901132717934600e+16 4.000000000000000000e+02 1.250000000000000026e-03 5.700000000000000000e+01 1.000000000000000000e+00
1.516900534719803400e+16 4.000000000000000000e+02 1.250000000000000026e-03 5.720000000000000284e+01 1.000000000000000000e+00
1.516899936721672000e+16 4.000000000000000000e+02 1.250000000000000026e-03 5.740000000000000568e+01 1.000000000000000000e+00
1.516899338723540800e+16 4.000000000000000000e+02 1.250000000000000026e-03 5.760000000000000142e+01 1.000000000000000000e+00
1.516898740725409600e+16 4.000000000000000000e+02 1.250000000000000026e-03 5.780000000000000426e+01 1.000000000000000000e+00
1.516898142727278400e+16 4.000000000000000000e+02 1.250000000000000026e-03 5.800000000000000000e+01 1.000000000000000000e+00
1.516897544729147200e+16 4.000000000000000000e+02 1.250000000000000026e-03 5.820000000000000284e+01 1.000000000000000000e+00
1.516896946731015800e+16 4.000000000000000000e+02 1.250000000000000026e-03 5.840000000000000568e+01 1.000000000000000000e+00
1.516896348732884600e+16 4.000000000000000000e+02 1.250000000000000026e-03 5.860000000000000142e+01 1.000000000000000000e+00
1.516895750734753400e+16 4.000000000000000000e+02 1.250000000000000026e-03 5.880000000000000426e+01 1.000000000000000000e+00
1.516895152736622200e+16 4.000000000000000000e+02 1.250000000000000026e-03 5.900000000000000000e+01 1.000000000000000000e+00
1.516894554738490800e+16 4.000000000000000000e+02 1.250000000000000026e-03 5.920000000000000284e+01 1.000000000000000000e+00
1.516893956740359600e+16 4.000000000000000000e+02 1.250000000000000026e-03 5.940000000000000568e+01 1.000000000000000000e+00
1.516893358742228400e+16 4.000000000000000000e+02 1.250000000000000026e-03 5.960000000000000142e+01 1.000000000000000000e+00
1.516892760744097200e+16 4.000000000000000000e+02 1.250000000000000026e-03 5.980000000000000426e+01 1.000000000000000000e+00
1.516892162745965800e+16 4.000000000000000000e+02 1.250000000000000026e-03 6.000000000000000000e+01 1.000000000000000000e+00
1.516891564747834600e+16 4.000000000000000000e+02 1.250000000000000026e-03 6.020000000000000284e+01 1.000000000000000000e+00
1.516890966749703400e+16 4.000000000000000000e+02 1.250000000000000026e-03 6.040000000000000568e+01 1.000000000000000000e+00
1.516890368751572200e+16 4.000000000000000000e+02 1.250000000000000026e-03 6.060000000000000142e+01 1.000000000000000000e+00
1.516889770753440800e+16 4.000000000000000000e+02 1.250000000000000026e-03 6.080000000000000426e+01 1.000000000000000000e+00
1.516889172755309600e+16 4.000000000000000000e+02 1.250000000000000026e-03 6.100000000000000000e+01 1.000000000000000000e+00
1.516888574757178400e+16 4.000000000000000000e+02 1.250000000000000026e-03 6.120000000000000284e+01 1.000000000000000000e+00
1.516887976759047200e+16 4.000000000000000000e+02 1.250000000000000026e-03 6.140000000000000568e+01 1.000000000000000000e+00
1.516887378760916000e+16 4.000000000000000000e+02 1.250000000000000026e-03 6.160000000000000142e+01 1.000000000000000000e+00
1.516886780762784600e+16 4.000000000000000000e+02 1.250000000000000026e-03 6.180000000000000426e+01 1.000000000000000000e+00
1.516886182764653400e+16 4.000000000000000000e+02 1.250000000000000026e-03 6.200000000000000000e+01 1.000000000000000000e+00
1.516885584766522200e+16 4.000000000000000000e+02 1.250000000000000026e-03 6.220000000000000284e+01 1.000000000000000000e+00
1.516884986768391000e+16 4.000000000000000000e+02 1.250000000000000026e-03 6.240000000000000568e+01 1.000000000000000000e+00
1.516884388770259600e+16 4.000000000000000000e+02 1.250000000000000026e-03 6.260000000000000142e+01 1.000000000000000000e+00
1.516883790772128400e+16 4.000000000000000000e+02 1.250000000000000026e-03 6.280000000000000426e+01 1.000000000000000000e+00
1.516883192773997200e+16 4.000000000000000000e+02 1.250000000000000026e-03 6.300000000000000000e+01 1.000000000000000000e+00
1.516882594775866000e+16 4.000000000000000000e+02 1.250000000000000026e-03 6.320000000000000284e+01 1.000000000000000000e+00
1.516881996777734600e+16 4.000000000000000000e+02 1.250000000000000026e-03 6.340000000000000568e+01 1.000000000000000000e+00
1.516881398779603400e+16 4.000000000000000000e+02 1.250000000000000026e-03 6.360000000000000142e+01 1.000000000000000000e+00
1.516880800781472200e+16 4.000000000000000000e+02 1.250000000000000026e-03 6.380000000000000426e+01 1.000000000000000000e+00
1.516880202783341000e+16 4.000000000000000000e+02 1.250000000000000026e-03 6.400000000000000000e+01 1.000000000000000000e+00
1.516879604785209600e+16 4.000000000000000000e+02 1.250000000000000026e-03 6.420000000000000284e+01 1.000000000000000000e+00
1.516879006787078400e+16 4.000000000000000000e+02 1.250000000000000026e-03 6.440000000000000568e+01 1.000000000000000000e+00
1.516878408788947200e+16 4.000000000000000000e+02 1.250000000000000026e-03 6.460000000000000853e+01 1.000000000000000000e+00
1.516877810790816000e+16 4.000000000000000000e+02 1.250000000000000026e-03 6.479999999999999716e+01 1.000000000000000000e+00
1.516877212792684800e+16 4.000000000000000000e+02 1.250000000000000026e-03 6.500000000000000000e+01 1.000000000000000000e+00
1.516876614794553400e+16 4.000000000000000000e+02 1.250000000000000026e-03 6.520000000000000284e+01 1.000000000000000000e+00
1.516876016796422200e+16 4.000000000000000000e+02 1.250000000000000026e-03 6.540000000000000568e+01 1.000000000000000000e+00
1.516875418798291000e+16 4.000000000000000000e+02 1.250000000000000026e-03 6.560000000000000853e+01 1.000000000000000000e+00
1.516874820800159800e+16 4.000000000000000000e+02 1.250000000000000026e-03 6.579999999999999716e+01 1.000000000000000000e+00
1.516874222802028400e+16 4.000000000000000000e+02 1.250000000000000026e-03 6.600000000000000000e+01 1.000000000000000000e+00
1.516873624803897200e+16 4.000000000000000000e+02 1.250000000000000026e-03 6.620000000000000284e+01 1.000000000000000000e+00
1.516873026805766000e+16 4.000000000000000000e+02 1.250000000000000026e-03 6.640000000000000568e+01 1.000000000000000000e+00
1.516872428807634800e+16 4.000000000000000000e+02 1.250000000000000026e-03 6.660000000000000853e+01 1.000000000000000000e+00
1.516871830809503400e+16 4.000000000000000000e+02 1.250000000000000026e-03 6.679999999999999716e+01 1.000000000000000000e+00
1.516871232811372200e+16 4.000000000000000000e+02 1.250000000000000026e-03 6.700000000000000000e+01 1.000000000000000000e+00
1.516870634813241000e+16 4.000000000000000000e+02 1.250000000000000026e-03 6.720000000000000284e+01 1.000000000000000000e+00
1.516870036815109800e+16 4.000000000000000000e+02 1.250000000000000026e-03 6.740000000000000568e+01 1.000000000000000000e+00
1.516869438816978400e+16 4.000000000000000000e+02 1.250000000000000026e-03 6.760000000000000853e+01 1.000000000000000000e+00
1.516868840818847200e+16 4.000000000000000000e+02 1.250000000000000026e-03 6.779999999999999716e+01 1.000000000000000000e+00
1.516868242820716000e+16 4.000000000000000000e+02 1.250000000000000026e-03 6.800000000000000000e+01 1.000000000000000000e+00
1.516867644822584800e+16 4.000000000000000000e+02 1.250000000000000026e-03 6.820000000000000284e+01 1.000000000000000000e+00
1.516867046824453600e+16 4.000000000000000000e+02 1.250000000000000026e-03 6.840000000000000568e+01 1.000000000000000000e+00
1.516866448826322200e+16 4.000000000000000000e+02 1.250000000000000026e-03 6.860000000000000853e+01 1.000000000000000000e+00
1.516865850828191000e+16 4.000000000000000000e+02 1.250000000000000026e-03 6.879999999999999716e+01 1.000000000000000000e+00
1.516865252830059800e+16 4.000000000000000000e+02 1.250000000000000026e-03 6.900000000000000000e+01 1.000000000000000000e+00
1.516864654831928600e+16 4.000000000000000000e+02 1.250000000000000026e-03 6.920000000000000284e+01 1.000000000000000000e+00
1.516864056833797200e+16 4.000000000000000000e+02 1.250000000000000026e-03 6.940000000000000568e+01 1.000000000000000000e+00
1.516863458835666000e+16 4.000000000000000000e+02 1.250000000000000026e-03 6.960000000000000853e+01 1.000000000000000000e+00
1.516862860837534800e+16 4.000000000000000000e+02 1.250000000000000026e-03 6.979999999999999716e+01 1.000000000000000000e+00
1.516862262839403600e+16 4.000000000000000000e+02 1.250000000000000026e-03 7.000000000000000000e+01 1.000000000000000000e+00
1.516861664841272200e+16 4.000000000000000000e+02 1.250000000000000026e-03 7.020000000000000284e+01 1.000000000000000000e+00
1.516861066843141000e+16 4.000000000000000000e+02 1.250000000000000026e-03 7.040000000000000568e+01 1.000000000000000000e+00
1.516860468845009800e+16 4.000000000000000000e+02 1.250000000000000026e-03 7.060000000000000853e+01 1.000000000000000000e+00
1.516859870846878600e+16 4.000000000000000000e+02 1.250000000000000026e-03 7.079999999999999716e+01 1.000000000000000000e+00
1.516859272848747200e+16 4.000000000000000000e+02 1.250000000000000026e-03 7.100000000000000000e+01 1.000000000000000000e+00
1.516858674850616000e+16 4.000000000000000000e+02 1.250000000000000026e-03 7.120000000000000284e+01 1.000000000000000000e+00
1.516858076852484800e+16 4.000000000000000000e+02 1.250000000000000026e-03 7.140000000000000568e+01 1.000000000000000000e+00
1.516857478854353600e+16 4.000000000000000000e+02 1.250000000000000026e-03 7.160000000000000853e+01 1.000000000000000000e+00
1.516856880856222400e+16 4.000000000000000000e+02 1.250000000000000026e-03 7.179999999999999716e+01 1.000000000000000000e+00
1.516856282858091000e+16 4.000000000000000000e+02 1.250000000000000026e-03 7.200000000000000000e+01 1.000000000000000000e+00
1.516855684859959800e+16 4.000000000000000000e+02 1.250000000000000026e-03 7.220000000000000284e+01 1.000000000000000000e+00
1.516855086861828600e+16 4.000000000000000000e+02 1.250000000000000026e-03 7.240000000000000568e+01 1.000000000000000000e+00
1.516854488863697400e+16 4.000000000000000000e+02 1.250000000000000026e-03 7.260000000000000853e+01 1.000000000000000000e+00
1.516853890865566000e+16 4.000000000000000000e+02 1.250000000000000026e-03 7.279999999999999716e+01 1.000000000000000000e+00
1.516853292867434800e+16 4.000000000000000000e+02 1.250000000000000026e-03 7.300000000000000000e+01 1.000000000000000000e+00
1.516852694869303600e+16 4.000000000000000000e+02 1.250000000000000026e-03 7.320000000000000284e+01 1.000000000000000000e+00
1.516852096871172400e+16 4.000000000000000000e+02 1.250000000000000026e-03 7.340000000000000568e+01 1.000000000000000000e+00
1.516851498873041000e+16 4.000000000000000000e+02 1.250000000000000026e-03 7.360000000000000853e+01 1.000000000000000000e+00
1.516850900874909800e+16 4.000000000000000000e+02 1.250000000000000026e-03 7.379999999999999716e+01 1.000000000000000000e+00
1.516850302876778600e+16 4.000000000000000000e+02 1.250000000000000026e-03 7.400000000000000000e+01 1.000000000000000000e+00
1.516849704878647400e+16 4.000000000000000000e+02 1.250000000000000026e-03 7.420000000000000284e+01 1.000000000000000000e+00
1.516849106880516000e+16 4.000000000000000000e+02 1.250000000000000026e-03 7.440000000000000568e+01 1.000000000000000000e+00
1.516848508882384800e+16 4.000000000000000000e+02 1.250000000000000026e-03 7.460000000000000853e+01 1.000000000000000000e+00
1.516847910884253600e+16 4.000000000000000000e+02 1.250000000000000026e-03 7.479999999999999716e+01 1.000000000000000000e+00
1.516847312886122400e+16 4.000000000000000000e+02 1.250000000000000026e-03 7.500000000000000000e+01 1.000000000000000000e+00
1.516846714887991200e+16 4.000000000000000000e+02 1.250000000000000026e-03 7.520000000000000284e+01 1.000000000000000000e+00
1.516846116889859800e+16 4.000000000000000000e+02 1.250000000000000026e-03 7.540000000000000568e+01 1.000000000000000000e+00
1.516845518891728600e+16 4.000000000000000000e+02 1.250000000000000026e-03 7.560000000000000853e+01 1.000000000000000000e+00
1.516844920893597400e+16 4.000000000000000000e+02 1.250000000000000026e-03 7.579999999999999716e+01 1.000000000000000000e+00
1.516844322895466200e+16 4.000000000000000000e+02 1.250000000000000026e-03 7.600000000000000000e+01 1.000000000000000000e+00
1.516843724897334800e+16 4.000000000000000000e+02 1.250000000000000026e-03 7.620000000000000284e+01 1.000000000000000000e+00
1.516843126899203600e+16 4.000000000000000000e+02 1.250000000000000026e-03 7.640000000000000568e+01 1.000000000000000000e+00
1.516842528901072400e+16 4.000000000000000000e+02 1.250000000000000026e-03 7.660000000000000853e+01 1.000000000000000000e+00
1.516841930902941200e+16 4.000000000000000000e+02 1.250000000000000026e-03 7.680000000000001137e+01 1.000000000000000000e+00
1.516841332904809800e+16 4.000000000000000000e+02 1.250000000000000026e-03 7.700000000000000000e+01 1.000000000000000000e+00
1.516840734906678600e+16 4.000000000000000000e+02 1.250000000000000026e-03 7.720000000000000284e+01 1.000000000000000000e+00
1.516840136908547400e+16 4.000000000000000000e+02 1.250000000000000026e-03 7.740000000000000568e+01 1.000000000000000000e+00
1.516839538910416200e+16 4.000000000000000000e+02 1.250000000000000026e-03 7.760000000000000853e+01 1.000000000000000000e+00
1.516838940912284800e+16 4.000000000000000000e+02 1.250000000000000026e-03 7.780000000000001137e+01 1.000000000000000000e+00
1.516838342914153600e+16 4.000000000000000000e+02 1.250000000000000026e-03 7.800000000000000000e+01 1.000000000000000000e+00
1.516837744916022400e+16 4.000000000000000000e+02 1.250000000000000026e-03 7.820000000000000284e+01 1.000000000000000000e+00
1.516837146917891200e+16 4.000000000000000000e+02 1.250000000000000026e-03 7.840000000000000568e+01 1.000000000000000000e+00
1.516836548919760000e+16 4.000000000000000000e+02 1.250000000000000026e-03 7.860000000000000853e+01 1.000000000000000000e+00
1.516835950921628600e+16 4.000000000000000000e+02 1.250000000000000026e-03 7.880000000000001137e+01 1.000000000000000000e+00
1.516835352923497400e+16 4.000000000000000000e+02 1.250000000000000026e-03 7.900000000000000000e+01 1.000000000000000000e+00
1.516834754925366200e+16 4.000000000000000000e+02 1.250000000000000026e-03 7.920000000000000284e+01 1.000000000000000000e+00
1.516834156927235000e+16 4.000000000000000000e+02 1.250000000000000026e-03 7.940000000000000568e+01 1.000000000000000000e+00
1.516833558929103600e+16 4.000000000000000000e+02 1.250000000000000026e-03 7.960000000000000853e+01 1.000000000000000000e+00
1.516832960930972400e+16 4.000000000000000000e+02 1.250000000000000026e-03 7.980000000000001137e+01 1.000000000000000000e+00
1.516832362932841200e+16 4.000000000000000000e+02 1.250000000000000026e-03 8.000000000000000000e+01 1.000000000000000000e+00
1.516831764934710000e+16 4.000000000000000000e+02 1.250000000000000026e-03 8.020000000000000284e+01 1.000000000000000000e+00
1.516831166936578600e+16 4.000000000000000000e+02 1.250000000000000026e-03 8.040000000000000568e+01 1.000000000000000000e+00
1.516830568938447400e+16 4.000000000000000000e+02 1.250000000000000026e-03 8.060000000000000853e+01 1.000000000000000000e+00
1.516829970940316200e+16 4.000000000000000000e+02 1.250000000000000026e-03 8.080000000000001137e+01 1.000000000000000000e+00
1.516829372942185000e+16 4.000000000000000000e+02 1.250000000000000026e-03 8.100000000000000000e+01 1.000000000000000000e+00
1.516828774944053600e+16 4.000000000000000000e+02 1.250000000000000026e-03 8.120000000000000284e+01 1.000000000000000000e+00
1.516828176945922400e+16 4.000000000000000000e+02 1.250000000000000026e-03 8.140000000000000568e+01 1.000000000000000000e+00
1.516827578947791200e+16 4.000000000000000000e+02 1.250000000000000026e-03 8.160000000000000853e+01 1.000000000000000000e+00
1.516826980949660000e+16 4.000000000000000000e+02 1.250000000000000026e-03 8.180000000000001137e+01 1.000000000000000000e+00
1.516826382951528800e+16 4.000000000000000000e+02 1.250000000000000026e-03 8.200000000000000000e+01 1.000000000000000000e+00
1.516825784953397400e+16 4.000000000000000000e+02 1.250000000000000026e-03 8.220000000000000284e+01 1.000000000000000000e+00
1.516825186955266200e+16 4.000000000000000000e+02 1.250000000000000026e-03 8.240000000000000568e+01 1.000000000000000000e+00
1.516824588957135000e+16 4.000000000000000000e+02 1.250000000000000026e-03 8.260000000000000853e+01 1.000000000000000000e+00
1.516823990959003800e+16 4.000000000000000000e+02 1.250000000000000026e-03 8.280000000000001137e+01 1.000000000000000000e+00
1.516823392960872400e+16 4.000000000000000000e+02 1.250000000000000026e-03 8.300000000000000000e+01 1.000000000000000000e+00
1.516822794962741200e+16 4.000000000000000000e+02 1.250000000000000026e-03 8.320000000000000284e+01 1.000000000000000000e+00
1.516822196964610000e+16 4.000000000000000000e+02 1.250000000000000026e-03 8.340000000000000568e+01 1.000000000000000000e+00
1.516821598966478800e+16 4.000000000000000000e+02 1.250000000000000026e-03 8.360000000000000853e+01 1.000000000000000000e+00
1.516821000968347400e+16 4.000000000000000000e+02 1.250000000000000026e-03 8.380000000000001137e+01 1.000000000000000000e+00
1.516820402970216200e+16 4.000000000000000000e+02 1.250000000000000026e-03 8.400000000000000000e+01 1.000000000000000000e+00
1.516819804972085000e+16 4.000000000000000000e+02 1.250000000000000026e-03 8.420000000000000284e+01 1.000000000000000000e+00
1.516819206973953800e+16 4.000000000000000000e+02 1.250000000000000026e-03 8.440000000000000568e+01 1.000000000000000000e+00
1.516818608975822400e+16 4.000000000000000000e+02 1.250000000000000026e-03 8.460000000000000853e+01 1.000000000000000000e+00
1.516818010977691200e+16 4.000000000000000000e+02 1.250000000000000026e-03 8.480000000000001137e+01 1.000000000000000000e+00
1.516817412979560000e+16 4.000000000000000000e+02 1.250000000000000026e-03 8.500000000000000000e+01 1.000000000000000000e+00
1.516816814981428800e+16 4.000000000000000000e+02 1.250000000000000026e-03 8.520000000000000284e+01 1.000000000000000000e+00
1.516816216983297600e+16 4.000000000000000000e+02 1.250000000000000026e-03 8.540000000000000568e+01 1.000000000000000000e+00
1.516815618985166200e+16 4.000000000000000000e+02 1.250000000000000026e-03 8.560000000000000853e+01 1.000000000000000000e+00
1.516815020987035000e+16 4.000000000000000000e+02 1.250000000000000026e-03 8.580000000000001137e+01 1.000000000000000000e+00
1.516814422988903800e+16 4.000000000000000000e+02 1.250000000000000026e-03 8.600000000000000000e+01 1.000000000000000000e+00
1.516813824990772600e+16 4.000000000000000000e+02 1.250000000000000026e-03 8.620000000000000284e+01 1.000000000000000000e+00
1.516813226992641200e+16 4.000000000000000000e+02 1.250000000000000026e-03 8.640000000000000568e+01 1.000000000000000000e+00
1.516812628994510000e+16 4.000000000000000000e+02 1.250000000000000026e-03 8.660000000000000853e+01 1.000000000000000000e+00
1.516812030996378800e+16 4.000000000000000000e+02 1.250000000000000026e-03 8.680000000000001137e+01 1.000000000000000000e+00
1.516811432998247600e+16 4.000000000000000000e+02 1.250000000000000026e-03 8.700000000000000000e+01 1.000000000000000000e+00
1.516810835000116200e+16 4.000000000000000000e+02 1.250000000000000026e-03 8.720000000000000284e+01 1.000000000000000000e+00
1.516810237001985000e+16 4.000000000000000000e+02 1.250000000000000026e-03 8.740000000000000568e+01 1.000000000000000000e+00
1.516809639003853800e+16 4.000000000000000000e+02 1.250000000000000026e-03 8.760000000000000853e+01 1.000000000000000000e+00
1.516809041005722600e+16 4.000000000000000000e+02 1.250000000000000026e-03 8.780000000000001137e+01 1.000000000000000000e+00
1.516808443007591200e+16 4.000000000000000000e+02 1.250000000000000026e-03 8.800000000000000000e+01 1.000000000000000000e+00
1.516807845009460000e+16 4.000000000000000000e+02 1.250000000000000026e-03 8.820000000000000284e+01 1.000000000000000000e+00
1.516807247011328800e+16 4.000000000000000000e+02 1.250000000000000026e-03 8.840000000000000568e+01 1.000000000000000000e+00
1.516806649013197600e+16 4.000000000000000000e+02 1.250000000000000026e-03 8.860000000000000853e+01 1.000000000000000000e+00
1.516806051015066400e+16 4.000000000000000000e+02 1.250000000000000026e-03 8.880000000000001137e+01 1.000000000000000000e+00
1.516805453016935000e+16 4.000000000000000000e+02 1.250000000000000026e-03 8.900000000000000000e+01 1.000000000000000000e+00
1.516804855018803800e+16 4.000000000000000000e+02 1.250000000000000026e-03 8.920000000000000284e+01 1.000000000000000000e+00
1.516804257020672600e+16 4.000000000000000000e+02 1.250000000000000026e-03 8.940000000000000568e+01 1.000000000000000000e+00
1.516803659022541400e+16 4.000000000000000000e+02 1.250000000000000026e-03 8.960000000000000853e+01 1.000000000000000000e+00
1.516803061024410000e+16 4.000000000000000000e+02 1.250000000000000026e-03 8.980000000000001137e+01 1.000000000000000000e+00
1.516802463026278800e+16 4.000000000000000000e+02 1.250000000000000026e-03 9.000000000000000000e+01 1.000000000000000000e+00
1.516801865028147600e+16 4.000000000000000000e+02 1.250000000000000026e-03 9.020000000000000284e+01 1.000000000000000000e+00
1.516801267030016400e+16 4.000000000000000000e+02 1.250000000000000026e-03 9.040000000000000568e+01 1.000000000000000000e+00
1.516800669031885000e+16 4.000000000000000000e+02 1.250000000000000026e-03 9.060000000000000853e+01 1.000000000000000000e+00
1.516800071033753800e+16 4.000000000000000000e+02 1.250000000000000026e-03 9.080000000000001137e+01 1.000000000000000000e+00
1.516799473035622600e+16 4.000000000000000000e+02 1.250000000000000026e-03 9.100000000000000000e+01 1.000000000000000000e+00
1.516798875037491400e+16 4.000000000000000000e+02 1.250000000000000026e-03 9.120000000000000284e+01 1.000000000000000000e+00
1.516798277039360000e+16 4.000000000000000000e+02 1.250000000000000026e-03 9.140000000000000568e+01 1.000000000000000000e+00
1.516797679041228800e+16 4.000000000000000000e+02 1.250000000000000026e-03 9.160000000000000853e+01 1.000000000000000000e+00
1.516797081043097600e+16 4.000000000000000000e+02 1.250000000000000026e-03 9.180000000000001137e+01 1.000000000000000000e+00
1.516796483044966400e+16 4.000000000000000000e+02 1.250000000000000026e-03 9.200000000000000000e+01 1.000000000000000000e+00
1.516795885046835200e+16 4.000000000000000000e+02 1.250000000000000026e-03 9.220000000000000284e+01 1.000000000000000000e+00
1.516795287048703800e+16 4.000000000000000000e+02 1.250000000000000026e-03 9.240000000000000568e+01 1.000000000000000000e+00
1.516794689050572600e+16 4.000000000000000000e+02 1.250000000000000026e-03 9.260000000000000853e+01 1.000000000000000000e+00
1.516794091052441400e+16 4.000000000000000000e+02 1.250000000000000026e-03 9.280000000000001137e+01 1.000000000000000000e+00
1.516793493054310200e+16 4.000000000000000000e+02 1.250000000000000026e-03 9.300000000000000000e+01 1.000000000000000000e+00
1.516792895056178800e+16 4.000000000000000000e+02 1.250000000000000026e-03 9.320000000000000284e+01 1.000000000000000000e+00
1.516792297058047600e+16 4.000000000000000000e+02 1.250000000000000026e-03 9.340000000000000568e+01 1.000000000000000000e+00
1.516791699059916400e+16 4.000000000000000000e+02 1.250000000000000026e-03 9.360000000000000853e+01 1.000000000000000000e+00
1.516791101061785200e+16 4.000000000000000000e+02 1.250000000000000026e-03 9.380000000000001137e+01 1.000000000000000000e+00
1.516790503063653800e+16 4.000000000000000000e+02 1.250000000000000026e-03 9.400000000000000000e+01 1.000000000000000000e+00
1.516789905065522600e+16 4.000000000000000000e+02 1.250000000000000026e-03 9.420000000000000284e+01 1.000000000000000000e+00
1.516789307067391400e+16 4.000000000000000000e+02 1.250000000000000026e-03 9.440000000000000568e+01 1.000000000000000000e+00
1.516788709069260200e+16 4.000000000000000000e+02 1.250000000000000026e-03 9.460000000000000853e+01 1.000000000000000000e+00
1.516788111071128800e+16 4.000000000000000000e+02 1.250000000000000026e-03 9.480000000000001137e+01 1.000000000000000000e+00
1.516787513072997600e+16 4.000000000000000000e+02 1.250000000000000026e-03 9.500000000000000000e+01 1.000000000000000000e+00
1.516786915074866400e+16 4.000000000000000000e+02 1.250000000000000026e-03 9.520000000000000284e+01 1.000000000000000000e+00
1.516786317076735200e+16 4.000000000000000000e+02 1.250000000000000026e-03 9.540000000000000568e+01 1.000000000000000000e+00
1.516785719078604000e+16 4.000000000000000000e+02 1.250000000000000026e-03 9.560000000000000853e+01 1.000000000000000000e+00
1.516785121080472600e+16 4.000000000000000000e+02 1.250000000000000026e-03 9.580000000000001137e+01 1.000000000000000000e+00
1.516784523082341400e+16 4.000000000000000000e+02 1.250000000000000026e-03 9.600000000000000000e+01 1.000000000000000000e+00
1.516783925084210200e+16 4.000000000000000000e+02 1.250000000000000026e-03 9.620000000000000284e+01 1.000000000000000000e+00
1.516783327086079000e+16 4.000000000000000000e+02 1.250000000000000026e-03 9.640000000000000568e+01 1.000000000000000000e+00
1.516782729087947600e+16 4.000000000000000000e+02 1.250000000000000026e-03 9.660000000000000853e+01 1.000000000000000000e+00
1.516782131089816400e+16 4.000000000000000000e+02 1.250000000000000026e-03 9.680000000000001137e+01 1.000000000000000000e+00
1.516781533091685200e+16 4.000000000000000000e+02 1.250000000000000026e-03 9.700000000000000000e+01 1.000000000000000000e+00
1.516780935093554000e+16 4.000000000000000000e+02 1.250000000000000026e-03 9.720000000000000284e+01 1.000000000000000000e+00
1.516780337095422600e+16 4.000000000000000000e+02 1.250000000000000026e-03 9.740000000000000568e+01 1.000000000000000000e+00
1.516779739097291400e+16 4.000000000000000000e+02 1.250000000000000026e-03 9.760000000000000853e+01 1.000000000000000000e+00
1.516779141099160200e+16 4.000000000000000000e+02 1.250000000000000026e-03 9.780000000000001137e+01 1.000000000000000000e+00
1.516778543101029000e+16 4.000000000000000000e+02 1.250000000000000026e-03 9.800000000000000000e+01 1.000000000000000000e+00
1.516777945102897600e+16 4.000000000000000000e+02 1.250000000000000026e-03 9.820000000000000284e+01 1.000000000000000000e+00
1.516777347104766400e+16 4.000000000000000000e+02 1.250000000000000026e-03 9.840000000000000568e+01 1.000000000000000000e+00
1.516776749106635200e+16 4.000000000000000000e+02 1.250000000000000026e-03 9.860000000000000853e+01 1.000000000000000000e+00
1.516776151108504000e+16 4.000000000000000000e+02 1.250000000000000026e-03 9.880000000000001137e+01 1.000000000000000000e+00
1.516775553110372800e+16 4.000000000000000000e+02 1.250000000000000026e-03 9.900000000000000000e+01 1.000000000000000000e+00
1.516774955112241400e+16 4.000000000000000000e+02 1.250000000000000026e-03 9.920000000000000284e+01 1.000000000000000000e+00
1.516774357114110200e+16 4.000000000000000000e+02 1.250000000000000026e-03 9.940000000000000568e+01 1.000000000000000000e+00
1.516773759115979000e+16 4.000000000000000000e+02 1.250000000000000026e-03 9.960000000000000853e+01 1.000000000000000000e+00
1.516773161117847800e+16 4.000000000000000000e+02 1.250000000000000026e-03 9.980000000000001137e+01 1.000000000000000000e+00
