0 0
0.05 0
0.1 0
0.15 0
0.2 0
0.25 0
0.3 0
0.35 0
0.4 0
0.45 0
0.5 0
0.55 0
0.6 0
0.65 0
0.7 0
0.75 0
0.8 0
0.85 0
0.9 0
0.95 0
1 0
1.05 0
1.1 0
1.15 0
1.2 0
1.25 0
1.3 0
1.35 0
1.4 0
1.45 0
1.5 0.20236
1.55 0.760409
1.6 1.59489
1.65 2.63013
1.7 3.83891
1.75 5.20462
1.8 6.70297
1.85 8.38909
1.9 9.93097
1.95 11.6073
2 13.4166
2.05 15.2321
2.1 17.1609
2.15 19.2007
2.2 21.2023
2.25 23.4487
2.3 25.6375
2.35 27.9019
2.4 28.8559
2.45 29.9771
2.5 30.8381
2.55 31.6252
2.6 32.5309
2.65 33.0696
2.7 33.557
2.75 34.0177
2.8 34.4106
2.85 34.9229
2.9 35.4884
2.95 35.7622
3 36.3422
3.05 36.6406
3.1 36.8723
3.15 37.2288
3.2 37.7553
3.25 38.0052
3.3 38.201
3.35 38.3112
3.4 38.4394
3.45 38.7531
3.5 39.0221
3.55 39.0217
3.6 39.411
3.65 39.325
3.7 39.6312
3.75 39.676
3.8 39.6815
3.85 39.6475
3.9 39.5738
3.95 39.4604
4 39.3071
4.05 39.3386
4.1 39.1291
4.15 38.8606
4.2 38.582
4.25 38.4631
4.3 38.1157
4.35 37.7358
4.4 37.5476
4.45 37.1026
4.5 36.8481
4.55 36.1699
4.6 35.8536
4.65 35.3436
4.7 34.9652
4.75 34.4022
4.8 33.8156
4.85 33.4175
4.9 32.6446
4.95 31.9925
5 31.3949
5.05 30.9059
5.1 30.2716
5.15 29.6219
5.2 28.9574
5.25 28.2787
5.3 27.4832
5.35 26.9706
5.4 26.1602
5.45 25.5289
5.5 24.7104
5.55 24.0665
5.6 23.4159
5.65 22.6829
5.7 22.0246
5.75 21.2923
5.8 20.7241
5.85 19.995
5.9 19.4252
5.95 18.7017
6 18.0781
6.05 17.5117
6.1 16.8964
6.15 16.2872
6.2 15.6844
6.25 15.0886
6.3 14.5
6.35 14.0471
6.4 13.4355
6.45 12.9923
6.5 12.4008
6.55 11.9383
6.6 11.5118
6.65 11.0624
6.7 10.6206
6.75 10.1623
6.8 9.73785
6.85 9.42173
6.9 8.99057
6.95 8.58988
7 8.2719
7.05 7.86983
7.1 7.58278
7.15 7.28448
7.2 6.99244
7.25 6.70671
7.3 6.42735
7.35 6.1544
7.4 5.87613
7.45 5.61682
7.5 5.36401
7.55 5.10779
7.6 4.93496
7.65 4.69141
7.7 4.52651
7.75 4.29557
7.8 4.13113
7.85 3.91309
7.9 3.76474
7.95 3.61305
8 3.46519
8.05 3.32114
8.1 3.18089
8.15 3.04442
8.2 2.9117
8.25 2.7827
8.3 2.65298
8.35 2.5316
8.4 2.41386
8.45 2.29971
8.5 2.2244
8.55 2.11625
8.6 2.04825
8.65 1.94273
8.7 1.87842
8.75 1.77897
8.8 1.71826
8.85 1.62474
8.9 1.56757
8.95 1.50943
9 1.42395
9.05 1.37163
9.1 1.31861
9.15 1.26703
9.2 1.21864
9.25 1.14508
9.3 1.09835
9.35 1.05296
9.4 1.0089
9.45 0.967548
9.5 1.17705
9.55 1.79102
9.6 2.59936
9.65 3.60559
9.7 4.81941
9.75 6.11949
9.8 7.53138
9.85 9.0385
9.9 10.6895
9.95 12.3747
10 14.2135
10.05 16.0513
10.1 17.9833
10.15 20.0426
10.2 22.197
10.25 24.3007
10.3 26.5035
10.35 28.7961
10.4 29.7712
10.45 30.9303
10.5 32.027
10.55 32.9196
10.6 33.9077
10.65 34.6555
10.7 35.3559
10.75 36.0532
10.8 36.7827
10.85 37.4032
10.9 38.0931
10.95 38.7239
11 39.2188
11.05 39.8397
11.1 40.2126
11.15 40.725
11.2 41.1682
11.25 41.5819
11.3 41.9038
11.35 42.4046
11.4 42.6349
11.45 43.013
11.5 43.172
11.55 43.4872
11.6 43.7628
11.65 43.7619
11.7 44.1699
11.75 44.0984
11.8 44.4336
11.85 44.2854
11.9 44.5689
11.95 44.5679
12 44.5544
12.05 44.4678
12.1 44.6124
12.15 44.4729
12.2 44.3213
12.25 44.3538
12.3 44.1523
12.35 44.0923
12.4 43.8301
12.45 43.5383
12.5 43.4032
12.55 43.0503
12.6 42.8853
12.65 42.4613
12.7 42.0902
12.75 41.6119
12.8 41.1655
12.85 40.8592
12.9 40.3518
12.95 39.8585
13 39.3062
13.05 38.9521
13.1 38.3871
13.15 37.8333
13.2 37.4127
13.25 36.6298
13.3 36.0335
13.35 35.4358
13.4 34.798
13.45 34.3718
13.5 33.5776
13.55 32.9196
13.6 32.307
13.65 31.5159
13.7 30.8862
13.75 30.2653
13.8 29.5333
13.85 28.8781
13.9 28.1385
13.95 27.3972
14 26.8157
14.05 26.07
14.1 25.498
14.15 24.7508
14.2 24.077
14.25 23.4925
14.3 22.8392
14.35 22.1882
14.4 21.5222
14.45 20.8768
14.5 20.3891
14.55 19.6914
14.6 19.0566
14.65 18.5167
14.7 18.0334
14.75 17.3456
14.8 16.8218
14.85 16.3038
14.9 15.7859
14.95 15.2778
15 14.8637
15.05 14.3657
15.1 13.8344
15.15 13.4703
15.2 12.9566
15.25 12.5651
15.3 12.0978
15.35 11.7196
15.4 11.3447
15.45 10.9767
15.5 10.6147
15.55 10.2555
15.6 9.88127
15.65 9.53647
15.7 9.19435
15.75 8.84153
15.8 8.6188
15.85 8.278
15.9 8.04889
15.95 7.71849
16 7.48102
16.05 7.16388
16.1 6.95049
16.15 6.72403
16.2 6.51744
16.25 6.22341
16.3 6.01237
16.35 5.8047
16.4 5.60025
16.45 5.41419
16.5 5.20722
16.55 5.08206
16.6 4.89192
16.65 4.70754
16.7 4.53011
16.75 4.4124
16.8 4.23878
16.85 4.06053
16.9 3.96282
16.95 3.79237
17 3.6866
17.05 3.57577
17.1 3.43346
17.15 3.32735
17.2 3.22946
17.25 3.09011
17.3 2.99071
17.35 2.89878
17.4 2.8133
17.45 2.72019
17.5 2.58621
17.55 2.51114
17.6 2.42448
17.65 2.3392
17.7 2.3763
17.75 2.44922
17.8 3.09248
17.85 4.47213
17.9 5.94749
17.95 7.44676
18 9.07711
18.05 10.7088
18.1 12.4293
18.15 14.2717
18.2 16.156
18.25 18.0338
18.3 20.1261
18.35 22.1419
18.4 24.0761
18.45 26.2525
18.5 28.4772
18.55 30.2601
18.6 31.1823
18.65 31.8675
18.7 32.4919
18.75 33.1376
18.8 33.7926
18.85 34.3967
18.9 35.0409
18.95 35.6206
19 36.1102
19.05 36.6684
19.1 36.9579
19.15 37.4392
19.2 37.78
19.25 38.1683
19.3 38.4422
19.35 38.8315
19.4 39.0267
19.45 39.4042
19.5 39.5485
19.55 39.7909
19.6 40.0437
19.65 40.0493
19.7 40.4227
19.75 40.3631
19.8 40.6988
19.85 40.5735
19.9 40.8101
19.95 40.8244
20 40.8107
20.05 40.7857
20.1 40.9154
20.15 40.8194
20.2 40.9118
20.25 40.5563
20.3 40.576
20.35 39.2507
20.4 37.1358
20.45 35.0291
20.5 32.9099
20.55 30.8001
20.6 28.8893
20.65 26.7704
20.7 24.8855
20.75 22.7786
20.8 20.8792
20.85 19.0141
20.9 17.132
20.95 15.2633
21 13.5998
21.05 11.7643
21.1 9.92755
21.15 8.29248
21.2 6.68767
21.25 4.8787
21.3 3.30121
21.35 1.70409
21.4 1.68667
21.45 1.63612
21.5 1.61171
21.55 1.5643
21.6 1.54321
21.65 1.49185
21.7 1.46731
21.75 1.44026
21.8 1.39927
21.85 1.37476
21.9 1.34461
21.95 1.30374
22 1.27941
22.05 1.25014
22.1 1.20462
22.15 1.18576
22.2 1.15716
22.25 1.1335
22.3 1.09136
22.35 1.06792
22.4 1.04234
22.45 1.02171
22.5 0.998613
22.55 0.975977
22.6 0.932832
22.65 0.908468
22.7 0.887988
22.75 0.865661
22.8 0.842034
22.85 0.823651
22.9 0.798644
22.95 0.780302
23 0.757395
23.05 0.736446
23.1 0.71516
23.15 0.692902
23.2 0.675098
23.25 0.65163
23.3 0.633953
23.35 0.612445
23.4 0.593498
23.45 0.572508
23.5 0.554456
23.55 0.534467
23.6 0.515401
23.65 0.495797
23.7 0.478381
23.75 0.458505
23.8 0.440755
23.85 0.421201
23.9 0.404985
23.95 0.385924
24 0.384733
24.05 0.36674
24.1 0.351145
24.15 0.348868
24.2 0.333157
24.25 0.316532
24.3 0.302576
24.35 0.300949
24.4 0.286483
24.45 0.271576
24.5 0.271961
24.55 0.257703
24.6 0.256733
24.65 0.245163
24.7 0.23197
24.75 0.23197
24.8 0.218331
24.85 0.218663
24.9 0.206587
24.95 0.196577
25 0.196828
25.05 0.184859
25.1 0.184859
25.15 0.174186
25.2 0.174406
25.25 0.164868
25.3 0.163506
25.35 0.155193
25.4 0.154031
25.45 0.146112
25.5 0.14531
25.55 0.136523
25.6 0.13669
25.65 0.128299
25.7 0.128299
25.75 0.120809
25.8 0.11982
25.85 0.113365
25.9 0.113325
25.95 0.106099
26 0.105577
26.05 0.0987615
26.1 0.0987615
26.15 0.0987615
26.2 0.0922975
26.25 0.0917729
26.3 0.0865969
26.35 0.0856768
26.4 0.0807926
26.45 0.0807926
26.5 0.0794396
26.55 0.0748361
26.6 0.074861
26.65 0.0696458
26.7 0.0696573
26.75 0.0692327
26.8 0.0643548
26.85 0.0643548
26.9 0.0643773
26.95 0.0597927
27 0.0598576
27.05 0.05581
27.1 0.0557797
27.15 0.055063
27.2 0.0517123
27.25 0.0517327
27.3 0.0506918
27.35 0.0475487
27.4 0.0475487
27.45 0.0469128
27.5 0.0439497
27.55 0.043968
27.6 0.0436302
27.65 0.0402934
27.7 0.0402934
27.75 0.0403021
27.8 0.0371899
27.85 0.0371899
27.9 0.0368951
27.95 0.0368698
28 0.0339702
28.05 0.0339702
28.1 0.0339702
28.15 0.0312736
28.2 0.0309885
28.25 0.0310032
28.3 0.0289643
28.35 0.0284984
28.4 0.0284754
28.45 0.0284754
28.5 0.026589
28.55 0.0258918
28.6 0.0258918
28.65 0.025905
28.7 0.0241628
28.75 0.0237555
28.8 0.0237555
28.85 0.02189
28.9 0.0218691
28.95 0.0214882
29 0.0215
29.05 0.020022
29.1 0.020022
29.15 0.0196669
29.2 0.0194336
29.25 0.0180761
29.3 0.0180761
29.35 0.0177449
29.4 0.0177259
29.45 0.0164921
29.5 0.0164921
29.55 0.016282
29.6 0.015974
29.65 0.015974
29.7 0.0148359
29.75 0.0148359
29.8 0.0145493
29.85 0.0145586
29.9 0.0133143
29.95 0.0133143
