1.14509 7.20667e+49
1.23934 7.79753e+49
1.34209 8.44129e+49
1.45411 9.14262e+49
1.57623 9.90665e+49
1.70937 1.07389e+50
1.85451 1.16454e+50
2.01273 1.26328e+50
2.18523 1.37081e+50
2.37329 1.4879e+50
2.5783 1.6154e+50
2.80181 1.75421e+50
3.04547 1.90532e+50
3.31111 2.0698e+50
3.6007 2.2488e+50
3.91641 2.44358e+50
4.26059 2.6555e+50
4.63581 2.88601e+50
5.04487 3.13671e+50
5.49082 3.40929e+50
5.97698 3.70562e+50
6.507 4.02766e+50
7.08481 4.37756e+50
7.71473 4.75761e+50
8.40146 5.17029e+50
9.15013 5.61822e+50
9.96631 6.10425e+50
10.8561 6.63139e+50
11.8261 7.20286e+50
12.8836 7.8221e+50
14.0365 8.49274e+50
15.2934 9.21864e+50
16.6636 1.00039e+51
18.1574 1.08527e+51
19.7859 1.17696e+51
21.5612 1.27592e+51
23.4967 1.38265e+51
25.6067 1.49764e+51
27.907 1.62141e+51
30.4148 1.75449e+51
33.1487 1.8974e+51
36.1292 2.05067e+51
39.3785 2.21484e+51
42.9208 2.3904e+51
46.7826 2.57784e+51
50.9926 2.77761e+51
55.5823 2.99012e+51
60.586 3.21569e+51
66.0409 3.45459e+51
71.9877 3.70698e+51
78.4708 3.97289e+51
85.5387 4.25222e+51
93.2439 4.5447e+51
101.644 4.84986e+51
110.802 5.16702e+51
120.785 5.49522e+51
131.669 5.83323e+51
143.535 6.17952e+51
156.47 6.53221e+51
170.573 6.88903e+51
185.947 7.24736e+51
202.707 7.60415e+51
220.979 7.95597e+51
240.899 8.29898e+51
262.615 8.62894e+51
286.29 8.94126e+51
312.1 9.23096e+51
340.238 9.4928e+51
370.913 9.7214e+51
404.354 9.91126e+51
440.812 1.00571e+52
480.557 1.01539e+52
523.887 1.01975e+52
571.124 1.01846e+52
622.622 1.0113e+52
678.764 9.9825e+51
739.969 9.79546e+51
806.693 9.55906e+51
879.435 9.28134e+51
958.738 8.96832e+51
1045.19 8.63143e+51
1139.44 8.28556e+51
1242.19 7.93884e+51
1354.21 7.60342e+51
1476.33 7.28216e+51
1609.46 6.97447e+51
1754.6 6.67978e+51
1912.83 6.39755e+51
2085.33 6.12723e+51
2273.39 5.86834e+51
2478.4 5.62038e+51
2701.91 5.3829e+51
2945.57 5.15546e+51
3211.21 4.93762e+51
3500.8 4.72899e+51
3816.51 4.52917e+51
4160.69 4.3378e+51
4535.91 4.15451e+51
4944.96 3.97897e+51
5390.92 3.81084e+51
5877.08 3.64982e+51
6407.1 3.4956e+51
6984.91 3.34789e+51
7614.83 3.20643e+51
8301.56 3.07095e+51
9050.22 2.94119e+51
9866.41 2.81691e+51
10756.2 2.69788e+51
11726.2 2.58388e+51
12783.7 2.4747e+51
13936.6 2.37014e+51
15193.5 2.26999e+51
16563.7 2.17407e+51
18057.5 2.08221e+51
19686 1.99422e+51
21461.3 1.90996e+51
23396.8 1.82925e+51
25506.8 1.75196e+51
27807.1 1.67793e+51
30314.9 1.60703e+51
33048.8 1.53913e+51
36029.3 1.47409e+51
39278.6 1.4118e+51
42820.9 1.35215e+51
46682.7 1.29501e+51
50892.7 1.24029e+51
55482.4 1.18788e+51
60486.1 1.13769e+51
65940.9 1.08962e+51
71887.8 1.04358e+51
78371 9.99481e+50
85438.8 9.57248e+50
93144 9.168e+50
101544 8.78061e+50
110702 8.40959e+50
120685 8.05424e+50
131569 7.71391e+50
143435 7.38796e+50
156370 7.07579e+50
170473 6.7768e+50
185847 6.49045e+50
202607 6.2162e+50
220879 5.95353e+50
240799 5.70197e+50
262515 5.46103e+50
286190 5.23028e+50
312000 5.00927e+50
340138 4.79761e+50
370813 4.59488e+50
404254 4.40073e+50
440712 4.21478e+50
480457 4.03668e+50
523787 3.86611e+50
571024 3.70275e+50
622522 3.54629e+50
678664 3.39645e+50
739869 3.25293e+50
806594 3.11548e+50
879335 2.98383e+50
958638 2.85775e+50
