9.852165382242661451e+01 4.926082657760844086e-03 2.157084256527642533e+07 1.345751030177816817e+45
9.852365382245997694e+01 6.926082691123269797e-03 2.157084256527642533e+07 1.345751030177816817e+45
9.852565382245997228e+01 8.926082691118608636e-03 2.157084256527642533e+07 1.345751030177816817e+45
9.852765382245998182e+01 1.092608269112815833e-02 2.157084256527642533e+07 1.345751030177816817e+45
9.852965382245997716e+01 1.292608269112349717e-02 2.157084256527642533e+07 1.345751030177816817e+45
9.853165382245998671e+01 1.492608269113304686e-02 2.157084256527642533e+07 1.345751030177816817e+45
9.853365382245996784e+01 1.692608269111417485e-02 2.157084256527642533e+07 1.345751030177816817e+45
9.853565382245997739e+01 1.892608269112372454e-02 2.157084256527642533e+07 1.345751030177816817e+45
9.853765382245997273e+01 2.092608269111906338e-02 2.157084256527642533e+07 1.345751030177816817e+45
9.853965382245996807e+01 2.292608269111440222e-02 2.157084256527642533e+07 1.345751030177816817e+45
9.854165382245997762e+01 2.492608269112395192e-02 2.157084256527642533e+07 1.345751030177816817e+45
9.854365382245997296e+01 2.692608269111929076e-02 2.157084256527642533e+07 1.345751030177816817e+45
9.854565382245998251e+01 2.892608269112884045e-02 2.157084256527642533e+07 1.345751030177816817e+45
9.854765382245997785e+01 3.092608269112417929e-02 2.157084256527642533e+07 1.345751030177816817e+45
9.854965382245997318e+01 3.292608269111951813e-02 2.157084256527642533e+07 1.345751030177816817e+45
9.855165382245998273e+01 3.492608269112906783e-02 2.157084256527642533e+07 1.345751030177816817e+45
9.855365382245997807e+01 3.692608269112440667e-02 2.157084256527642533e+07 1.345751030177816817e+45
9.855565382245997341e+01 3.892608269111974550e-02 2.157084256527642533e+07 1.345751030177816817e+45
9.855765382245996875e+01 4.092608269111508434e-02 2.157084256527642533e+07 1.345751030177816817e+45
9.855965382245997830e+01 4.292608269112463404e-02 2.157084256527642533e+07 1.345751030177816817e+45
9.856165382245997364e+01 4.492608269111997288e-02 2.157084256527642533e+07 1.345751030177816817e+45
9.856365382245996898e+01 4.692608269111531172e-02 2.157084256527642533e+07 1.345751030177816817e+45
9.856565382245997853e+01 4.892608269112486141e-02 2.157084256527642533e+07 1.345751030177816817e+45
9.856765382245997387e+01 5.092608269112020025e-02 2.157084256527642533e+07 1.345751030177816817e+45
9.856965382245998342e+01 5.292608269112974995e-02 2.157084256527642533e+07 1.345751030177816817e+45
9.857165382245997876e+01 5.492608269112508879e-02 2.157084256527642533e+07 1.345751030177816817e+45
9.857365382245997409e+01 5.692608269112042763e-02 2.157084256527642533e+07 1.345751030177816817e+45
9.857565382245998364e+01 5.892608269112997732e-02 2.157084256527642533e+07 1.345751030177816817e+45
9.857765382245996477e+01 6.092608269111110531e-02 2.157084256527642533e+07 1.345751030177816817e+45
9.857965382245997432e+01 6.292608269112065500e-02 2.157084256527642533e+07 1.345751030177816817e+45
9.858165382245996966e+01 6.492608269111599384e-02 2.157084256527642533e+07 1.345751030177816817e+45
9.858365382245997921e+01 6.692608269112554353e-02 2.157084256527642533e+07 1.345751030177816817e+45
9.858565382245997455e+01 6.892608269112088237e-02 2.157084256527642533e+07 1.345751030177816817e+45
9.858765382245996989e+01 7.092608269111622121e-02 2.157084256527642533e+07 1.345751030177816817e+45
9.858965382245997944e+01 7.292608269112577091e-02 2.157084256527642533e+07 1.345751030177816817e+45
9.859165382245997478e+01 7.492608269112110975e-02 2.157084256527642533e+07 1.345751030177816817e+45
9.859365382245998433e+01 7.692608269113065944e-02 2.157084256527642533e+07 1.345751030177816817e+45
9.859565382245997966e+01 7.892608269112599828e-02 2.157084256527642533e+07 1.345751030177816817e+45
9.859765382245997500e+01 8.092608269112133712e-02 2.157084256527642533e+07 1.345751030177816817e+45
9.859965382245997034e+01 8.292608269111667596e-02 2.157084256527642533e+07 1.345751030177816817e+45
9.860165382245996568e+01 8.492608269111201480e-02 2.157084256527642533e+07 1.345751030177816817e+45
9.860365382245997523e+01 8.692608269112156449e-02 2.157084256527642533e+07 1.345751030177816817e+45
9.860565382245997057e+01 8.892608269111690333e-02 2.157084256527642533e+07 1.345751030177816817e+45
9.860765382245998012e+01 9.092608269112645303e-02 2.157084256527642533e+07 1.345751030177816817e+45
9.860965382245997546e+01 9.292608269112179187e-02 2.157084256527642533e+07 1.345751030177816817e+45
9.861165382245997080e+01 9.492608269111713071e-02 2.157084256527642533e+07 1.345751030177816817e+45
9.861365382245998035e+01 9.692608269112668040e-02 2.157084256527642533e+07 1.345751030177816817e+45
9.861565382245997569e+01 9.892608269112201924e-02 2.157084256527642533e+07 1.345751030177816817e+45
9.861765382245998524e+01 1.009260826911315689e-01 2.157084256527642533e+07 1.345751030177816817e+45
9.861965382245998057e+01 1.029260826911269078e-01 2.157084256527642533e+07 1.345751030177816817e+45
9.862165382245999012e+01 1.049260826911364575e-01 2.157084256527642533e+07 1.345751030177816817e+45
9.862365382245997125e+01 1.069260826911175855e-01 2.157084256527642533e+07 1.345751030177816817e+45
9.862565382245996659e+01 1.089260826911129243e-01 2.157084256527642533e+07 1.345751030177816817e+45
9.862765382245997614e+01 1.109260826911224740e-01 2.157084256527642533e+07 1.345751030177816817e+45
9.862965382245997148e+01 1.129260826911178128e-01 2.157084256527642533e+07 1.345751030177816817e+45
9.863165382245998103e+01 1.149260826911273625e-01 2.157084256527642533e+07 1.345751030177816817e+45
9.863365382245997637e+01 1.169260826911227014e-01 2.157084256527642533e+07 1.345751030177816817e+45
9.863565382245997171e+01 1.189260826911180402e-01 2.157084256527642533e+07 1.345751030177816817e+45
9.863765382245998126e+01 1.209260826911275899e-01 2.157084256527642533e+07 1.345751030177816817e+45
9.863965382245997660e+01 1.229260826911229287e-01 2.157084256527642533e+07 1.345751030177816817e+45
9.864165382245998615e+01 1.249260826911324784e-01 2.157084256527642533e+07 1.345751030177816817e+45
9.864365382245998148e+01 1.269260826911278173e-01 2.157084256527642533e+07 1.345751030177816817e+45
9.864565382245997682e+01 1.289260826911231561e-01 2.157084256527642533e+07 1.345751030177816817e+45
9.864765382245997216e+01 1.309260826911184949e-01 2.157084256527642533e+07 1.345751030177816817e+45
9.864965382245996750e+01 1.329260826911138338e-01 2.157084256527642533e+07 1.345751030177816817e+45
9.865165382245997705e+01 1.349260826911233835e-01 2.157084256527642533e+07 1.345751030177816817e+45
9.865365382245997239e+01 1.369260826911187223e-01 2.157084256527642533e+07 1.345751030177816817e+45
9.865565382245998194e+01 1.389260826911282720e-01 2.157084256527642533e+07 1.345751030177816817e+45
9.865765382245997728e+01 1.409260826911236109e-01 2.157084256527642533e+07 1.345751030177816817e+45
9.865965382245997262e+01 1.429260826911189497e-01 2.157084256527642533e+07 1.345751030177816817e+45
9.866165382245998217e+01 1.449260826911284994e-01 2.157084256527642533e+07 1.345751030177816817e+45
9.866365382245997750e+01 1.469260826911238382e-01 2.157084256527642533e+07 1.345751030177816817e+45
9.866565382245998705e+01 1.489260826911333879e-01 2.157084256527642533e+07 1.345751030177816817e+45
9.866765382245996818e+01 1.509260826911145159e-01 2.157084256527642533e+07 1.345751030177816817e+45
9.866965382245997773e+01 1.529260826911240656e-01 2.157084256527642533e+07 1.345751030177816817e+45
9.867165382245997307e+01 1.549260826911194044e-01 2.157084256527642533e+07 1.345751030177816817e+45
9.867365382245996841e+01 1.569260826911147433e-01 2.157084256527642533e+07 1.345751030177816817e+45
9.867565382245997796e+01 1.589260826911242930e-01 2.157084256527642533e+07 1.345751030177816817e+45
9.867765382245997330e+01 1.609260826911196318e-01 2.157084256527642533e+07 1.345751030177816817e+45
9.867965382245998285e+01 1.629260826911291815e-01 2.157084256527642533e+07 1.345751030177816817e+45
9.868165382245997819e+01 1.649260826911245204e-01 2.157084256527642533e+07 1.345751030177816817e+45
9.868365382245997353e+01 1.669260826911198592e-01 2.157084256527642533e+07 1.345751030177816817e+45
9.868565382245998308e+01 1.689260826911294089e-01 2.157084256527642533e+07 1.345751030177816817e+45
9.868765382245997841e+01 1.709260826911247477e-01 2.157084256527642533e+07 1.345751030177816817e+45
9.868965382245997375e+01 1.729260826911200866e-01 2.157084256527642533e+07 1.345751030177816817e+45
9.869165382245996909e+01 1.749260826911154254e-01 2.157084256527642533e+07 1.345751030177816817e+45
9.869365382245997864e+01 1.769260826911249751e-01 2.157084256527642533e+07 1.345751030177816817e+45
9.869565382245997398e+01 1.789260826911203139e-01 2.157084256527642533e+07 1.345751030177816817e+45
9.869765382245996932e+01 1.809260826911156528e-01 2.157084256527642533e+07 1.345751030177816817e+45
9.869965382245997887e+01 1.829260826911252025e-01 2.157084256527642533e+07 1.345751030177816817e+45
9.870165382245997421e+01 1.849260826911205413e-01 2.157084256527642533e+07 1.345751030177816817e+45
9.870365382245998376e+01 1.869260826911300910e-01 2.157084256527642533e+07 1.345751030177816817e+45
9.870565382245997910e+01 1.889260826911254298e-01 2.157084256527642533e+07 1.345751030177816817e+45
9.870765382245997444e+01 1.909260826911207687e-01 2.157084256527642533e+07 1.345751030177816817e+45
9.870965382245998399e+01 1.929260826911303184e-01 2.157084256527642533e+07 1.345751030177816817e+45
9.871165382245996511e+01 1.949260826911114464e-01 2.157084256527642533e+07 1.345751030177816817e+45
9.871365382245997466e+01 1.969260826911209961e-01 2.157084256527642533e+07 1.345751030177816817e+45
9.871565382245997000e+01 1.989260826911163349e-01 2.157084256527642533e+07 1.345751030177816817e+45
9.871765382245997955e+01 2.009260826911258846e-01 2.157084256527642533e+07 1.345751030177816817e+45
9.871965382245997489e+01 2.029260826911212234e-01 2.157084256527642533e+07 1.345751030177816817e+45
1.739328681336017590e+00 2.000048104021292517e-01 8.696818755827230215e+08 5.425728162683974842e+46
1.741328681336017370e+00 2.020048104021290314e-01 8.696818755827230215e+08 5.425728162683974842e+46
1.743328681336017594e+00 2.040048104021292552e-01 8.696818755827230215e+08 5.425728162683974842e+46
1.745328681336017596e+00 2.060048104021292570e-01 8.696818755827230215e+08 5.425728162683974842e+46
1.747328681336017375e+00 2.080048104021290367e-01 8.696818755827230215e+08 5.425728162683974842e+46
1.749328681336017599e+00 2.100048104021292605e-01 8.696818755827230215e+08 5.425728162683974842e+46
1.751328681336017601e+00 2.120048104021292623e-01 8.696818755827230215e+08 5.425728162683974842e+46
1.753328681336017381e+00 2.140048104021290420e-01 8.696818755827230215e+08 5.425728162683974842e+46
1.755328681336017604e+00 2.160048104021292659e-01 8.696818755827230215e+08 5.425728162683974842e+46
1.757328681336017606e+00 2.180048104021292676e-01 8.696818755827230215e+08 5.425728162683974842e+46
1.759328681336017386e+00 2.200048104021290474e-01 8.696818755827230215e+08 5.425728162683974842e+46
1.761328681336017610e+00 2.220048104021292712e-01 8.696818755827230215e+08 5.425728162683974842e+46
1.763328681336017612e+00 2.240048104021292730e-01 8.696818755827230215e+08 5.425728162683974842e+46
1.765328681336017391e+00 2.260048104021290527e-01 8.696818755827230215e+08 5.425728162683974842e+46
1.767328681336017615e+00 2.280048104021292765e-01 8.696818755827230215e+08 5.425728162683974842e+46
1.769328681336017617e+00 2.300048104021292783e-01 8.696818755827230215e+08 5.425728162683974842e+46
1.771328681336017397e+00 2.320048104021290580e-01 8.696818755827230215e+08 5.425728162683974842e+46
1.773328681336017620e+00 2.340048104021292819e-01 8.696818755827230215e+08 5.425728162683974842e+46
1.775328681336017622e+00 2.360048104021292836e-01 8.696818755827230215e+08 5.425728162683974842e+46
1.777328681336017402e+00 2.380048104021290634e-01 8.696818755827230215e+08 5.425728162683974842e+46
1.779328681336017626e+00 2.400048104021292872e-01 8.696818755827230215e+08 5.425728162683974842e+46
1.781328681336017628e+00 2.420048104021292890e-01 8.696818755827230215e+08 5.425728162683974842e+46
1.783328681336017407e+00 2.440048104021290687e-01 8.696818755827230215e+08 5.425728162683974842e+46
1.785328681336017631e+00 2.460048104021292925e-01 8.696818755827230215e+08 5.425728162683974842e+46
1.787328681336017633e+00 2.480048104021292943e-01 8.696818755827230215e+08 5.425728162683974842e+46
1.789328681336017413e+00 2.500048104021290740e-01 8.696818755827230215e+08 5.425728162683974842e+46
1.791328681336017636e+00 2.520048104021292978e-01 8.696818755827230215e+08 5.425728162683974842e+46
1.793328681336017638e+00 2.540048104021292996e-01 8.696818755827230215e+08 5.425728162683974842e+46
1.795328681336017418e+00 2.560048104021290793e-01 8.696818755827230215e+08 5.425728162683974842e+46
1.797328681336017642e+00 2.580048104021293032e-01 8.696818755827230215e+08 5.425728162683974842e+46
1.799328681336017643e+00 2.600048104021293049e-01 8.696818755827230215e+08 5.425728162683974842e+46
1.801328681336017423e+00 2.620048104021290847e-01 8.696818755827230215e+08 5.425728162683974842e+46
1.803328681336017647e+00 2.640048104021293085e-01 8.696818755827230215e+08 5.425728162683974842e+46
1.805328681336017649e+00 2.660048104021293103e-01 8.696818755827230215e+08 5.425728162683974842e+46
1.807328681336017429e+00 2.680048104021290900e-01 8.696818755827230215e+08 5.425728162683974842e+46
1.809328681336017652e+00 2.700048104021293138e-01 8.696818755827230215e+08 5.425728162683974842e+46
1.811328681336017654e+00 2.720048104021293156e-01 8.696818755827230215e+08 5.425728162683974842e+46
1.813328681336017434e+00 2.740048104021290953e-01 8.696818755827230215e+08 5.425728162683974842e+46
1.815328681336017658e+00 2.760048104021293192e-01 8.696818755827230215e+08 5.425728162683974842e+46
1.817328681336017659e+00 2.780048104021293209e-01 8.696818755827230215e+08 5.425728162683974842e+46
1.819328681336017439e+00 2.800048104021291007e-01 8.696818755827230215e+08 5.425728162683974842e+46
1.821328681336017663e+00 2.820048104021293245e-01 8.696818755827230215e+08 5.425728162683974842e+46
1.823328681336017665e+00 2.840048104021293263e-01 8.696818755827230215e+08 5.425728162683974842e+46
1.825328681336017445e+00 2.860048104021291060e-01 8.696818755827230215e+08 5.425728162683974842e+46
1.827328681336017668e+00 2.880048104021293298e-01 8.696818755827230215e+08 5.425728162683974842e+46
1.829328681336017448e+00 2.900048104021291095e-01 8.696818755827230215e+08 5.425728162683974842e+46
1.831328681336017450e+00 2.920048104021291113e-01 8.696818755827230215e+08 5.425728162683974842e+46
1.833328681336017452e+00 2.940048104021291131e-01 8.696818755827230215e+08 5.425728162683974842e+46
1.835328681336017453e+00 2.960048104021291149e-01 8.696818755827230215e+08 5.425728162683974842e+46
1.837328681336017455e+00 2.980048104021291167e-01 8.696818755827230215e+08 5.425728162683974842e+46
1.839328681336017457e+00 3.000048104021291184e-01 8.696818755827230215e+08 5.425728162683974842e+46
1.841328681336017459e+00 3.020048104021291202e-01 8.696818755827230215e+08 5.425728162683974842e+46
1.843328681336017461e+00 3.040048104021291220e-01 8.696818755827230215e+08 5.425728162683974842e+46
1.845328681336017462e+00 3.060048104021291238e-01 8.696818755827230215e+08 5.425728162683974842e+46
1.847328681336017464e+00 3.080048104021291255e-01 8.696818755827230215e+08 5.425728162683974842e+46
1.849328681336017466e+00 3.100048104021291273e-01 8.696818755827230215e+08 5.425728162683974842e+46
1.851328681336017468e+00 3.120048104021291291e-01 8.696818755827230215e+08 5.425728162683974842e+46
1.853328681336017469e+00 3.140048104021291309e-01 8.696818755827230215e+08 5.425728162683974842e+46
1.855328681336017471e+00 3.160048104021291326e-01 8.696818755827230215e+08 5.425728162683974842e+46
1.857328681336017473e+00 3.180048104021291344e-01 8.696818755827230215e+08 5.425728162683974842e+46
1.859328681336017475e+00 3.200048104021291362e-01 8.696818755827230215e+08 5.425728162683974842e+46
1.861328681336017477e+00 3.220048104021291380e-01 8.696818755827230215e+08 5.425728162683974842e+46
1.863328681336017478e+00 3.240048104021291397e-01 8.696818755827230215e+08 5.425728162683974842e+46
1.865328681336017480e+00 3.260048104021291415e-01 8.696818755827230215e+08 5.425728162683974842e+46
1.867328681336017482e+00 3.280048104021291433e-01 8.696818755827230215e+08 5.425728162683974842e+46
1.869328681336017484e+00 3.300048104021291451e-01 8.696818755827230215e+08 5.425728162683974842e+46
1.871328681336017485e+00 3.320048104021291469e-01 8.696818755827230215e+08 5.425728162683974842e+46
1.873328681336017487e+00 3.340048104021291486e-01 8.696818755827230215e+08 5.425728162683974842e+46
1.875328681336017489e+00 3.360048104021291504e-01 8.696818755827230215e+08 5.425728162683974842e+46
1.877328681336017491e+00 3.380048104021291522e-01 8.696818755827230215e+08 5.425728162683974842e+46
1.879328681336017492e+00 3.400048104021291540e-01 8.696818755827230215e+08 5.425728162683974842e+46
1.881328681336017494e+00 3.420048104021291557e-01 8.696818755827230215e+08 5.425728162683974842e+46
1.883328681336017496e+00 3.440048104021291575e-01 8.696818755827230215e+08 5.425728162683974842e+46
1.885328681336017498e+00 3.460048104021291593e-01 8.696818755827230215e+08 5.425728162683974842e+46
1.887328681336017500e+00 3.480048104021291611e-01 8.696818755827230215e+08 5.425728162683974842e+46
1.889328681336017501e+00 3.500048104021291628e-01 8.696818755827230215e+08 5.425728162683974842e+46
1.891328681336017725e+00 3.520048104021293867e-01 8.696818755827230215e+08 5.425728162683974842e+46
1.893328681336017505e+00 3.540048104021291664e-01 8.696818755827230215e+08 5.425728162683974842e+46
1.895328681336017507e+00 3.560048104021291682e-01 8.696818755827230215e+08 5.425728162683974842e+46
1.897328681336017731e+00 3.580048104021293920e-01 8.696818755827230215e+08 5.425728162683974842e+46
1.899328681336017510e+00 3.600048104021291717e-01 8.696818755827230215e+08 5.425728162683974842e+46
1.901328681336017512e+00 3.620048104021291735e-01 8.696818755827230215e+08 5.425728162683974842e+46
1.903328681336017736e+00 3.640048104021293973e-01 8.696818755827230215e+08 5.425728162683974842e+46
1.905328681336017516e+00 3.660048104021291770e-01 8.696818755827230215e+08 5.425728162683974842e+46
1.907328681336017517e+00 3.680048104021291788e-01 8.696818755827230215e+08 5.425728162683974842e+46
1.909328681336017519e+00 3.700048104021291806e-01 8.696818755827230215e+08 5.425728162683974842e+46
1.911328681336017521e+00 3.720048104021291824e-01 8.696818755827230215e+08 5.425728162683974842e+46
1.913328681336017523e+00 3.740048104021291842e-01 8.696818755827230215e+08 5.425728162683974842e+46
1.915328681336017524e+00 3.760048104021291859e-01 8.696818755827230215e+08 5.425728162683974842e+46
1.917328681336017526e+00 3.780048104021291877e-01 8.696818755827230215e+08 5.425728162683974842e+46
1.919328681336017528e+00 3.800048104021291895e-01 8.696818755827230215e+08 5.425728162683974842e+46
1.921328681336017530e+00 3.820048104021291913e-01 8.696818755827230215e+08 5.425728162683974842e+46
1.923328681336017532e+00 3.840048104021291930e-01 8.696818755827230215e+08 5.425728162683974842e+46
1.925328681336017533e+00 3.860048104021291948e-01 8.696818755827230215e+08 5.425728162683974842e+46
1.927328681336017535e+00 3.880048104021291966e-01 8.696818755827230215e+08 5.425728162683974842e+46
1.929328681336017537e+00 3.900048104021291984e-01 8.696818755827230215e+08 5.425728162683974842e+46
1.931328681336017539e+00 3.920048104021292001e-01 8.696818755827230215e+08 5.425728162683974842e+46
1.933328681336017540e+00 3.940048104021292019e-01 8.696818755827230215e+08 5.425728162683974842e+46
1.935328681336017542e+00 3.960048104021292037e-01 8.696818755827230215e+08 5.425728162683974842e+46
1.937328681336017544e+00 3.980048104021292055e-01 8.696818755827230215e+08 5.425728162683974842e+46
1.939328681336017546e+00 4.000048104021292072e-01 8.696818755827230215e+08 5.425728162683974842e+46
1.941328681336017548e+00 4.020048104021292090e-01 8.696818755827230215e+08 5.425728162683974842e+46
1.943328681336017549e+00 4.040048104021292108e-01 8.696818755827230215e+08 5.425728162683974842e+46
1.945328681336017551e+00 4.060048104021292126e-01 8.696818755827230215e+08 5.425728162683974842e+46
1.947328681336017331e+00 4.080048104021289923e-01 8.696818755827230215e+08 5.425728162683974842e+46
1.949328681336017555e+00 4.100048104021292161e-01 8.696818755827230215e+08 5.425728162683974842e+46
1.951328681336017556e+00 4.120048104021292179e-01 8.696818755827230215e+08 5.425728162683974842e+46
1.953328681336017336e+00 4.140048104021289976e-01 8.696818755827230215e+08 5.425728162683974842e+46
1.955328681336017560e+00 4.160048104021292215e-01 8.696818755827230215e+08 5.425728162683974842e+46
1.957328681336017562e+00 4.180048104021292232e-01 8.696818755827230215e+08 5.425728162683974842e+46
1.959328681336017342e+00 4.200048104021290030e-01 8.696818755827230215e+08 5.425728162683974842e+46
1.961328681336017565e+00 4.220048104021292268e-01 8.696818755827230215e+08 5.425728162683974842e+46
1.963328681336017567e+00 4.240048104021292286e-01 8.696818755827230215e+08 5.425728162683974842e+46
1.965328681336017347e+00 4.260048104021290083e-01 8.696818755827230215e+08 5.425728162683974842e+46
1.967328681336017571e+00 4.280048104021292321e-01 8.696818755827230215e+08 5.425728162683974842e+46
1.969328681336017572e+00 4.300048104021292339e-01 8.696818755827230215e+08 5.425728162683974842e+46
1.971328681336017352e+00 4.320048104021290136e-01 8.696818755827230215e+08 5.425728162683974842e+46
1.973328681336017576e+00 4.340048104021292374e-01 8.696818755827230215e+08 5.425728162683974842e+46
1.975328681336017578e+00 4.360048104021292392e-01 8.696818755827230215e+08 5.425728162683974842e+46
1.977328681336017357e+00 4.380048104021290190e-01 8.696818755827230215e+08 5.425728162683974842e+46
1.979328681336017581e+00 4.400048104021292428e-01 8.696818755827230215e+08 5.425728162683974842e+46
1.981328681336017583e+00 4.420048104021292446e-01 8.696818755827230215e+08 5.425728162683974842e+46
1.983328681336017363e+00 4.440048104021290243e-01 8.696818755827230215e+08 5.425728162683974842e+46
1.985328681336017587e+00 4.460048104021292481e-01 8.696818755827230215e+08 5.425728162683974842e+46
1.987328681336017588e+00 4.480048104021292499e-01 8.696818755827230215e+08 5.425728162683974842e+46
1.989328681336017368e+00 4.500048104021290296e-01 8.696818755827230215e+08 5.425728162683974842e+46
1.991328681336017592e+00 4.520048104021292534e-01 8.696818755827230215e+08 5.425728162683974842e+46
1.993328681336017594e+00 4.540048104021292552e-01 8.696818755827230215e+08 5.425728162683974842e+46
1.995328681336017373e+00 4.560048104021290349e-01 8.696818755827230215e+08 5.425728162683974842e+46
1.997328681336017597e+00 4.580048104021292588e-01 8.696818755827230215e+08 5.425728162683974842e+46
1.999328681336017599e+00 4.600048104021292605e-01 8.696818755827230215e+08 5.425728162683974842e+46
2.001328681336017379e+00 4.620048104021290403e-01 8.696818755827230215e+08 5.425728162683974842e+46
2.003328681336017603e+00 4.640048104021292641e-01 8.696818755827230215e+08 5.425728162683974842e+46
2.005328681336017826e+00 4.660048104021294879e-01 8.696818755827230215e+08 5.425728162683974842e+46
2.007328681336017606e+00 4.680048104021292676e-01 8.696818755827230215e+08 5.425728162683974842e+46
2.009328681336017830e+00 4.700048104021294915e-01 8.696818755827230215e+08 5.425728162683974842e+46
2.011328681336017166e+00 4.720048104021288271e-01 8.696818755827230215e+08 5.425728162683974842e+46
2.013328681336017389e+00 4.740048104021290509e-01 8.696818755827230215e+08 5.425728162683974842e+46
2.015328681336017613e+00 4.760048104021292747e-01 8.696818755827230215e+08 5.425728162683974842e+46
2.017328681336017837e+00 4.780048104021294986e-01 8.696818755827230215e+08 5.425728162683974842e+46
2.019328681336017617e+00 4.800048104021292783e-01 8.696818755827230215e+08 5.425728162683974842e+46
2.021328681336017841e+00 4.820048104021295021e-01 8.696818755827230215e+08 5.425728162683974842e+46
2.023328681336017176e+00 4.840048104021288378e-01 8.696818755827230215e+08 5.425728162683974842e+46
2.025328681336017400e+00 4.860048104021290616e-01 8.696818755827230215e+08 5.425728162683974842e+46
2.027328681336017624e+00 4.880048104021292854e-01 8.696818755827230215e+08 5.425728162683974842e+46
2.029328681336017404e+00 4.900048104021290651e-01 8.696818755827230215e+08 5.425728162683974842e+46
2.031328681336017628e+00 4.920048104021292890e-01 8.696818755827230215e+08 5.425728162683974842e+46
2.033328681336017851e+00 4.940048104021295128e-01 8.696818755827230215e+08 5.425728162683974842e+46
2.035328681336017187e+00 4.960048104021288484e-01 8.696818755827230215e+08 5.425728162683974842e+46
2.037328681336017411e+00 4.980048104021290722e-01 8.696818755827230215e+08 5.425728162683974842e+46
2.039328681336017635e+00 5.000048104021292961e-01 8.696818755827230215e+08 5.425728162683974842e+46
2.041328681336017414e+00 5.020048104021290758e-01 8.696818755827230215e+08 5.425728162683974842e+46
2.043328681336017638e+00 5.040048104021292996e-01 8.696818755827230215e+08 5.425728162683974842e+46
2.045328681336017418e+00 5.060048104021290793e-01 8.696818755827230215e+08 5.425728162683974842e+46
2.047328681336017198e+00 5.080048104021288591e-01 8.696818755827230215e+08 5.425728162683974842e+46
2.049328681336017421e+00 5.100048104021290829e-01 8.696818755827230215e+08 5.425728162683974842e+46
2.051328681336017645e+00 5.120048104021293067e-01 8.696818755827230215e+08 5.425728162683974842e+46
2.053328681336017425e+00 5.140048104021290865e-01 8.696818755827230215e+08 5.425728162683974842e+46
2.055328681336017649e+00 5.160048104021293103e-01 8.696818755827230215e+08 5.425728162683974842e+46
2.057328681336017429e+00 5.180048104021290900e-01 8.696818755827230215e+08 5.425728162683974842e+46
2.059328681336017208e+00 5.200048104021288697e-01 8.696818755827230215e+08 5.425728162683974842e+46
2.061328681336017432e+00 5.220048104021290936e-01 8.696818755827230215e+08 5.425728162683974842e+46
2.063328681336017656e+00 5.240048104021293174e-01 8.696818755827230215e+08 5.425728162683974842e+46
2.065328681336017436e+00 5.260048104021290971e-01 8.696818755827230215e+08 5.425728162683974842e+46
2.067328681336017659e+00 5.280048104021293209e-01 8.696818755827230215e+08 5.425728162683974842e+46
2.069328681336017439e+00 5.300048104021291007e-01 8.696818755827230215e+08 5.425728162683974842e+46
2.071328681336017219e+00 5.320048104021288804e-01 8.696818755827230215e+08 5.425728162683974842e+46
2.073328681336017443e+00 5.340048104021291042e-01 8.696818755827230215e+08 5.425728162683974842e+46
2.075328681336017667e+00 5.360048104021293280e-01 8.696818755827230215e+08 5.425728162683974842e+46
2.077328681336017446e+00 5.380048104021291078e-01 8.696818755827230215e+08 5.425728162683974842e+46
2.079328681336017670e+00 5.400048104021293316e-01 8.696818755827230215e+08 5.425728162683974842e+46
2.081328681336017450e+00 5.420048104021291113e-01 8.696818755827230215e+08 5.425728162683974842e+46
2.083328681336017230e+00 5.440048104021288911e-01 8.696818755827230215e+08 5.425728162683974842e+46
2.085328681336017453e+00 5.460048104021291149e-01 8.696818755827230215e+08 5.425728162683974842e+46
2.087328681336017677e+00 5.480048104021293387e-01 8.696818755827230215e+08 5.425728162683974842e+46
2.089328681336017457e+00 5.500048104021291184e-01 8.696818755827230215e+08 5.425728162683974842e+46
2.091328681336017681e+00 5.520048104021293423e-01 8.696818755827230215e+08 5.425728162683974842e+46
2.093328681336017461e+00 5.540048104021291220e-01 8.696818755827230215e+08 5.425728162683974842e+46
2.095328681336017240e+00 5.560048104021289017e-01 8.696818755827230215e+08 5.425728162683974842e+46
2.097328681336017464e+00 5.580048104021291255e-01 8.696818755827230215e+08 5.425728162683974842e+46
2.099328681336017688e+00 5.600048104021293494e-01 8.696818755827230215e+08 5.425728162683974842e+46
2.101328681336017468e+00 5.620048104021291291e-01 8.696818755827230215e+08 5.425728162683974842e+46
2.103328681336017691e+00 5.640048104021293529e-01 8.696818755827230215e+08 5.425728162683974842e+46
2.105328681336017471e+00 5.660048104021291326e-01 8.696818755827230215e+08 5.425728162683974842e+46
2.107328681336017251e+00 5.680048104021289124e-01 8.696818755827230215e+08 5.425728162683974842e+46
2.109328681336017475e+00 5.700048104021291362e-01 8.696818755827230215e+08 5.425728162683974842e+46
2.111328681336017699e+00 5.720048104021293600e-01 8.696818755827230215e+08 5.425728162683974842e+46
2.113328681336017478e+00 5.740048104021291397e-01 8.696818755827230215e+08 5.425728162683974842e+46
2.115328681336017702e+00 5.760048104021293636e-01 8.696818755827230215e+08 5.425728162683974842e+46
2.117328681336017482e+00 5.780048104021291433e-01 8.696818755827230215e+08 5.425728162683974842e+46
2.119328681336017262e+00 5.800048104021289230e-01 8.696818755827230215e+08 5.425728162683974842e+46
2.121328681336017485e+00 5.820048104021291469e-01 8.696818755827230215e+08 5.425728162683974842e+46
2.123328681336017265e+00 5.840048104021289266e-01 8.696818755827230215e+08 5.425728162683974842e+46
2.125328681336017489e+00 5.860048104021291504e-01 8.696818755827230215e+08 5.425728162683974842e+46
2.127328681336017269e+00 5.880048104021289301e-01 8.696818755827230215e+08 5.425728162683974842e+46
2.129328681336017492e+00 5.900048104021291540e-01 8.696818755827230215e+08 5.425728162683974842e+46
2.131328681336017716e+00 5.920048104021293778e-01 8.696818755827230215e+08 5.425728162683974842e+46
2.133328681336017496e+00 5.940048104021291575e-01 8.696818755827230215e+08 5.425728162683974842e+46
2.135328681336017276e+00 5.960048104021289372e-01 8.696818755827230215e+08 5.425728162683974842e+46
2.137328681336017500e+00 5.980048104021291611e-01 8.696818755827230215e+08 5.425728162683974842e+46
2.139328681336017279e+00 6.000048104021289408e-01 8.696818755827230215e+08 5.425728162683974842e+46
2.141328681336017503e+00 6.020048104021291646e-01 8.696818755827230215e+08 5.425728162683974842e+46
2.143328681336017727e+00 6.040048104021293884e-01 8.696818755827230215e+08 5.425728162683974842e+46
2.145328681336017507e+00 6.060048104021291682e-01 8.696818755827230215e+08 5.425728162683974842e+46
2.147328681336017286e+00 6.080048104021289479e-01 8.696818755827230215e+08 5.425728162683974842e+46
2.149328681336017510e+00 6.100048104021291717e-01 8.696818755827230215e+08 5.425728162683974842e+46
2.151328681336017290e+00 6.120048104021289515e-01 8.696818755827230215e+08 5.425728162683974842e+46
2.153328681336017514e+00 6.140048104021291753e-01 8.696818755827230215e+08 5.425728162683974842e+46
2.155328681336017738e+00 6.160048104021293991e-01 8.696818755827230215e+08 5.425728162683974842e+46
2.157328681336017517e+00 6.180048104021291788e-01 8.696818755827230215e+08 5.425728162683974842e+46
2.159328681336017297e+00 6.200048104021289586e-01 8.696818755827230215e+08 5.425728162683974842e+46
2.161328681336017521e+00 6.220048104021291824e-01 8.696818755827230215e+08 5.425728162683974842e+46
2.163328681336017301e+00 6.240048104021289621e-01 8.696818755827230215e+08 5.425728162683974842e+46
2.165328681336017524e+00 6.260048104021291859e-01 8.696818755827230215e+08 5.425728162683974842e+46
2.167328681336017748e+00 6.280048104021294098e-01 8.696818755827230215e+08 5.425728162683974842e+46
2.169328681336017528e+00 6.300048104021291895e-01 8.696818755827230215e+08 5.425728162683974842e+46
2.171328681336017308e+00 6.320048104021289692e-01 8.696818755827230215e+08 5.425728162683974842e+46
2.173328681336017532e+00 6.340048104021291930e-01 8.696818755827230215e+08 5.425728162683974842e+46
2.175328681336017311e+00 6.360048104021289728e-01 8.696818755827230215e+08 5.425728162683974842e+46
2.177328681336017535e+00 6.380048104021291966e-01 8.696818755827230215e+08 5.425728162683974842e+46
2.179328681336017759e+00 6.400048104021294204e-01 8.696818755827230215e+08 5.425728162683974842e+46
2.181328681336017539e+00 6.420048104021292001e-01 8.696818755827230215e+08 5.425728162683974842e+46
2.183328681336017318e+00 6.440048104021289799e-01 8.696818755827230215e+08 5.425728162683974842e+46
2.185328681336017542e+00 6.460048104021292037e-01 8.696818755827230215e+08 5.425728162683974842e+46
2.187328681336017322e+00 6.480048104021289834e-01 8.696818755827230215e+08 5.425728162683974842e+46
2.189328681336017546e+00 6.500048104021292072e-01 8.696818755827230215e+08 5.425728162683974842e+46
2.191328681336017770e+00 6.520048104021294311e-01 8.696818755827230215e+08 5.425728162683974842e+46
2.193328681336017549e+00 6.540048104021292108e-01 8.696818755827230215e+08 5.425728162683974842e+46
2.195328681336017329e+00 6.560048104021289905e-01 8.696818755827230215e+08 5.425728162683974842e+46
2.197328681336017553e+00 6.580048104021292144e-01 8.696818755827230215e+08 5.425728162683974842e+46
2.199328681336017333e+00 6.600048104021289941e-01 8.696818755827230215e+08 5.425728162683974842e+46
2.201328681336017556e+00 6.620048104021292179e-01 8.696818755827230215e+08 5.425728162683974842e+46
2.203328681336017780e+00 6.640048104021294417e-01 8.696818755827230215e+08 5.425728162683974842e+46
2.205328681336017560e+00 6.660048104021292215e-01 8.696818755827230215e+08 5.425728162683974842e+46
2.207328681336017340e+00 6.680048104021290012e-01 8.696818755827230215e+08 5.425728162683974842e+46
2.209328681336017564e+00 6.700048104021292250e-01 8.696818755827230215e+08 5.425728162683974842e+46
2.211328681336017343e+00 6.720048104021290047e-01 8.696818755827230215e+08 5.425728162683974842e+46
2.213328681336017567e+00 6.740048104021292286e-01 8.696818755827230215e+08 5.425728162683974842e+46
2.215328681336017791e+00 6.760048104021294524e-01 8.696818755827230215e+08 5.425728162683974842e+46
2.217328681336017571e+00 6.780048104021292321e-01 8.696818755827230215e+08 5.425728162683974842e+46
2.219328681336017350e+00 6.800048104021290118e-01 8.696818755827230215e+08 5.425728162683974842e+46
2.221328681336017574e+00 6.820048104021292357e-01 8.696818755827230215e+08 5.425728162683974842e+46
2.223328681336017354e+00 6.840048104021290154e-01 8.696818755827230215e+08 5.425728162683974842e+46
2.225328681336017578e+00 6.860048104021292392e-01 8.696818755827230215e+08 5.425728162683974842e+46
2.227328681336017802e+00 6.880048104021294630e-01 8.696818755827230215e+08 5.425728162683974842e+46
2.229328681336017581e+00 6.900048104021292428e-01 8.696818755827230215e+08 5.425728162683974842e+46
2.231328681336017361e+00 6.920048104021290225e-01 8.696818755827230215e+08 5.425728162683974842e+46
2.233328681336017585e+00 6.940048104021292463e-01 8.696818755827230215e+08 5.425728162683974842e+46
2.235328681336017365e+00 6.960048104021290261e-01 8.696818755827230215e+08 5.425728162683974842e+46
2.237328681336017588e+00 6.980048104021292499e-01 8.696818755827230215e+08 5.425728162683974842e+46
2.239328681336017812e+00 7.000048104021294737e-01 8.696818755827230215e+08 5.425728162683974842e+46
2.241328681336017592e+00 7.020048104021292534e-01 8.696818755827230215e+08 5.425728162683974842e+46
2.243328681336017372e+00 7.040048104021290332e-01 8.696818755827230215e+08 5.425728162683974842e+46
2.245328681336017151e+00 7.060048104021288129e-01 8.696818755827230215e+08 5.425728162683974842e+46
2.247328681336017375e+00 7.080048104021290367e-01 8.696818755827230215e+08 5.425728162683974842e+46
2.249328681336017599e+00 7.100048104021292605e-01 8.696818755827230215e+08 5.425728162683974842e+46
2.251328681336017823e+00 7.120048104021294844e-01 8.696818755827230215e+08 5.425728162683974842e+46
2.253328681336017159e+00 7.140048104021288200e-01 8.696818755827230215e+08 5.425728162683974842e+46
2.255328681336017382e+00 7.160048104021290438e-01 8.696818755827230215e+08 5.425728162683974842e+46
2.257328681336017162e+00 7.180048104021288236e-01 8.696818755827230215e+08 5.425728162683974842e+46
2.259328681336017386e+00 7.200048104021290474e-01 8.696818755827230215e+08 5.425728162683974842e+46
2.261328681336017610e+00 7.220048104021292712e-01 8.696818755827230215e+08 5.425728162683974842e+46
2.263328681336017834e+00 7.240048104021294950e-01 8.696818755827230215e+08 5.425728162683974842e+46
2.265328681336017169e+00 7.260048104021288307e-01 8.696818755827230215e+08 5.425728162683974842e+46
2.267328681336017393e+00 7.280048104021290545e-01 8.696818755827230215e+08 5.425728162683974842e+46
2.269328681336017173e+00 7.300048104021288342e-01 8.696818755827230215e+08 5.425728162683974842e+46
2.271328681336017397e+00 7.320048104021290580e-01 8.696818755827230215e+08 5.425728162683974842e+46
2.273328681336017620e+00 7.340048104021292819e-01 8.696818755827230215e+08 5.425728162683974842e+46
2.275328681336017844e+00 7.360048104021295057e-01 8.696818755827230215e+08 5.425728162683974842e+46
2.277328681336017624e+00 7.380048104021292854e-01 8.696818755827230215e+08 5.425728162683974842e+46
2.279328681336017404e+00 7.400048104021290651e-01 8.696818755827230215e+08 5.425728162683974842e+46
2.281328681336017183e+00 7.420048104021288449e-01 8.696818755827230215e+08 5.425728162683974842e+46
2.283328681336017407e+00 7.440048104021290687e-01 8.696818755827230215e+08 5.425728162683974842e+46
2.285328681336017631e+00 7.460048104021292925e-01 8.696818755827230215e+08 5.425728162683974842e+46
2.287328681336017855e+00 7.480048104021295163e-01 8.696818755827230215e+08 5.425728162683974842e+46
2.289328681336017635e+00 7.500048104021292961e-01 8.696818755827230215e+08 5.425728162683974842e+46
2.291328681336017414e+00 7.520048104021290758e-01 8.696818755827230215e+08 5.425728162683974842e+46
2.293328681336017194e+00 7.540048104021288555e-01 8.696818755827230215e+08 5.425728162683974842e+46
2.295328681336017418e+00 7.560048104021290793e-01 8.696818755827230215e+08 5.425728162683974842e+46
2.297328681336017642e+00 7.580048104021293032e-01 8.696818755827230215e+08 5.425728162683974842e+46
2.299328681336017866e+00 7.600048104021295270e-01 8.696818755827230215e+08 5.425728162683974842e+46
2.301328681336017645e+00 7.620048104021293067e-01 8.696818755827230215e+08 5.425728162683974842e+46
2.303328681336017425e+00 7.640048104021290865e-01 8.696818755827230215e+08 5.425728162683974842e+46
2.305328681336017205e+00 7.660048104021288662e-01 8.696818755827230215e+08 5.425728162683974842e+46
2.307328681336017429e+00 7.680048104021290900e-01 8.696818755827230215e+08 5.425728162683974842e+46
2.309328681336017652e+00 7.700048104021293138e-01 8.696818755827230215e+08 5.425728162683974842e+46
2.311328681336017876e+00 7.720048104021295376e-01 8.696818755827230215e+08 5.425728162683974842e+46
2.313328681336017656e+00 7.740048104021293174e-01 8.696818755827230215e+08 5.425728162683974842e+46
2.315328681336017436e+00 7.760048104021290971e-01 8.696818755827230215e+08 5.425728162683974842e+46
2.317328681336017215e+00 7.780048104021288768e-01 8.696818755827230215e+08 5.425728162683974842e+46
2.319328681336017439e+00 7.800048104021291007e-01 8.696818755827230215e+08 5.425728162683974842e+46
2.321328681336017663e+00 7.820048104021293245e-01 8.696818755827230215e+08 5.425728162683974842e+46
2.323328681336017887e+00 7.840048104021295483e-01 8.696818755827230215e+08 5.425728162683974842e+46
2.325328681336017667e+00 7.860048104021293280e-01 8.696818755827230215e+08 5.425728162683974842e+46
2.327328681336017446e+00 7.880048104021291078e-01 8.696818755827230215e+08 5.425728162683974842e+46
2.329328681336017226e+00 7.900048104021288875e-01 8.696818755827230215e+08 5.425728162683974842e+46
2.331328681336017450e+00 7.920048104021291113e-01 8.696818755827230215e+08 5.425728162683974842e+46
2.333328681336017674e+00 7.940048104021293351e-01 8.696818755827230215e+08 5.425728162683974842e+46
2.335328681336017898e+00 7.960048104021295590e-01 8.696818755827230215e+08 5.425728162683974842e+46
2.337328681336017677e+00 7.980048104021293387e-01 8.696818755827230215e+08 5.425728162683974842e+46
2.339328681336017457e+00 8.000048104021291184e-01 8.696818755827230215e+08 5.425728162683974842e+46
2.341328681336017237e+00 8.020048104021288982e-01 8.696818755827230215e+08 5.425728162683974842e+46
2.343328681336017461e+00 8.040048104021291220e-01 8.696818755827230215e+08 5.425728162683974842e+46
2.345328681336017684e+00 8.060048104021293458e-01 8.696818755827230215e+08 5.425728162683974842e+46
2.347328681336017908e+00 8.080048104021295696e-01 8.696818755827230215e+08 5.425728162683974842e+46
2.349328681336017688e+00 8.100048104021293494e-01 8.696818755827230215e+08 5.425728162683974842e+46
2.351328681336017468e+00 8.120048104021291291e-01 8.696818755827230215e+08 5.425728162683974842e+46
2.353328681336017247e+00 8.140048104021289088e-01 8.696818755827230215e+08 5.425728162683974842e+46
2.355328681336017471e+00 8.160048104021291326e-01 8.696818755827230215e+08 5.425728162683974842e+46
2.357328681336017695e+00 8.180048104021293565e-01 8.696818755827230215e+08 5.425728162683974842e+46
2.359328681336017919e+00 8.200048104021295803e-01 8.696818755827230215e+08 5.425728162683974842e+46
2.361328681336017699e+00 8.220048104021293600e-01 8.696818755827230215e+08 5.425728162683974842e+46
2.363328681336017478e+00 8.240048104021291397e-01 8.696818755827230215e+08 5.425728162683974842e+46
2.365328681336017258e+00 8.260048104021289195e-01 8.696818755827230215e+08 5.425728162683974842e+46
2.367328681336017482e+00 8.280048104021291433e-01 8.696818755827230215e+08 5.425728162683974842e+46
2.369328681336017706e+00 8.300048104021293671e-01 8.696818755827230215e+08 5.425728162683974842e+46
2.371328681336017929e+00 8.320048104021295909e-01 8.696818755827230215e+08 5.425728162683974842e+46
2.373328681336017709e+00 8.340048104021293707e-01 8.696818755827230215e+08 5.425728162683974842e+46
2.375328681336017045e+00 8.360048104021287063e-01 8.696818755827230215e+08 5.425728162683974842e+46
2.377328681336017269e+00 8.380048104021289301e-01 8.696818755827230215e+08 5.425728162683974842e+46
2.379328681336017492e+00 8.400048104021291540e-01 8.696818755827230215e+08 5.425728162683974842e+46
2.381328681336017716e+00 8.420048104021293778e-01 8.696818755827230215e+08 5.425728162683974842e+46
2.383328681336017496e+00 8.440048104021291575e-01 8.696818755827230215e+08 5.425728162683974842e+46
2.385328681336017720e+00 8.460048104021293813e-01 8.696818755827230215e+08 5.425728162683974842e+46
2.387328681336017056e+00 8.480048104021287170e-01 8.696818755827230215e+08 5.425728162683974842e+46
2.389328681336017279e+00 8.500048104021289408e-01 8.696818755827230215e+08 5.425728162683974842e+46
2.391328681336017503e+00 8.520048104021291646e-01 8.696818755827230215e+08 5.425728162683974842e+46
2.393328681336017727e+00 8.540048104021293884e-01 8.696818755827230215e+08 5.425728162683974842e+46
2.395328681336017507e+00 8.560048104021291682e-01 8.696818755827230215e+08 5.425728162683974842e+46
2.397328681336017731e+00 8.580048104021293920e-01 8.696818755827230215e+08 5.425728162683974842e+46
2.399328681336017066e+00 8.600048104021287276e-01 8.696818755827230215e+08 5.425728162683974842e+46
2.401328681336017290e+00 8.620048104021289515e-01 8.696818755827230215e+08 5.425728162683974842e+46
2.403328681336017514e+00 8.640048104021291753e-01 8.696818755827230215e+08 5.425728162683974842e+46
2.405328681336017738e+00 8.660048104021293991e-01 8.696818755827230215e+08 5.425728162683974842e+46
2.407328681336017517e+00 8.680048104021291788e-01 8.696818755827230215e+08 5.425728162683974842e+46
2.409328681336017741e+00 8.700048104021294026e-01 8.696818755827230215e+08 5.425728162683974842e+46
2.411328681336017077e+00 8.720048104021287383e-01 8.696818755827230215e+08 5.425728162683974842e+46
2.413328681336017301e+00 8.740048104021289621e-01 8.696818755827230215e+08 5.425728162683974842e+46
2.415328681336017524e+00 8.760048104021291859e-01 8.696818755827230215e+08 5.425728162683974842e+46
2.417328681336017748e+00 8.780048104021294098e-01 8.696818755827230215e+08 5.425728162683974842e+46
2.419328681336017528e+00 8.800048104021291895e-01 8.696818755827230215e+08 5.425728162683974842e+46
2.421328681336017752e+00 8.820048104021294133e-01 8.696818755827230215e+08 5.425728162683974842e+46
2.423328681336017087e+00 8.840048104021287489e-01 8.696818755827230215e+08 5.425728162683974842e+46
2.425328681336017311e+00 8.860048104021289728e-01 8.696818755827230215e+08 5.425728162683974842e+46
2.427328681336017535e+00 8.880048104021291966e-01 8.696818755827230215e+08 5.425728162683974842e+46
2.429328681336017759e+00 8.900048104021294204e-01 8.696818755827230215e+08 5.425728162683974842e+46
2.431328681336017539e+00 8.920048104021292001e-01 8.696818755827230215e+08 5.425728162683974842e+46
2.433328681336017763e+00 8.940048104021294240e-01 8.696818755827230215e+08 5.425728162683974842e+46
2.435328681336017542e+00 8.960048104021292037e-01 8.696818755827230215e+08 5.425728162683974842e+46
2.437328681336017322e+00 8.980048104021289834e-01 8.696818755827230215e+08 5.425728162683974842e+46
2.439328681336017546e+00 9.000048104021292072e-01 8.696818755827230215e+08 5.425728162683974842e+46
2.441328681336017770e+00 9.020048104021294311e-01 8.696818755827230215e+08 5.425728162683974842e+46
2.443328681336017549e+00 9.040048104021292108e-01 8.696818755827230215e+08 5.425728162683974842e+46
2.445328681336017773e+00 9.060048104021294346e-01 8.696818755827230215e+08 5.425728162683974842e+46
2.447328681336017553e+00 9.080048104021292144e-01 8.696818755827230215e+08 5.425728162683974842e+46
2.449328681336017333e+00 9.100048104021289941e-01 8.696818755827230215e+08 5.425728162683974842e+46
2.451328681336017556e+00 9.120048104021292179e-01 8.696818755827230215e+08 5.425728162683974842e+46
2.453328681336017780e+00 9.140048104021294417e-01 8.696818755827230215e+08 5.425728162683974842e+46
2.455328681336017560e+00 9.160048104021292215e-01 8.696818755827230215e+08 5.425728162683974842e+46
2.457328681336017784e+00 9.180048104021294453e-01 8.696818755827230215e+08 5.425728162683974842e+46
2.459328681336017564e+00 9.200048104021292250e-01 8.696818755827230215e+08 5.425728162683974842e+46
2.461328681336017343e+00 9.220048104021290047e-01 8.696818755827230215e+08 5.425728162683974842e+46
2.463328681336017567e+00 9.240048104021292286e-01 8.696818755827230215e+08 5.425728162683974842e+46
2.465328681336017791e+00 9.260048104021294524e-01 8.696818755827230215e+08 5.425728162683974842e+46
2.467328681336017571e+00 9.280048104021292321e-01 8.696818755827230215e+08 5.425728162683974842e+46
2.469328681336017794e+00 9.300048104021294559e-01 8.696818755827230215e+08 5.425728162683974842e+46
2.471328681336017574e+00 9.320048104021292357e-01 8.696818755827230215e+08 5.425728162683974842e+46
2.473328681336017354e+00 9.340048104021290154e-01 8.696818755827230215e+08 5.425728162683974842e+46
2.475328681336017578e+00 9.360048104021292392e-01 8.696818755827230215e+08 5.425728162683974842e+46
2.477328681336017802e+00 9.380048104021294630e-01 8.696818755827230215e+08 5.425728162683974842e+46
2.479328681336017581e+00 9.400048104021292428e-01 8.696818755827230215e+08 5.425728162683974842e+46
2.481328681336017805e+00 9.420048104021294666e-01 8.696818755827230215e+08 5.425728162683974842e+46
2.483328681336017585e+00 9.440048104021292463e-01 8.696818755827230215e+08 5.425728162683974842e+46
2.485328681336017365e+00 9.460048104021290261e-01 8.696818755827230215e+08 5.425728162683974842e+46
2.487328681336017588e+00 9.480048104021292499e-01 8.696818755827230215e+08 5.425728162683974842e+46
2.489328681336017812e+00 9.500048104021294737e-01 8.696818755827230215e+08 5.425728162683974842e+46
2.491328681336017592e+00 9.520048104021292534e-01 8.696818755827230215e+08 5.425728162683974842e+46
2.493328681336017816e+00 9.540048104021294773e-01 8.696818755827230215e+08 5.425728162683974842e+46
2.495328681336017596e+00 9.560048104021292570e-01 8.696818755827230215e+08 5.425728162683974842e+46
2.497328681336017375e+00 9.580048104021290367e-01 8.696818755827230215e+08 5.425728162683974842e+46
2.499328681336017599e+00 9.600048104021292605e-01 8.696818755827230215e+08 5.425728162683974842e+46
2.501328681336017379e+00 9.620048104021290403e-01 8.696818755827230215e+08 5.425728162683974842e+46
2.503328681336017603e+00 9.640048104021292641e-01 8.696818755827230215e+08 5.425728162683974842e+46
2.505328681336017382e+00 9.660048104021290438e-01 8.696818755827230215e+08 5.425728162683974842e+46
2.507328681336017606e+00 9.680048104021292676e-01 8.696818755827230215e+08 5.425728162683974842e+46
2.509328681336017386e+00 9.700048104021290474e-01 8.696818755827230215e+08 5.425728162683974842e+46
2.511328681336017610e+00 9.720048104021292712e-01 8.696818755827230215e+08 5.425728162683974842e+46
2.513328681336017389e+00 9.740048104021290509e-01 8.696818755827230215e+08 5.425728162683974842e+46
2.515328681336017613e+00 9.760048104021292747e-01 8.696818755827230215e+08 5.425728162683974842e+46
2.517328681336017393e+00 9.780048104021290545e-01 8.696818755827230215e+08 5.425728162683974842e+46
2.519328681336017617e+00 9.800048104021292783e-01 8.696818755827230215e+08 5.425728162683974842e+46
2.521328681336017397e+00 9.820048104021290580e-01 8.696818755827230215e+08 5.425728162683974842e+46
2.523328681336017620e+00 9.840048104021292819e-01 8.696818755827230215e+08 5.425728162683974842e+46
2.525328681336017400e+00 9.860048104021290616e-01 8.696818755827230215e+08 5.425728162683974842e+46
2.527328681336017624e+00 9.880048104021292854e-01 8.696818755827230215e+08 5.425728162683974842e+46
2.529328681336017404e+00 9.900048104021290651e-01 8.696818755827230215e+08 5.425728162683974842e+46
2.531328681336017628e+00 9.920048104021292890e-01 8.696818755827230215e+08 5.425728162683974842e+46
2.533328681336017407e+00 9.940048104021290687e-01 8.696818755827230215e+08 5.425728162683974842e+46
2.535328681336017631e+00 9.960048104021292925e-01 8.696818755827230215e+08 5.425728162683974842e+46
2.537328681336017411e+00 9.980048104021290722e-01 8.696818755827230215e+08 5.425728162683974842e+46
