5.837046754612066434e+04 2.126836677697844777e+02 6.800000000000068212e+02 0.000000000000000000e+00 1.000000000000000000e+00
8.486252677810147361e+03 1.372382626871681452e+02 4.207500000000000000e+02 -2.000000000000000042e-03 0.000000000000000000e+00
8.400934899572410359e+03 1.372385854507812724e+02 4.165000000000000000e+02 -4.000000000000000083e-03 0.000000000000000000e+00
8.315617235996458476e+03 1.372389139247873118e+02 4.122500000000000000e+02 -6.000000000000000125e-03 0.000000000000000000e+00
8.230299687894268573e+03 1.372392482664945135e+02 4.080000000000000000e+02 -8.000000000000000167e-03 0.000000000000000000e+00
8.144982258021032067e+03 1.372395886391356896e+02 4.037500000000000000e+02 -1.000000000000000021e-02 0.000000000000000000e+00
8.059664948800560524e+03 1.372399352121525453e+02 3.995000000000000000e+02 -1.200000000000000025e-02 0.000000000000000000e+00
7.974347762805597085e+03 1.372402881614966077e+02 3.952500000000000000e+02 -1.400000000000000029e-02 0.000000000000000000e+00
7.889030702848574947e+03 1.372406476699483449e+02 3.910000000000000000e+02 -1.600000000000000033e-02 0.000000000000000000e+00
7.803713771687165718e+03 1.372410139274547589e+02 3.867500000000000000e+02 -1.800000000000000211e-02 0.000000000000000000e+00
7.718396972195631861e+03 1.372413871314880112e+02 3.825000000000000000e+02 -2.000000000000000042e-02 0.000000000000000000e+00
7.633080307458356401e+03 1.372417674874253919e+02 3.782500000000000000e+02 -2.199999999999999872e-02 0.000000000000000000e+00
7.547763780477353976e+03 1.372421552089529939e+02 3.740000000000000000e+02 -2.400000000000000050e-02 0.000000000000000000e+00
7.462447394540299683e+03 1.372425505184946246e+02 3.697500000000000000e+02 -2.600000000000000228e-02 0.000000000000000000e+00
7.377131152928006486e+03 1.372429536476673775e+02 3.655000000000000000e+02 -2.800000000000000058e-02 0.000000000000000000e+00
7.291815059052791185e+03 1.372433648377665918e+02 3.612500000000000000e+02 -2.999999999999999889e-02 0.000000000000000000e+00
7.206499116479399163e+03 1.372437843402818771e+02 3.570000000000000000e+02 -3.200000000000000067e-02 0.000000000000000000e+00
7.121183328869852630e+03 1.372442124174467324e+02 3.527500000000000000e+02 -3.400000000000000244e-02 0.000000000000000000e+00
7.035867700084059834e+03 1.372446493428243741e+02 3.485000000000000000e+02 -3.600000000000000422e-02 0.000000000000000000e+00
6.950552234088945625e+03 1.372450954019325877e+02 3.442500000000000000e+02 -3.799999999999999906e-02 0.000000000000000000e+00
6.865236934869290963e+03 1.372455508929106429e+02 3.400000000000000000e+02 -4.000000000000000083e-02 0.000000000000000000e+00
6.779921806803382424e+03 1.372460161272317407e+02 3.357500000000000000e+02 -4.200000000000000261e-02 0.000000000000000000e+00
6.694606854188635225e+03 1.372464914304644878e+02 3.315000000000000000e+02 -4.399999999999999745e-02 0.000000000000000000e+00
6.609292081737525223e+03 1.372469771430875767e+02 3.272500000000000000e+02 -4.599999999999999922e-02 0.000000000000000000e+00
6.523977494145496166e+03 1.372474736213619906e+02 3.230000000000000000e+02 -4.800000000000000100e-02 0.000000000000000000e+00
6.438663096280663922e+03 1.372479812382656519e+02 3.187500000000000000e+02 -5.000000000000000278e-02 0.000000000000000000e+00
6.353348893414525264e+03 1.372485003844955145e+02 3.145000000000000000e+02 -5.200000000000000455e-02 0.000000000000000000e+00
6.268034890832890596e+03 1.372490314695433256e+02 3.102500000000000000e+02 -5.399999999999999939e-02 0.000000000000000000e+00
6.182721094073093809e+03 1.372495749228511386e+02 3.060000000000000000e+02 -5.600000000000000117e-02 0.000000000000000000e+00
6.097407509003883206e+03 1.372501311950537115e+02 3.017500000000000000e+02 -5.800000000000000294e-02 0.000000000000000000e+00
6.012094141602015952e+03 1.372507007593154356e+02 2.975000000000000000e+02 -5.999999999999999778e-02 0.000000000000000000e+00
5.926780998233774881e+03 1.372512841127706054e+02 2.932500000000000000e+02 -6.199999999999999956e-02 0.000000000000000000e+00
5.841468085473245083e+03 1.372518817780761538e+02 2.890000000000000000e+02 -6.400000000000000133e-02 0.000000000000000000e+00
5.756155410082526032e+03 1.372524943050874526e+02 2.847500000000000000e+02 -6.600000000000000311e-02 0.000000000000000000e+00
5.670842979378292512e+03 1.372531222726689748e+02 2.805000000000000000e+02 -6.800000000000000488e-02 0.000000000000000000e+00
5.585530800677338448e+03 1.372537662906520666e+02 2.762500000000000000e+02 -7.000000000000000666e-02 0.000000000000000000e+00
5.500218881942594635e+03 1.372544270019547241e+02 2.720000000000000000e+02 -7.200000000000000844e-02 0.000000000000000000e+00
5.414907231313200100e+03 1.372551050848788918e+02 2.677500000000000000e+02 -7.399999999999999634e-02 0.000000000000000000e+00
5.329595857336707923e+03 1.372558012556029041e+02 2.635000000000000000e+02 -7.599999999999999811e-02 0.000000000000000000e+00
5.244284769049751958e+03 1.372565162708891364e+02 2.592500000000000000e+02 -7.799999999999999989e-02 0.000000000000000000e+00
5.158973975794236139e+03 1.372572509310283522e+02 2.550000000000000000e+02 -8.000000000000000167e-02 0.000000000000000000e+00
5.073663487543870360e+03 1.372580060830458137e+02 2.507500000000000000e+02 -8.200000000000000344e-02 0.000000000000000000e+00
4.988353314655179020e+03 1.372587826241966127e+02 2.465000000000000000e+02 -8.400000000000000522e-02 0.000000000000000000e+00
4.903043468014818245e+03 1.372595815057810000e+02 2.422500000000000000e+02 -8.600000000000000699e-02 0.000000000000000000e+00
4.817733959116447295e+03 1.372604037373149879e+02 2.380000000000000000e+02 -8.799999999999999489e-02 0.000000000000000000e+00
4.732424799990300926e+03 1.372612503910949613e+02 2.337500000000000000e+02 -8.999999999999999667e-02 0.000000000000000000e+00
4.647116003377722336e+03 1.372621226072009790e+02 2.295000000000000000e+02 -9.199999999999999845e-02 0.000000000000000000e+00
4.561807582717607147e+03 1.372630215989885869e+02 2.252500000000000000e+02 -9.400000000000000022e-02 0.000000000000000000e+00
4.476499552111330559e+03 1.372639486591257878e+02 2.210000000000000000e+02 -9.600000000000000200e-02 0.000000000000000000e+00
4.391191926566314578e+03 1.372649051662396289e+02 2.167500000000000000e+02 -9.800000000000000377e-02 0.000000000000000000e+00
4.305884721907600579e+03 1.372658925922453363e+02 2.125000000000000000e+02 -1.000000000000000056e-01 0.000000000000000000e+00
4.220577954819013939e+03 1.372669125104413297e+02 2.082500000000000000e+02 -1.020000000000000073e-01 0.000000000000000000e+00
4.135271643095021318e+03 1.372679666044653572e+02 2.040000000000000000e+02 -1.040000000000000091e-01 0.000000000000000000e+00
4.049965805506097240e+03 1.372690566782198687e+02 1.997500000000000000e+02 -1.059999999999999970e-01 0.000000000000000000e+00
3.964660462068668494e+03 1.372701846668921064e+02 1.955000000000000000e+02 -1.079999999999999988e-01 0.000000000000000000e+00
3.879355634009059941e+03 1.372713526492115648e+02 1.912500000000000000e+02 -1.100000000000000006e-01 0.000000000000000000e+00
3.794051343946771794e+03 1.372725628611099467e+02 1.870000000000000000e+02 -1.120000000000000023e-01 0.000000000000000000e+00
3.708747615987775589e+03 1.372738177109739866e+02 1.827500000000000000e+02 -1.140000000000000041e-01 0.000000000000000000e+00
3.623444475905982927e+03 1.372751197967112944e+02 1.785000000000000000e+02 -1.160000000000000059e-01 0.000000000000000000e+00
3.538141951207177044e+03 1.372764719248854419e+02 1.742500000000000000e+02 -1.180000000000000077e-01 0.000000000000000000e+00
3.452840071322132644e+03 1.372778771322164175e+02 1.700000000000000000e+02 -1.199999999999999956e-01 0.000000000000000000e+00
3.367538867846322319e+03 1.372793387097935636e+02 1.657500000000000000e+02 -1.219999999999999973e-01 0.000000000000000000e+00
3.282238374707710591e+03 1.372808602304060628e+02 1.615000000000000000e+02 -1.239999999999999991e-01 0.000000000000000000e+00
3.196938628352547312e+03 1.372824455794647918e+02 1.572500000000000000e+02 -1.260000000000000009e-01 0.000000000000000000e+00
3.111639668141584025e+03 1.372840989900736304e+02 1.530000000000000000e+02 -1.280000000000000027e-01 0.000000000000000000e+00
3.026341536466883099e+03 1.372858250829065980e+02 1.487500000000000000e+02 -1.300000000000000044e-01 0.000000000000000000e+00
2.941044279215981078e+03 1.372876289116664452e+02 1.445000000000000000e+02 -1.320000000000000062e-01 0.000000000000000000e+00
2.855747946163285178e+03 1.372895160150428069e+02 1.402500000000000000e+02 -1.340000000000000080e-01 0.000000000000000000e+00
2.770452591345789187e+03 1.372914924762593785e+02 1.360000000000000000e+02 -1.360000000000000098e-01 0.000000000000000000e+00
2.685158273584934250e+03 1.372935649915064005e+02 1.317500000000000000e+02 -1.380000000000000115e-01 0.000000000000000000e+00
2.599865057053895725e+03 1.372957409488020915e+02 1.275000000000000000e+02 -1.400000000000000133e-01 0.000000000000000000e+00
2.514573012007684611e+03 1.372980285191268592e+02 1.232500000000000000e+02 -1.420000000000000151e-01 0.000000000000000000e+00
2.429282215496692970e+03 1.373004367620316089e+02 1.190000000000000000e+02 -1.440000000000000169e-01 0.000000000000000000e+00
2.343992752304533496e+03 1.373029757483516562e+02 1.147500000000000000e+02 -1.459999999999999909e-01 0.000000000000000000e+00
2.258704715936519278e+03 1.373056567031673865e+02 1.105000000000000000e+02 -1.479999999999999927e-01 0.000000000000000000e+00
2.173418209959093019e+03 1.373084921727518974e+02 1.062500000000000000e+02 -1.499999999999999944e-01 0.000000000000000000e+00
2.088133349416222245e+03 1.373114962199354352e+02 1.020000000000000000e+02 -1.519999999999999962e-01 0.000000000000000000e+00
2.002850262621879665e+03 1.373146846530871130e+02 9.775000000000000000e+01 -1.539999999999999980e-01 0.000000000000000000e+00
1.917569093178927687e+03 1.373180752947223198e+02 9.350000000000000000e+01 -1.559999999999999998e-01 0.000000000000000000e+00
1.832290002586995115e+03 1.373216882964983938e+02 8.925000000000000000e+01 -1.580000000000000016e-01 0.000000000000000000e+00
1.747013173233136058e+03 1.373255465078518114e+02 8.500000000000000000e+01 -1.600000000000000033e-01 0.000000000000000000e+00
1.661738812236827243e+03 1.373296759053467326e+02 8.075000000000000000e+01 -1.620000000000000051e-01 0.000000000000000000e+00
1.576467155981215456e+03 1.373341060881359112e+02 7.650000000000000000e+01 -1.640000000000000069e-01 0.000000000000000000e+00
1.491198475879406487e+03 1.373388708401909355e+02 7.225000000000000000e+01 -1.660000000000000087e-01 0.000000000000000000e+00
1.405933085661278028e+03 1.373440087490485837e+02 6.800000000000000000e+01 -1.680000000000000104e-01 0.000000000000000000e+00
1.320671350465003798e+03 1.373495638476259444e+02 6.375000000000000000e+01 -1.700000000000000122e-01 0.000000000000000000e+00
1.235413698724318465e+03 1.373555861979363897e+02 5.950000000000000000e+01 -1.720000000000000140e-01 0.000000000000000000e+00
1.150160637404415638e+03 1.373621322381857226e+02 5.525000000000000000e+01 -1.740000000000000158e-01 0.000000000000000000e+00
1.064912772397777189e+03 1.373692645148784095e+02 5.100000000000000000e+01 -1.759999999999999898e-01 0.000000000000000000e+00
9.796708355898701939e+02 1.373770500040406546e+02 4.675000000000000000e+01 -1.779999999999999916e-01 0.000000000000000000e+00
8.944357220292589545e+02 1.373855553291643048e+02 4.250000000000000000e+01 -1.799999999999999933e-01 0.000000000000000000e+00
8.092085415145073739e+02 1.373948351857700061e+02 3.825000000000000000e+01 -1.819999999999999951e-01 0.000000000000000000e+00
7.239906919099997822e+02 1.374049056134618070e+02 3.400000000000000000e+01 -1.839999999999999969e-01 0.000000000000000000e+00
6.387839659162669932e+02 1.374156821670653699e+02 2.975000000000000000e+01 -1.859999999999999987e-01 0.000000000000000000e+00
5.535907102751987168e+02 1.374268320052980528e+02 2.550000000000000000e+01 -1.880000000000000004e-01 0.000000000000000000e+00
4.684140694333697752e+02 1.374373973812319605e+02 2.125000000000000000e+01 -1.900000000000000022e-01 0.000000000000000000e+00
3.832583658060952416e+02 1.374447417383352104e+02 1.700000000000000000e+01 -1.920000000000000040e-01 0.000000000000000000e+00
2.981296914466341264e+02 1.374411537386333748e+02 1.275000000000000000e+01 -1.940000000000000058e-01 0.000000000000000000e+00
2.130367385036085750e+02 1.374002692356247906e+02 8.500000000000000000e+00 -1.960000000000000075e-01 0.000000000000000000e+00
1.279912001200496832e+02 1.371988681140070696e+02 4.250000000000000000e+00 -1.980000000000000093e-01 0.000000000000000000e+00
4.266440000666514720e+01 4.000000000000000000e+02 8.499999999999999778e-01 -2.000000000000000111e-01 0.000000000000000000e+00
1.279941232971509919e+02 4.000000000000000000e+02 8.499999999999999778e-01 -2.020000000000000129e-01 0.000000000000000000e+00
2.135032770731436642e+02 4.000000000000000000e+02 8.499999999999999778e-01 -2.040000000000000147e-01 0.000000000000000000e+00
2.990288301153029238e+02 4.000000000000000000e+02 8.499999999999999778e-01 -2.060000000000000164e-01 0.000000000000000000e+00
3.845423072930881290e+02 4.000000000000000000e+02 8.499999999999999778e-01 -2.080000000000000182e-01 0.000000000000000000e+00
4.700390419933268618e+02 4.000000000000000000e+02 8.499999999999999778e-01 -2.099999999999999922e-01 0.000000000000000000e+00
5.555197364695756050e+02 4.000000000000000000e+02 8.499999999999999778e-01 -2.119999999999999940e-01 0.000000000000000000e+00
6.409862549398695819e+02 4.000000000000000000e+02 8.499999999999999778e-01 -2.139999999999999958e-01 0.000000000000000000e+00
7.264405239340876506e+02 4.000000000000000000e+02 8.499999999999999778e-01 -2.159999999999999976e-01 0.000000000000000000e+00
8.118842515022753332e+02 4.000000000000000000e+02 8.499999999999999778e-01 -2.179999999999999993e-01 0.000000000000000000e+00
8.973188825516335783e+02 4.000000000000000000e+02 8.499999999999999778e-01 -2.200000000000000011e-01 0.000000000000000000e+00
9.827456215725408128e+02 4.000000000000000000e+02 8.499999999999999778e-01 -2.220000000000000029e-01 0.000000000000000000e+00
1.068165470408319607e+03 4.000000000000000000e+02 8.499999999999999778e-01 -2.240000000000000047e-01 0.000000000000000000e+00
1.153579264948248692e+03 4.000000000000000000e+02 8.499999999999999778e-01 -2.260000000000000064e-01 0.000000000000000000e+00
1.238987706395977966e+03 4.000000000000000000e+02 8.499999999999999778e-01 -2.280000000000000082e-01 0.000000000000000000e+00
1.324391386791319064e+03 4.000000000000000000e+02 8.499999999999999778e-01 -2.300000000000000100e-01 0.000000000000000000e+00
1.409790809290195739e+03 4.000000000000000000e+02 8.499999999999999778e-01 -2.320000000000000118e-01 0.000000000000000000e+00
1.495186404391933138e+03 4.000000000000000000e+02 8.499999999999999778e-01 -2.340000000000000135e-01 0.000000000000000000e+00
1.580578542735268002e+03 4.000000000000000000e+02 8.499999999999999778e-01 -2.360000000000000153e-01 0.000000000000000000e+00
1.665967545421508248e+03 4.000000000000000000e+02 8.499999999999999778e-01 -2.380000000000000171e-01 0.000000000000000000e+00
1.751353692105732762e+03 4.000000000000000000e+02 8.499999999999999778e-01 -2.399999999999999911e-01 0.000000000000000000e+00
1.836737227772476444e+03 4.000000000000000000e+02 8.499999999999999778e-01 -2.419999999999999929e-01 0.000000000000000000e+00
1.922118368076589377e+03 4.000000000000000000e+02 8.499999999999999778e-01 -2.439999999999999947e-01 0.000000000000000000e+00
2.007497303718516832e+03 4.000000000000000000e+02 8.499999999999999778e-01 -2.459999999999999964e-01 0.000000000000000000e+00
2.092874204117316822e+03 4.000000000000000000e+02 8.499999999999999778e-01 -2.479999999999999982e-01 0.000000000000000000e+00
2.178249220354667614e+03 4.000000000000000000e+02 8.499999999999999778e-01 -2.500000000000000000e-01 0.000000000000000000e+00
2.263622487794144945e+03 4.000000000000000000e+02 8.499999999999999778e-01 -2.520000000000000018e-01 0.000000000000000000e+00
2.348994127965436292e+03 4.000000000000000000e+02 8.499999999999999778e-01 -2.540000000000000036e-01 0.000000000000000000e+00
2.434364250561112840e+03 4.000000000000000000e+02 8.499999999999999778e-01 -2.560000000000000053e-01 0.000000000000000000e+00
2.519732954761057044e+03 4.000000000000000000e+02 8.499999999999999778e-01 -2.580000000000000071e-01 0.000000000000000000e+00
2.605100330534278328e+03 4.000000000000000000e+02 8.499999999999999778e-01 -2.600000000000000089e-01 0.000000000000000000e+00
2.690466459849510102e+03 4.000000000000000000e+02 8.499999999999999778e-01 -2.620000000000000107e-01 0.000000000000000000e+00
2.775831417359139778e+03 4.000000000000000000e+02 8.499999999999999778e-01 -2.640000000000000124e-01 0.000000000000000000e+00
2.861195271531772960e+03 4.000000000000000000e+02 8.499999999999999778e-01 -2.660000000000000142e-01 0.000000000000000000e+00
2.946558084981125830e+03 4.000000000000000000e+02 8.499999999999999778e-01 -2.680000000000000160e-01 0.000000000000000000e+00
3.031919915296896761e+03 4.000000000000000000e+02 8.499999999999999778e-01 -2.700000000000000178e-01 0.000000000000000000e+00
3.117280815611969501e+03 4.000000000000000000e+02 8.499999999999999778e-01 -2.720000000000000195e-01 0.000000000000000000e+00
3.202640834853313208e+03 4.000000000000000000e+02 8.499999999999999778e-01 -2.740000000000000213e-01 0.000000000000000000e+00
3.288000018394328890e+03 4.000000000000000000e+02 8.499999999999999778e-01 -2.760000000000000231e-01 0.000000000000000000e+00
3.373358408153723303e+03 4.000000000000000000e+02 8.499999999999999778e-01 -2.780000000000000249e-01 0.000000000000000000e+00
3.458716043058035211e+03 4.000000000000000000e+02 8.499999999999999778e-01 -2.800000000000000266e-01 0.000000000000000000e+00
3.544072959394803547e+03 4.000000000000000000e+02 8.499999999999999778e-01 -2.820000000000000284e-01 0.000000000000000000e+00
3.629429190838047361e+03 4.000000000000000000e+02 8.499999999999999778e-01 -2.840000000000000302e-01 0.000000000000000000e+00
3.714784768949325553e+03 4.000000000000000000e+02 8.499999999999999778e-01 -2.860000000000000320e-01 0.000000000000000000e+00
3.800139723049774602e+03 4.000000000000000000e+02 8.499999999999999778e-01 -2.880000000000000338e-01 0.000000000000000000e+00
3.885494080616329029e+03 4.000000000000000000e+02 8.499999999999999778e-01 -2.899999999999999800e-01 0.000000000000000000e+00
3.970847867499172935e+03 4.000000000000000000e+02 8.499999999999999778e-01 -2.919999999999999818e-01 0.000000000000000000e+00
4.056201107771113129e+03 4.000000000000000000e+02 8.499999999999999778e-01 -2.939999999999999836e-01 0.000000000000000000e+00
4.141553824220221941e+03 4.000000000000000000e+02 8.499999999999999778e-01 -2.959999999999999853e-01 0.000000000000000000e+00
4.226906038157137118e+03 4.000000000000000000e+02 8.499999999999999778e-01 -2.979999999999999871e-01 0.000000000000000000e+00
4.312257769613066557e+03 4.000000000000000000e+02 8.499999999999999778e-01 -2.999999999999999889e-01 0.000000000000000000e+00
4.397609037576906303e+03 4.000000000000000000e+02 8.499999999999999778e-01 -3.019999999999999907e-01 0.000000000000000000e+00
4.482959859906752172e+03 4.000000000000000000e+02 8.499999999999999778e-01 -3.039999999999999925e-01 0.000000000000000000e+00
4.568310253545372689e+03 4.000000000000000000e+02 8.499999999999999778e-01 -3.059999999999999942e-01 0.000000000000000000e+00
4.653660234369667705e+03 4.000000000000000000e+02 8.499999999999999778e-01 -3.079999999999999960e-01 0.000000000000000000e+00
4.739009817515153372e+03 4.000000000000000000e+02 8.499999999999999778e-01 -3.099999999999999978e-01 0.000000000000000000e+00
4.824359017329505150e+03 4.000000000000000000e+02 8.499999999999999778e-01 -3.119999999999999996e-01 0.000000000000000000e+00
4.909707847296818727e+03 4.000000000000000000e+02 8.499999999999999778e-01 -3.140000000000000013e-01 0.000000000000000000e+00
4.995056320362760744e+03 4.000000000000000000e+02 8.499999999999999778e-01 -3.160000000000000031e-01 0.000000000000000000e+00
5.080404448764112203e+03 4.000000000000000000e+02 8.499999999999999778e-01 -3.180000000000000049e-01 0.000000000000000000e+00
5.165752244064022307e+03 4.000000000000000000e+02 8.499999999999999778e-01 -3.200000000000000067e-01 0.000000000000000000e+00
5.251099717386009615e+03 4.000000000000000000e+02 8.499999999999999778e-01 -3.220000000000000084e-01 0.000000000000000000e+00
5.336446879192923916e+03 4.000000000000000000e+02 8.499999999999999778e-01 -3.240000000000000102e-01 0.000000000000000000e+00
5.421793739615402956e+03 4.000000000000000000e+02 8.499999999999999778e-01 -3.260000000000000120e-01 0.000000000000000000e+00
5.507140308166448449e+03 4.000000000000000000e+02 8.499999999999999778e-01 -3.280000000000000138e-01 0.000000000000000000e+00
5.592486593927395006e+03 4.000000000000000000e+02 8.499999999999999778e-01 -3.300000000000000155e-01 0.000000000000000000e+00
5.677832605700546083e+03 4.000000000000000000e+02 8.499999999999999778e-01 -3.320000000000000173e-01 0.000000000000000000e+00
5.763178351778789875e+03 4.000000000000000000e+02 8.499999999999999778e-01 -3.340000000000000191e-01 0.000000000000000000e+00
5.848523840109446610e+03 4.000000000000000000e+02 8.499999999999999778e-01 -3.360000000000000209e-01 0.000000000000000000e+00
5.933869078343028377e+03 4.000000000000000000e+02 8.499999999999999778e-01 -3.380000000000000226e-01 0.000000000000000000e+00
6.019214073734555313e+03 4.000000000000000000e+02 8.499999999999999778e-01 -3.400000000000000244e-01 0.000000000000000000e+00
6.104558833356285504e+03 4.000000000000000000e+02 8.499999999999999778e-01 -3.420000000000000262e-01 0.000000000000000000e+00
6.189903363810691189e+03 4.000000000000000000e+02 8.499999999999999778e-01 -3.440000000000000280e-01 0.000000000000000000e+00
6.275247671528889441e+03 4.000000000000000000e+02 8.499999999999999778e-01 -3.460000000000000298e-01 0.000000000000000000e+00
6.360591762760177517e+03 4.000000000000000000e+02 8.499999999999999778e-01 -3.480000000000000315e-01 0.000000000000000000e+00
6.445935643295554655e+03 4.000000000000000000e+02 8.499999999999999778e-01 -3.500000000000000333e-01 0.000000000000000000e+00
6.531279318928310204e+03 4.000000000000000000e+02 8.499999999999999778e-01 -3.519999999999999796e-01 0.000000000000000000e+00
6.616622795102237433e+03 4.000000000000000000e+02 8.499999999999999778e-01 -3.539999999999999813e-01 0.000000000000000000e+00
6.701966076993213392e+03 4.000000000000000000e+02 8.499999999999999778e-01 -3.559999999999999831e-01 0.000000000000000000e+00
6.787309169741857659e+03 4.000000000000000000e+02 8.499999999999999778e-01 -3.579999999999999849e-01 0.000000000000000000e+00
6.872652078110426373e+03 4.000000000000000000e+02 8.499999999999999778e-01 -3.599999999999999867e-01 0.000000000000000000e+00
6.957994806877132760e+03 4.000000000000000000e+02 8.499999999999999778e-01 -3.619999999999999885e-01 0.000000000000000000e+00
7.043337360495073881e+03 4.000000000000000000e+02 8.499999999999999778e-01 -3.639999999999999902e-01 0.000000000000000000e+00
7.128679743297396271e+03 4.000000000000000000e+02 8.499999999999999778e-01 -3.659999999999999920e-01 0.000000000000000000e+00
7.214021959507732390e+03 4.000000000000000000e+02 8.499999999999999778e-01 -3.679999999999999938e-01 0.000000000000000000e+00
7.299364013098728719e+03 4.000000000000000000e+02 8.499999999999999778e-01 -3.699999999999999956e-01 0.000000000000000000e+00
7.384705908076184642e+03 4.000000000000000000e+02 8.499999999999999778e-01 -3.719999999999999973e-01 0.000000000000000000e+00
7.470047648147499785e+03 4.000000000000000000e+02 8.499999999999999778e-01 -3.739999999999999991e-01 0.000000000000000000e+00
7.555389236893101042e+03 4.000000000000000000e+02 8.499999999999999778e-01 -3.760000000000000009e-01 0.000000000000000000e+00
7.640730677900201954e+03 4.000000000000000000e+02 8.499999999999999778e-01 -3.780000000000000027e-01 0.000000000000000000e+00
7.726071974509100983e+03 4.000000000000000000e+02 8.499999999999999778e-01 -3.800000000000000044e-01 0.000000000000000000e+00
7.811413130028963678e+03 4.000000000000000000e+02 8.499999999999999778e-01 -3.820000000000000062e-01 0.000000000000000000e+00
7.896754147640303017e+03 4.000000000000000000e+02 8.499999999999999778e-01 -3.840000000000000080e-01 0.000000000000000000e+00
7.982095030340548874e+03 4.000000000000000000e+02 8.499999999999999778e-01 -3.860000000000000098e-01 0.000000000000000000e+00
8.067435781159339967e+03 4.000000000000000000e+02 8.499999999999999778e-01 -3.880000000000000115e-01 0.000000000000000000e+00
8.152776402949199110e+03 4.000000000000000000e+02 8.499999999999999778e-01 -3.900000000000000133e-01 0.000000000000000000e+00
8.238116898487158323e+03 4.000000000000000000e+02 8.499999999999999778e-01 -3.920000000000000151e-01 0.000000000000000000e+00
8.323457270577204326e+03 4.000000000000000000e+02 8.499999999999999778e-01 -3.940000000000000169e-01 0.000000000000000000e+00
8.408797521724833132e+03 4.000000000000000000e+02 8.499999999999999778e-01 -3.960000000000000187e-01 0.000000000000000000e+00
8.494137654442916755e+03 4.000000000000000000e+02 8.499999999999999778e-01 -3.980000000000000204e-01 0.000000000000000000e+00
8.579523557137239550e+03 4.000000000000000000e+02 8.499999999999999778e-01 -4.000000000000000222e-01 0.000000000000000000e+00
8.665407210891633440e+03 4.000000000000000000e+02 8.499999999999999778e-01 -4.020000000000000240e-01 0.000000000000000000e+00
8.751789238783700057e+03 4.000000000000000000e+02 8.499999999999999778e-01 -4.040000000000000258e-01 0.000000000000000000e+00
8.838670260252602020e+03 4.000000000000000000e+02 8.499999999999999778e-01 -4.060000000000000275e-01 0.000000000000000000e+00
8.926050891051469080e+03 4.000000000000000000e+02 8.499999999999999778e-01 -4.080000000000000293e-01 0.000000000000000000e+00
9.013931743197035757e+03 4.000000000000000000e+02 8.499999999999999778e-01 -4.100000000000000311e-01 0.000000000000000000e+00
9.102313425317497604e+03 4.000000000000000000e+02 8.499999999999999778e-01 -4.120000000000000329e-01 0.000000000000000000e+00
9.191196542202191267e+03 4.000000000000000000e+02 8.499999999999999778e-01 -4.140000000000000346e-01 0.000000000000000000e+00
9.280581695148564904e+03 4.000000000000000000e+02 8.499999999999999778e-01 -4.160000000000000364e-01 0.000000000000000000e+00
9.370469481911803086e+03 4.000000000000000000e+02 8.499999999999999778e-01 -4.179999999999999827e-01 0.000000000000000000e+00
9.460860496731278545e+03 4.000000000000000000e+02 8.499999999999999778e-01 -4.199999999999999845e-01 0.000000000000000000e+00
9.551755330275942470e+03 4.000000000000000000e+02 8.499999999999999778e-01 -4.219999999999999862e-01 0.000000000000000000e+00
9.643154570002308901e+03 4.000000000000000000e+02 8.499999999999999778e-01 -4.239999999999999880e-01 0.000000000000000000e+00
9.735058799684768019e+03 4.000000000000000000e+02 8.499999999999999778e-01 -4.259999999999999898e-01 0.000000000000000000e+00
9.827468599774656468e+03 4.000000000000000000e+02 8.499999999999999778e-01 -4.279999999999999916e-01 0.000000000000000000e+00
9.920384547341269354e+03 4.000000000000000000e+02 8.499999999999999778e-01 -4.299999999999999933e-01 0.000000000000000000e+00
1.001380721601593723e+04 4.000000000000000000e+02 8.499999999999999778e-01 -4.319999999999999951e-01 0.000000000000000000e+00
1.010773717635562389e+04 4.000000000000000000e+02 8.499999999999999778e-01 -4.339999999999999969e-01 0.000000000000000000e+00
1.020217499536029391e+04 4.000000000000000000e+02 8.499999999999999778e-01 -4.359999999999999987e-01 0.000000000000000000e+00
1.029712123683729624e+04 4.000000000000000000e+02 8.499999999999999778e-01 -4.380000000000000004e-01 0.000000000000000000e+00
1.039257646134178685e+04 4.000000000000000000e+02 8.499999999999999778e-01 -4.400000000000000022e-01 0.000000000000000000e+00
1.048854122611489947e+04 4.000000000000000000e+02 8.499999999999999778e-01 -4.420000000000000040e-01 0.000000000000000000e+00
1.058501608545694762e+04 4.000000000000000000e+02 8.499999999999999778e-01 -4.440000000000000058e-01 0.000000000000000000e+00
1.068200159022806838e+04 4.000000000000000000e+02 8.499999999999999778e-01 -4.460000000000000075e-01 0.000000000000000000e+00
1.077949828822252675e+04 4.000000000000000000e+02 8.499999999999999778e-01 -4.480000000000000093e-01 0.000000000000000000e+00
1.087750672410496918e+04 4.000000000000000000e+02 8.499999999999999778e-01 -4.500000000000000111e-01 0.000000000000000000e+00
1.097602743934425780e+04 4.000000000000000000e+02 8.499999999999999778e-01 -4.520000000000000129e-01 0.000000000000000000e+00
1.107506097259583112e+04 4.000000000000000000e+02 8.499999999999999778e-01 -4.540000000000000147e-01 0.000000000000000000e+00
1.117460785918692272e+04 4.000000000000000000e+02 8.499999999999999778e-01 -4.560000000000000164e-01 0.000000000000000000e+00
1.127466863149891651e+04 4.000000000000000000e+02 8.499999999999999778e-01 -4.580000000000000182e-01 0.000000000000000000e+00
1.137524381890000950e+04 4.000000000000000000e+02 8.499999999999999778e-01 -4.600000000000000200e-01 0.000000000000000000e+00
1.147633394767603386e+04 4.000000000000000000e+02 8.499999999999999778e-01 -4.620000000000000218e-01 0.000000000000000000e+00
1.157793954142090115e+04 4.000000000000000000e+02 8.499999999999999778e-01 -4.640000000000000235e-01 0.000000000000000000e+00
1.168006112050691445e+04 4.000000000000000000e+02 8.499999999999999778e-01 -4.660000000000000253e-01 0.000000000000000000e+00
1.178269920247542905e+04 4.000000000000000000e+02 8.499999999999999778e-01 -4.680000000000000271e-01 0.000000000000000000e+00
1.188585430196518428e+04 4.000000000000000000e+02 8.499999999999999778e-01 -4.700000000000000289e-01 0.000000000000000000e+00
1.198952693064076084e+04 4.000000000000000000e+02 8.499999999999999778e-01 -4.720000000000000306e-01 0.000000000000000000e+00
1.209371759759142697e+04 4.000000000000000000e+02 8.499999999999999778e-01 -4.740000000000000324e-01 0.000000000000000000e+00
1.219842680878580177e+04 4.000000000000000000e+02 8.499999999999999778e-01 -4.760000000000000342e-01 0.000000000000000000e+00
1.230365506747040854e+04 4.000000000000000000e+02 8.499999999999999778e-01 -4.780000000000000360e-01 0.000000000000000000e+00
1.240940287409643133e+04 4.000000000000000000e+02 8.499999999999999778e-01 -4.799999999999999822e-01 0.000000000000000000e+00
1.251567072624357024e+04 4.000000000000000000e+02 8.499999999999999778e-01 -4.819999999999999840e-01 0.000000000000000000e+00
1.262245911902705120e+04 4.000000000000000000e+02 8.499999999999999778e-01 -4.839999999999999858e-01 0.000000000000000000e+00
1.272976854453845954e+04 4.000000000000000000e+02 8.499999999999999778e-01 -4.859999999999999876e-01 0.000000000000000000e+00
1.283759949225129822e+04 4.000000000000000000e+02 8.499999999999999778e-01 -4.879999999999999893e-01 0.000000000000000000e+00
1.294595244894509415e+04 4.000000000000000000e+02 8.499999999999999778e-01 -4.899999999999999911e-01 0.000000000000000000e+00
1.305482789862617574e+04 4.000000000000000000e+02 8.499999999999999778e-01 -4.919999999999999929e-01 0.000000000000000000e+00
1.316422632294298091e+04 4.000000000000000000e+02 8.499999999999999778e-01 -4.939999999999999947e-01 0.000000000000000000e+00
1.327414820061226601e+04 4.000000000000000000e+02 8.499999999999999778e-01 -4.959999999999999964e-01 0.000000000000000000e+00
1.338459400783171986e+04 4.000000000000000000e+02 8.499999999999999778e-01 -4.979999999999999982e-01 0.000000000000000000e+00
1.349556421820341166e+04 4.000000000000000000e+02 8.499999999999999778e-01 -5.000000000000000000e-01 0.000000000000000000e+00
1.360705930264909694e+04 4.000000000000000000e+02 8.499999999999999778e-01 -5.020000000000000018e-01 0.000000000000000000e+00
1.371907972983521904e+04 4.000000000000000000e+02 8.499999999999999778e-01 -5.040000000000000036e-01 0.000000000000000000e+00
1.383162596558212863e+04 4.000000000000000000e+02 8.499999999999999778e-01 -5.060000000000000053e-01 0.000000000000000000e+00
1.394469847328875767e+04 4.000000000000000000e+02 8.499999999999999778e-01 -5.080000000000000071e-01 0.000000000000000000e+00
1.405829771384995001e+04 4.000000000000000000e+02 8.499999999999999778e-01 -5.100000000000000089e-01 0.000000000000000000e+00
1.417242414546619148e+04 4.000000000000000000e+02 8.499999999999999778e-01 -5.120000000000000107e-01 0.000000000000000000e+00
1.428707822449164632e+04 4.000000000000000000e+02 8.499999999999999778e-01 -5.140000000000000124e-01 0.000000000000000000e+00
1.440226040420619756e+04 4.000000000000000000e+02 8.499999999999999778e-01 -5.160000000000000142e-01 0.000000000000000000e+00
1.451797113566374355e+04 4.000000000000000000e+02 8.499999999999999778e-01 -5.180000000000000160e-01 0.000000000000000000e+00
1.463421086750243376e+04 4.000000000000000000e+02 8.499999999999999778e-01 -5.200000000000000178e-01 0.000000000000000000e+00
1.475098004596121609e+04 4.000000000000000000e+02 8.499999999999999778e-01 -5.220000000000000195e-01 0.000000000000000000e+00
1.486827911489614598e+04 4.000000000000000000e+02 8.499999999999999778e-01 -5.240000000000000213e-01 0.000000000000000000e+00
1.498610851579982227e+04 4.000000000000000000e+02 8.499999999999999778e-01 -5.260000000000000231e-01 0.000000000000000000e+00
1.510446868781592093e+04 4.000000000000000000e+02 8.499999999999999778e-01 -5.280000000000000249e-01 0.000000000000000000e+00
1.522336006775590249e+04 4.000000000000000000e+02 8.499999999999999778e-01 -5.300000000000000266e-01 0.000000000000000000e+00
1.534278308989873949e+04 4.000000000000000000e+02 8.499999999999999778e-01 -5.320000000000000284e-01 0.000000000000000000e+00
1.546273818687734456e+04 4.000000000000000000e+02 8.499999999999999778e-01 -5.340000000000000302e-01 0.000000000000000000e+00
1.558322578838876325e+04 4.000000000000000000e+02 8.499999999999999778e-01 -5.360000000000000320e-01 0.000000000000000000e+00
1.570424632208173716e+04 4.000000000000000000e+02 8.499999999999999778e-01 -5.380000000000000338e-01 0.000000000000000000e+00
1.582580021335392667e+04 4.000000000000000000e+02 8.499999999999999778e-01 -5.400000000000000355e-01 0.000000000000000000e+00
1.594788788536800894e+04 4.000000000000000000e+02 8.499999999999999778e-01 -5.420000000000000373e-01 0.000000000000000000e+00
1.607050975906730491e+04 4.000000000000000000e+02 8.499999999999999778e-01 -5.440000000000000391e-01 0.000000000000000000e+00
1.619366625319033847e+04 4.000000000000000000e+02 8.499999999999999778e-01 -5.460000000000000409e-01 0.000000000000000000e+00
1.631735778428878257e+04 4.000000000000000000e+02 8.499999999999999778e-01 -5.480000000000000426e-01 0.000000000000000000e+00
1.644158476673983387e+04 4.000000000000000000e+02 8.499999999999999778e-01 -5.500000000000000444e-01 0.000000000000000000e+00
1.656634761253553734e+04 4.000000000000000000e+02 8.499999999999999778e-01 -5.520000000000000462e-01 0.000000000000000000e+00
1.669164673220682744e+04 4.000000000000000000e+02 8.499999999999999778e-01 -5.540000000000000480e-01 0.000000000000000000e+00
1.681748253347313948e+04 4.000000000000000000e+02 8.499999999999999778e-01 -5.560000000000000497e-01 0.000000000000000000e+00
1.694385542216882459e+04 4.000000000000000000e+02 8.499999999999999778e-01 -5.580000000000000515e-01 0.000000000000000000e+00
1.707076580202858531e+04 4.000000000000000000e+02 8.499999999999999778e-01 -5.600000000000000533e-01 0.000000000000000000e+00
1.719821407470161284e+04 4.000000000000000000e+02 8.499999999999999778e-01 -5.620000000000000551e-01 0.000000000000000000e+00
1.732620063976780148e+04 4.000000000000000000e+02 8.499999999999999778e-01 -5.640000000000000568e-01 0.000000000000000000e+00
1.745472589475090354e+04 4.000000000000000000e+02 8.499999999999999778e-01 -5.660000000000000586e-01 0.000000000000000000e+00
1.758379023513146603e+04 4.000000000000000000e+02 8.499999999999999778e-01 -5.680000000000000604e-01 0.000000000000000000e+00
1.771339405436258676e+04 4.000000000000000000e+02 8.499999999999999778e-01 -5.700000000000000622e-01 0.000000000000000000e+00
1.784353774364645869e+04 4.000000000000000000e+02 8.499999999999999778e-01 -5.720000000000000639e-01 0.000000000000000000e+00
1.797422169289409794e+04 4.000000000000000000e+02 8.499999999999999778e-01 -5.740000000000000657e-01 0.000000000000000000e+00
1.810544628932037449e+04 4.000000000000000000e+02 8.499999999999999778e-01 -5.760000000000000675e-01 0.000000000000000000e+00
1.823721191840156825e+04 4.000000000000000000e+02 8.499999999999999778e-01 -5.779999999999999583e-01 0.000000000000000000e+00
1.836951896365616267e+04 4.000000000000000000e+02 8.499999999999999778e-01 -5.799999999999999600e-01 0.000000000000000000e+00
1.850236780665508195e+04 4.000000000000000000e+02 8.499999999999999778e-01 -5.819999999999999618e-01 0.000000000000000000e+00
1.863575882703439856e+04 4.000000000000000000e+02 8.499999999999999778e-01 -5.839999999999999636e-01 0.000000000000000000e+00
1.876969240251081646e+04 4.000000000000000000e+02 8.499999999999999778e-01 -5.859999999999999654e-01 0.000000000000000000e+00
1.890416890889226124e+04 4.000000000000000000e+02 8.499999999999999778e-01 -5.879999999999999671e-01 0.000000000000000000e+00
1.903918872009160259e+04 4.000000000000000000e+02 8.499999999999999778e-01 -5.899999999999999689e-01 0.000000000000000000e+00
1.917475220789424930e+04 4.000000000000000000e+02 8.499999999999999778e-01 -5.919999999999999707e-01 0.000000000000000000e+00
1.931085974295418055e+04 4.000000000000000000e+02 8.499999999999999778e-01 -5.939999999999999725e-01 0.000000000000000000e+00
1.944751169332996869e+04 4.000000000000000000e+02 8.499999999999999778e-01 -5.959999999999999742e-01 0.000000000000000000e+00
1.958470842548150176e+04 4.000000000000000000e+02 8.499999999999999778e-01 -5.979999999999999760e-01 0.000000000000000000e+00
1.972245030403591591e+04 4.000000000000000000e+02 8.499999999999999778e-01 -5.999999999999999778e-01 0.000000000000000000e+00
1.986073769180042291e+04 4.000000000000000000e+02 8.499999999999999778e-01 -6.019999999999999796e-01 0.000000000000000000e+00
1.999957094977457746e+04 4.000000000000000000e+02 8.499999999999999778e-01 -6.039999999999999813e-01 0.000000000000000000e+00
2.013895043716103100e+04 4.000000000000000000e+02 8.499999999999999778e-01 -6.059999999999999831e-01 0.000000000000000000e+00
2.027887651137817738e+04 4.000000000000000000e+02 8.499999999999999778e-01 -6.079999999999999849e-01 0.000000000000000000e+00
2.041934952807164154e+04 4.000000000000000000e+02 8.499999999999999778e-01 -6.099999999999999867e-01 0.000000000000000000e+00
2.056036984112692880e+04 4.000000000000000000e+02 8.499999999999999778e-01 -6.119999999999999885e-01 0.000000000000000000e+00
2.070193780216624145e+04 4.000000000000000000e+02 8.499999999999999778e-01 -6.139999999999999902e-01 0.000000000000000000e+00
2.084405376261745550e+04 4.000000000000000000e+02 8.499999999999999778e-01 -6.159999999999999920e-01 0.000000000000000000e+00
2.098671807063787128e+04 4.000000000000000000e+02 8.499999999999999778e-01 -6.179999999999999938e-01 0.000000000000000000e+00
2.112993107318559123e+04 4.000000000000000000e+02 8.499999999999999778e-01 -6.199999999999999956e-01 0.000000000000000000e+00
2.127369311551440842e+04 4.000000000000000000e+02 8.499999999999999778e-01 -6.219999999999999973e-01 0.000000000000000000e+00
2.141800454118472044e+04 4.000000000000000000e+02 8.499999999999999778e-01 -6.239999999999999991e-01 0.000000000000000000e+00
2.156286569207681532e+04 4.000000000000000000e+02 8.499999999999999778e-01 -6.260000000000000009e-01 0.000000000000000000e+00
2.170827690839975912e+04 4.000000000000000000e+02 8.499999999999999778e-01 -6.280000000000000027e-01 0.000000000000000000e+00
2.185423852870292467e+04 4.000000000000000000e+02 8.499999999999999778e-01 -6.300000000000000044e-01 0.000000000000000000e+00
2.200075088988685820e+04 4.000000000000000000e+02 8.499999999999999778e-01 -6.320000000000000062e-01 0.000000000000000000e+00
2.214781432721359670e+04 4.000000000000000000e+02 8.499999999999999778e-01 -6.340000000000000080e-01 0.000000000000000000e+00
2.229542917431656315e+04 4.000000000000000000e+02 8.499999999999999778e-01 -6.360000000000000098e-01 0.000000000000000000e+00
2.244359576321503118e+04 4.000000000000000000e+02 8.499999999999999778e-01 -6.380000000000000115e-01 0.000000000000000000e+00
2.259231442431877804e+04 4.000000000000000000e+02 8.499999999999999778e-01 -6.400000000000000133e-01 0.000000000000000000e+00
2.274158548644242182e+04 4.000000000000000000e+02 8.499999999999999778e-01 -6.420000000000000151e-01 0.000000000000000000e+00
2.289140927681379253e+04 4.000000000000000000e+02 8.499999999999999778e-01 -6.440000000000000169e-01 0.000000000000000000e+00
2.304178612108626839e+04 4.000000000000000000e+02 8.499999999999999778e-01 -6.460000000000000187e-01 0.000000000000000000e+00
2.319271634334526971e+04 4.000000000000000000e+02 8.499999999999999778e-01 -6.480000000000000204e-01 0.000000000000000000e+00
2.334420026612278889e+04 4.000000000000000000e+02 8.499999999999999778e-01 -6.500000000000000222e-01 0.000000000000000000e+00
2.349623821040375697e+04 4.000000000000000000e+02 8.499999999999999778e-01 -6.520000000000000240e-01 0.000000000000000000e+00
2.364883049508183831e+04 4.000000000000000000e+02 8.499999999999999778e-01 -6.540000000000000258e-01 0.000000000000000000e+00
2.380197743918919878e+04 4.000000000000000000e+02 8.499999999999999778e-01 -6.560000000000000275e-01 0.000000000000000000e+00
2.395567935857734119e+04 4.000000000000000000e+02 8.499999999999999778e-01 -6.580000000000000293e-01 0.000000000000000000e+00
2.410993656814651695e+04 4.000000000000000000e+02 8.499999999999999778e-01 -6.600000000000000311e-01 0.000000000000000000e+00
2.426474938129810107e+04 4.000000000000000000e+02 8.499999999999999778e-01 -6.620000000000000329e-01 0.000000000000000000e+00
2.442011810994613916e+04 4.000000000000000000e+02 8.499999999999999778e-01 -6.640000000000000346e-01 0.000000000000000000e+00
2.457604306452782475e+04 4.000000000000000000e+02 8.499999999999999778e-01 -6.660000000000000364e-01 0.000000000000000000e+00
2.473252455400754843e+04 4.000000000000000000e+02 8.499999999999999778e-01 -6.680000000000000382e-01 0.000000000000000000e+00
2.488956288589352334e+04 4.000000000000000000e+02 8.499999999999999778e-01 -6.700000000000000400e-01 0.000000000000000000e+00
2.504715836624280564e+04 4.000000000000000000e+02 8.499999999999999778e-01 -6.720000000000000417e-01 0.000000000000000000e+00
2.520531129966823210e+04 4.000000000000000000e+02 8.499999999999999778e-01 -6.740000000000000435e-01 0.000000000000000000e+00
2.536402198935306660e+04 4.000000000000000000e+02 8.499999999999999778e-01 -6.760000000000000453e-01 0.000000000000000000e+00
2.552329073705545670e+04 4.000000000000000000e+02 8.499999999999999778e-01 -6.780000000000000471e-01 0.000000000000000000e+00
2.568311784311800147e+04 4.000000000000000000e+02 8.499999999999999778e-01 -6.800000000000000488e-01 0.000000000000000000e+00
2.584350360647989146e+04 4.000000000000000000e+02 8.499999999999999778e-01 -6.820000000000000506e-01 0.000000000000000000e+00
2.600444832468176537e+04 4.000000000000000000e+02 8.499999999999999778e-01 -6.840000000000000524e-01 0.000000000000000000e+00
2.616595229387612198e+04 4.000000000000000000e+02 8.499999999999999778e-01 -6.860000000000000542e-01 0.000000000000000000e+00
2.632801580883631323e+04 4.000000000000000000e+02 8.499999999999999778e-01 -6.880000000000000560e-01 0.000000000000000000e+00
2.649063916296272146e+04 4.000000000000000000e+02 8.499999999999999778e-01 -6.900000000000000577e-01 0.000000000000000000e+00
2.665382264829346241e+04 4.000000000000000000e+02 8.499999999999999778e-01 -6.920000000000000595e-01 0.000000000000000000e+00
2.681756655491829588e+04 4.000000000000000000e+02 8.499999999999999778e-01 -6.940000000000000613e-01 0.000000000000000000e+00
2.698187117336693336e+04 4.000000000000000000e+02 8.499999999999999778e-01 -6.960000000000000631e-01 0.000000000000000000e+00
2.714673679104528128e+04 4.000000000000000000e+02 8.499999999999999778e-01 -6.980000000000000648e-01 0.000000000000000000e+00
2.731216369462325747e+04 4.000000000000000000e+02 8.499999999999999778e-01 -7.000000000000000666e-01 0.000000000000000000e+00
2.747815216945231441e+04 4.000000000000000000e+02 8.499999999999999778e-01 -7.020000000000000684e-01 0.000000000000000000e+00
2.764470249956730186e+04 4.000000000000000000e+02 8.499999999999999778e-01 -7.039999999999999591e-01 0.000000000000000000e+00
2.781181496770137892e+04 4.000000000000000000e+02 8.499999999999999778e-01 -7.059999999999999609e-01 0.000000000000000000e+00
2.797948985528963021e+04 4.000000000000000000e+02 8.499999999999999778e-01 -7.079999999999999627e-01 0.000000000000000000e+00
2.814772744247831724e+04 4.000000000000000000e+02 8.499999999999999778e-01 -7.099999999999999645e-01 0.000000000000000000e+00
2.831652800813057183e+04 4.000000000000000000e+02 8.499999999999999778e-01 -7.119999999999999662e-01 0.000000000000000000e+00
2.848589182983644787e+04 4.000000000000000000e+02 8.499999999999999778e-01 -7.139999999999999680e-01 0.000000000000000000e+00
2.865581918392117223e+04 4.000000000000000000e+02 8.499999999999999778e-01 -7.159999999999999698e-01 0.000000000000000000e+00
2.882631034545162402e+04 4.000000000000000000e+02 8.499999999999999778e-01 -7.179999999999999716e-01 0.000000000000000000e+00
2.899736558824428357e+04 4.000000000000000000e+02 8.499999999999999778e-01 -7.199999999999999734e-01 0.000000000000000000e+00
2.916898518487154433e+04 4.000000000000000000e+02 8.499999999999999778e-01 -7.219999999999999751e-01 0.000000000000000000e+00
2.934116940667296149e+04 4.000000000000000000e+02 8.499999999999999778e-01 -7.239999999999999769e-01 0.000000000000000000e+00
2.951391852375684539e+04 4.000000000000000000e+02 8.499999999999999778e-01 -7.259999999999999787e-01 0.000000000000000000e+00
2.968723280501352565e+04 4.000000000000000000e+02 8.499999999999999778e-01 -7.279999999999999805e-01 0.000000000000000000e+00
2.986111251811736292e+04 4.000000000000000000e+02 8.499999999999999778e-01 -7.299999999999999822e-01 0.000000000000000000e+00
3.003555792954079516e+04 4.000000000000000000e+02 8.499999999999999778e-01 -7.319999999999999840e-01 0.000000000000000000e+00
3.021056930391705464e+04 4.000000000000000000e+02 8.499999999999999778e-01 -7.339999999999999858e-01 0.000000000000000000e+00
3.038614690660028646e+04 4.000000000000000000e+02 8.499999999999999778e-01 -7.359999999999999876e-01 0.000000000000000000e+00
3.056229099984927234e+04 4.000000000000000000e+02 8.499999999999999778e-01 -7.379999999999999893e-01 0.000000000000000000e+00
3.073900184538206304e+04 4.000000000000000000e+02 8.499999999999999778e-01 -7.399999999999999911e-01 0.000000000000000000e+00
3.091627970374623328e+04 4.000000000000000000e+02 8.499999999999999778e-01 -7.419999999999999929e-01 0.000000000000000000e+00
3.109412483432663066e+04 4.000000000000000000e+02 8.499999999999999778e-01 -7.439999999999999947e-01 0.000000000000000000e+00
3.127253749535055613e+04 4.000000000000000000e+02 8.499999999999999778e-01 -7.459999999999999964e-01 0.000000000000000000e+00
3.145151794389740826e+04 4.000000000000000000e+02 8.499999999999999778e-01 -7.479999999999999982e-01 0.000000000000000000e+00
3.163106643590233944e+04 4.000000000000000000e+02 8.499999999999999778e-01 -7.500000000000000000e-01 0.000000000000000000e+00
3.181118322616453224e+04 4.000000000000000000e+02 8.499999999999999778e-01 -7.520000000000000018e-01 0.000000000000000000e+00
3.199186856835493381e+04 4.000000000000000000e+02 8.499999999999999778e-01 -7.540000000000000036e-01 0.000000000000000000e+00
3.217312271502165822e+04 4.000000000000000000e+02 8.499999999999999778e-01 -7.560000000000000053e-01 0.000000000000000000e+00
3.235494591759670584e+04 4.000000000000000000e+02 8.499999999999999778e-01 -7.580000000000000071e-01 0.000000000000000000e+00
3.253733842640227158e+04 4.000000000000000000e+02 8.499999999999999778e-01 -7.600000000000000089e-01 0.000000000000000000e+00
3.272030049065669300e+04 4.000000000000000000e+02 8.499999999999999778e-01 -7.620000000000000107e-01 0.000000000000000000e+00
3.290383235848381446e+04 4.000000000000000000e+02 8.499999999999999778e-01 -7.640000000000000124e-01 0.000000000000000000e+00
3.308793427691659599e+04 4.000000000000000000e+02 8.499999999999999778e-01 -7.660000000000000142e-01 0.000000000000000000e+00
3.327260649190421827e+04 4.000000000000000000e+02 8.499999999999999778e-01 -7.680000000000000160e-01 0.000000000000000000e+00
3.345784924831911485e+04 4.000000000000000000e+02 8.499999999999999778e-01 -7.700000000000000178e-01 0.000000000000000000e+00
3.364366278996205074e+04 4.000000000000000000e+02 8.499999999999999778e-01 -7.720000000000000195e-01 0.000000000000000000e+00
3.383004735888911819e+04 4.000000000000000000e+02 8.499999999999999778e-01 -7.740000000000000213e-01 0.000000000000000000e+00
3.401700319813488022e+04 4.000000000000000000e+02 8.499999999999999778e-01 -7.760000000000000231e-01 0.000000000000000000e+00
3.420453054764738044e+04 4.000000000000000000e+02 8.499999999999999778e-01 -7.780000000000000249e-01 0.000000000000000000e+00
3.439262964700383600e+04 4.000000000000000000e+02 8.499999999999999778e-01 -7.800000000000000266e-01 0.000000000000000000e+00
3.458130073474212986e+04 4.000000000000000000e+02 8.499999999999999778e-01 -7.820000000000000284e-01 0.000000000000000000e+00
3.477054404836682079e+04 4.000000000000000000e+02 8.499999999999999778e-01 -7.840000000000000302e-01 0.000000000000000000e+00
3.496035982435345795e+04 4.000000000000000000e+02 8.499999999999999778e-01 -7.860000000000000320e-01 0.000000000000000000e+00
3.515074829815328121e+04 4.000000000000000000e+02 8.499999999999999778e-01 -7.880000000000000338e-01 0.000000000000000000e+00
3.534170970420446974e+04 4.000000000000000000e+02 8.499999999999999778e-01 -7.900000000000000355e-01 0.000000000000000000e+00
3.553324427593381552e+04 4.000000000000000000e+02 8.499999999999999778e-01 -7.920000000000000373e-01 0.000000000000000000e+00
3.572535224576099426e+04 4.000000000000000000e+02 8.499999999999999778e-01 -7.940000000000000391e-01 0.000000000000000000e+00
3.591803384510747856e+04 4.000000000000000000e+02 8.499999999999999778e-01 -7.960000000000000409e-01 0.000000000000000000e+00
3.611128930440214754e+04 4.000000000000000000e+02 8.499999999999999778e-01 -7.980000000000000426e-01 0.000000000000000000e+00
3.630511885308552155e+04 4.000000000000000000e+02 8.499999999999999778e-01 -8.000000000000000444e-01 0.000000000000000000e+00
3.649952271961689257e+04 4.000000000000000000e+02 8.499999999999999778e-01 -8.020000000000000462e-01 0.000000000000000000e+00
3.669450113147812226e+04 4.000000000000000000e+02 8.499999999999999778e-01 -8.040000000000000480e-01 0.000000000000000000e+00
3.689005431518043042e+04 4.000000000000000000e+02 8.499999999999999778e-01 -8.060000000000000497e-01 0.000000000000000000e+00
3.708618249627004843e+04 4.000000000000000000e+02 8.499999999999999778e-01 -8.080000000000000515e-01 0.000000000000000000e+00
3.728288589933062758e+04 4.000000000000000000e+02 8.499999999999999778e-01 -8.100000000000000533e-01 0.000000000000000000e+00
3.748016474799525167e+04 4.000000000000000000e+02 8.499999999999999778e-01 -8.120000000000000551e-01 0.000000000000000000e+00
3.767801926494460349e+04 4.000000000000000000e+02 8.499999999999999778e-01 -8.140000000000000568e-01 0.000000000000000000e+00
3.787644967119728972e+04 4.000000000000000000e+02 8.499999999999999778e-01 -8.160000000000000586e-01 0.000000000000000000e+00
3.807545618899569672e+04 4.000000000000000000e+02 8.499999999999999778e-01 -8.180000000000000604e-01 0.000000000000000000e+00
3.827503903748287121e+04 4.000000000000000000e+02 8.499999999999999778e-01 -8.200000000000000622e-01 0.000000000000000000e+00
3.847519843559973378e+04 4.000000000000000000e+02 8.499999999999999778e-01 -8.220000000000000639e-01 0.000000000000000000e+00
3.867593460136318754e+04 4.000000000000000000e+02 8.499999999999999778e-01 -8.240000000000000657e-01 0.000000000000000000e+00
3.887724775186968327e+04 4.000000000000000000e+02 8.499999999999999778e-01 -8.260000000000000675e-01 0.000000000000000000e+00
3.907913810330698470e+04 4.000000000000000000e+02 8.499999999999999778e-01 -8.280000000000000693e-01 0.000000000000000000e+00
3.928160587095409574e+04 4.000000000000000000e+02 8.499999999999999778e-01 -8.300000000000000711e-01 0.000000000000000000e+00
3.948465126918946044e+04 4.000000000000000000e+02 8.499999999999999778e-01 -8.320000000000000728e-01 0.000000000000000000e+00
3.968827451149172703e+04 4.000000000000000000e+02 8.499999999999999778e-01 -8.339999999999999636e-01 0.000000000000000000e+00
3.989247581044674007e+04 4.000000000000000000e+02 8.499999999999999778e-01 -8.359999999999999654e-01 0.000000000000000000e+00
4.009725537775633711e+04 4.000000000000000000e+02 8.499999999999999778e-01 -8.379999999999999671e-01 0.000000000000000000e+00
4.030261342423973110e+04 4.000000000000000000e+02 8.499999999999999778e-01 -8.399999999999999689e-01 0.000000000000000000e+00
4.050855015983426711e+04 4.000000000000000000e+02 8.499999999999999778e-01 -8.419999999999999707e-01 0.000000000000000000e+00
4.071506579361222248e+04 4.000000000000000000e+02 8.499999999999999778e-01 -8.439999999999999725e-01 0.000000000000000000e+00
4.092216053377131902e+04 4.000000000000000000e+02 8.499999999999999778e-01 -8.459999999999999742e-01 0.000000000000000000e+00
4.112983458765080286e+04 4.000000000000000000e+02 8.499999999999999778e-01 -8.479999999999999760e-01 0.000000000000000000e+00
4.133808816173063678e+04 4.000000000000000000e+02 8.499999999999999778e-01 -8.499999999999999778e-01 0.000000000000000000e+00
4.154692146163510188e+04 4.000000000000000000e+02 8.499999999999999778e-01 -8.519999999999999796e-01 0.000000000000000000e+00
4.175633469214338402e+04 4.000000000000000000e+02 8.499999999999999778e-01 -8.539999999999999813e-01 0.000000000000000000e+00
4.196632805565995659e+04 4.000000000000000000e+02 8.499999999999999778e-01 -8.559999999999999831e-01 0.000000000000000000e+00
4.217690175833397370e+04 4.000000000000000000e+02 8.499999999999999778e-01 -8.579999999999999849e-01 0.000000000000000000e+00
4.238805600089953077e+04 4.000000000000000000e+02 8.499999999999999778e-01 -8.599999999999999867e-01 0.000000000000000000e+00
4.259979098478250671e+04 4.000000000000000000e+02 8.499999999999999778e-01 -8.619999999999999885e-01 0.000000000000000000e+00
4.281210691058755037e+04 4.000000000000000000e+02 8.499999999999999778e-01 -8.639999999999999902e-01 0.000000000000000000e+00
4.302500397809560673e+04 4.000000000000000000e+02 8.499999999999999778e-01 -8.659999999999999920e-01 0.000000000000000000e+00
4.323848238627387036e+04 4.000000000000000000e+02 8.499999999999999778e-01 -8.679999999999999938e-01 0.000000000000000000e+00
4.345254233327574184e+04 4.000000000000000000e+02 8.499999999999999778e-01 -8.699999999999999956e-01 0.000000000000000000e+00
4.366718401644584083e+04 4.000000000000000000e+02 8.499999999999999778e-01 -8.719999999999999973e-01 0.000000000000000000e+00
4.388240763232510653e+04 4.000000000000000000e+02 8.499999999999999778e-01 -8.739999999999999991e-01 0.000000000000000000e+00
4.409821337665606552e+04 4.000000000000000000e+02 8.499999999999999778e-01 -8.760000000000000009e-01 0.000000000000000000e+00
4.431460144438566931e+04 4.000000000000000000e+02 8.499999999999999778e-01 -8.780000000000000027e-01 0.000000000000000000e+00
4.453157202967351623e+04 4.000000000000000000e+02 8.499999999999999778e-01 -8.800000000000000044e-01 0.000000000000000000e+00
4.474912532588990143e+04 4.000000000000000000e+02 8.499999999999999778e-01 -8.820000000000000062e-01 0.000000000000000000e+00
4.496726152562451171e+04 4.000000000000000000e+02 8.499999999999999778e-01 -8.840000000000000080e-01 0.000000000000000000e+00
4.518598082068760414e+04 4.000000000000000000e+02 8.499999999999999778e-01 -8.860000000000000098e-01 0.000000000000000000e+00
4.540528340211671457e+04 4.000000000000000000e+02 8.499999999999999778e-01 -8.880000000000000115e-01 0.000000000000000000e+00
4.562516946018117596e+04 4.000000000000000000e+02 8.499999999999999778e-01 -8.900000000000000133e-01 0.000000000000000000e+00
4.584563918438429391e+04 4.000000000000000000e+02 8.499999999999999778e-01 -8.920000000000000151e-01 0.000000000000000000e+00
4.606669276346592960e+04 4.000000000000000000e+02 8.499999999999999778e-01 -8.940000000000000169e-01 0.000000000000000000e+00
4.628833038541093265e+04 4.000000000000000000e+02 8.499999999999999778e-01 -8.960000000000000187e-01 0.000000000000000000e+00
4.651055223745273543e+04 4.000000000000000000e+02 8.499999999999999778e-01 -8.980000000000000204e-01 0.000000000000000000e+00
4.673335850607192697e+04 4.000000000000000000e+02 8.499999999999999778e-01 -9.000000000000000222e-01 0.000000000000000000e+00
4.695674937700630835e+04 4.000000000000000000e+02 8.499999999999999778e-01 -9.020000000000000240e-01 0.000000000000000000e+00
4.718072503525340289e+04 4.000000000000000000e+02 8.499999999999999778e-01 -9.040000000000000258e-01 0.000000000000000000e+00
4.740528566507067444e+04 4.000000000000000000e+02 8.499999999999999778e-01 -9.060000000000000275e-01 0.000000000000000000e+00
4.763043144998483331e+04 4.000000000000000000e+02 8.499999999999999778e-01 -9.080000000000000293e-01 0.000000000000000000e+00
4.785616257279058482e+04 4.000000000000000000e+02 8.499999999999999778e-01 -9.100000000000000311e-01 0.000000000000000000e+00
4.808247921555852372e+04 4.000000000000000000e+02 8.499999999999999778e-01 -9.120000000000000329e-01 0.000000000000000000e+00
4.830938155963819008e+04 4.000000000000000000e+02 8.499999999999999778e-01 -9.140000000000000346e-01 0.000000000000000000e+00
4.853686978566185280e+04 4.000000000000000000e+02 8.499999999999999778e-01 -9.160000000000000364e-01 0.000000000000000000e+00
4.876494407354624127e+04 4.000000000000000000e+02 8.499999999999999778e-01 -9.180000000000000382e-01 0.000000000000000000e+00
4.899360460249796597e+04 4.000000000000000000e+02 8.499999999999999778e-01 -9.200000000000000400e-01 0.000000000000000000e+00
4.922285155101695273e+04 4.000000000000000000e+02 8.499999999999999778e-01 -9.220000000000000417e-01 0.000000000000000000e+00
4.945268509690076462e+04 4.000000000000000000e+02 8.499999999999999778e-01 -9.240000000000000435e-01 0.000000000000000000e+00
4.968310541724694485e+04 4.000000000000000000e+02 8.499999999999999778e-01 -9.260000000000000453e-01 0.000000000000000000e+00
4.991411268845628365e+04 4.000000000000000000e+02 8.499999999999999778e-01 -9.280000000000000471e-01 0.000000000000000000e+00
5.014570708624007966e+04 4.000000000000000000e+02 8.499999999999999778e-01 -9.300000000000000488e-01 0.000000000000000000e+00
5.037788878562250466e+04 4.000000000000000000e+02 8.499999999999999778e-01 -9.320000000000000506e-01 0.000000000000000000e+00
5.061065796093802783e+04 4.000000000000000000e+02 8.499999999999999778e-01 -9.340000000000000524e-01 0.000000000000000000e+00
5.084401478414695157e+04 4.000000000000000000e+02 8.499999999999999778e-01 -9.360000000000000542e-01 0.000000000000000000e+00
5.107795943162361073e+04 4.000000000000000000e+02 8.499999999999999778e-01 -9.380000000000000560e-01 0.000000000000000000e+00
5.131249207397266582e+04 4.000000000000000000e+02 8.499999999999999778e-01 -9.400000000000000577e-01 0.000000000000000000e+00
5.154761288282866008e+04 4.000000000000000000e+02 8.499999999999999778e-01 -9.420000000000000595e-01 0.000000000000000000e+00
5.178332202915810194e+04 4.000000000000000000e+02 8.499999999999999778e-01 -9.440000000000000613e-01 0.000000000000000000e+00
5.201961968326687202e+04 4.000000000000000000e+02 8.499999999999999778e-01 -9.460000000000000631e-01 0.000000000000000000e+00
5.225650601479650504e+04 4.000000000000000000e+02 8.499999999999999778e-01 -9.480000000000000648e-01 0.000000000000000000e+00
5.249398119273098564e+04 4.000000000000000000e+02 8.499999999999999778e-01 -9.500000000000000666e-01 0.000000000000000000e+00
5.273204538540497742e+04 4.000000000000000000e+02 8.499999999999999778e-01 -9.520000000000000684e-01 0.000000000000000000e+00
5.297069876050089806e+04 4.000000000000000000e+02 8.499999999999999778e-01 -9.540000000000000702e-01 0.000000000000000000e+00
5.320994148505356134e+04 4.000000000000000000e+02 8.499999999999999778e-01 -9.560000000000000719e-01 0.000000000000000000e+00
5.344977372545629623e+04 4.000000000000000000e+02 8.499999999999999778e-01 -9.580000000000000737e-01 0.000000000000000000e+00
5.369019564745894604e+04 4.000000000000000000e+02 8.499999999999999778e-01 -9.599999999999999645e-01 0.000000000000000000e+00
5.393120741618013562e+04 4.000000000000000000e+02 8.499999999999999778e-01 -9.619999999999999662e-01 0.000000000000000000e+00
5.417280919609856210e+04 4.000000000000000000e+02 8.499999999999999778e-01 -9.639999999999999680e-01 0.000000000000000000e+00
5.441500115106833982e+04 4.000000000000000000e+02 8.499999999999999778e-01 -9.659999999999999698e-01 0.000000000000000000e+00
5.465778344431332516e+04 4.000000000000000000e+02 8.499999999999999778e-01 -9.679999999999999716e-01 0.000000000000000000e+00
5.490115623843263893e+04 4.000000000000000000e+02 8.499999999999999778e-01 -9.699999999999999734e-01 0.000000000000000000e+00
5.514511969540792779e+04 4.000000000000000000e+02 8.499999999999999778e-01 -9.719999999999999751e-01 0.000000000000000000e+00
5.538967397659904236e+04 4.000000000000000000e+02 8.499999999999999778e-01 -9.739999999999999769e-01 0.000000000000000000e+00
5.563481924275462370e+04 4.000000000000000000e+02 8.499999999999999778e-01 -9.759999999999999787e-01 0.000000000000000000e+00
5.588055565401111380e+04 4.000000000000000000e+02 8.499999999999999778e-01 -9.779999999999999805e-01 0.000000000000000000e+00
5.612688336989683012e+04 4.000000000000000000e+02 8.499999999999999778e-01 -9.799999999999999822e-01 0.000000000000000000e+00
5.637380254933441756e+04 4.000000000000000000e+02 8.499999999999999778e-01 -9.819999999999999840e-01 0.000000000000000000e+00
5.662131335064508312e+04 4.000000000000000000e+02 8.499999999999999778e-01 -9.839999999999999858e-01 0.000000000000000000e+00
5.686941593154787552e+04 4.000000000000000000e+02 8.499999999999999778e-01 -9.859999999999999876e-01 0.000000000000000000e+00
5.711811044917099207e+04 4.000000000000000000e+02 8.499999999999999778e-01 -9.879999999999999893e-01 0.000000000000000000e+00
5.736739706004451000e+04 4.000000000000000000e+02 8.499999999999999778e-01 -9.899999999999999911e-01 0.000000000000000000e+00
5.761727592011207889e+04 4.000000000000000000e+02 8.499999999999999778e-01 -9.919999999999999929e-01 0.000000000000000000e+00
5.786774718473086978e+04 4.000000000000000000e+02 8.499999999999999778e-01 -9.939999999999999947e-01 0.000000000000000000e+00
5.811881100866987254e+04 4.000000000000000000e+02 8.499999999999999778e-01 -9.959999999999999964e-01 0.000000000000000000e+00
5.837046754612066434e+04 4.000000000000000000e+02 8.499999999999999778e-01 -9.979999999999999982e-01 0.000000000000000000e+00
