TimeObs (s) 	TimeJet (s) 	Rcoll (cm) 	DSGamma 	DSMass (g) 	UPGamma 	UPMass (g) 	Gammaf 	tau
2.00013e+00	4.46645e+01	4.26644e+01	1.00000e+02	3.40000e+00	4.00000e+02	5.56327e+25	1.37199e+02	2.06590e+03	
2.00240e+00	1.29994e+02	1.27991e+02	1.00000e+02	3.40000e+00	1.37199e+02	2.78163e+26	1.19191e+02	2.36381e+02	
2.00240e+00	1.29997e+02	1.27994e+02	1.19191e+02	7.65000e+00	4.00000e+02	5.56327e+25	1.37400e+02	2.37032e+02	
2.00465e+00	2.15041e+02	2.13037e+02	1.00000e+02	3.40000e+00	1.37400e+02	5.56327e+26	1.25418e+02	8.57642e+01	
2.00467e+00	2.15508e+02	2.13503e+02	1.25418e+02	1.19000e+01	4.00000e+02	5.56327e+25	1.37441e+02	8.57806e+01	
2.00691e+00	3.00137e+02	2.98130e+02	1.00000e+02	3.40000e+00	1.37441e+02	8.34490e+26	1.28474e+02	4.38656e+01	
2.00693e+00	3.01036e+02	2.99029e+02	1.28474e+02	1.61500e+01	4.00000e+02	5.56327e+25	1.37445e+02	4.38785e+01	
2.00916e+00	3.85268e+02	3.83258e+02	1.00000e+02	3.40000e+00	1.37445e+02	1.11265e+27	1.30284e+02	2.65557e+01	
2.00920e+00	3.86552e+02	3.84542e+02	1.30284e+02	2.04000e+01	4.00000e+02	5.56327e+25	1.37437e+02	2.65924e+01	
2.01142e+00	4.70425e+02	4.68414e+02	1.00000e+02	3.40000e+00	1.37437e+02	1.39082e+27	1.31479e+02	1.77769e+01	
2.01147e+00	4.72051e+02	4.70039e+02	1.31479e+02	2.46500e+01	4.00000e+02	5.56327e+25	1.37427e+02	1.78283e+01	
2.01368e+00	5.55604e+02	5.53591e+02	1.00000e+02	3.40000e+00	1.37427e+02	1.66898e+27	1.32325e+02	1.27229e+01	
2.01374e+00	5.57533e+02	5.55520e+02	1.32325e+02	2.89000e+01	4.00000e+02	5.56327e+25	1.37416e+02	1.27817e+01	
2.01594e+00	6.40800e+02	6.38784e+02	1.00000e+02	3.40000e+00	1.37416e+02	1.94714e+27	1.32956e+02	9.55049e+00	
2.01600e+00	6.43002e+02	6.40986e+02	1.32956e+02	3.31500e+01	4.00000e+02	5.56327e+25	1.37405e+02	9.61216e+00	
2.01820e+00	7.26009e+02	7.23991e+02	1.00000e+02	3.40000e+00	1.37405e+02	2.22531e+27	1.33444e+02	7.43001e+00	
2.01827e+00	7.28459e+02	7.26441e+02	1.33444e+02	3.74000e+01	4.00000e+02	5.56327e+25	1.37395e+02	7.49206e+00	
2.02046e+00	8.11229e+02	8.09209e+02	1.00000e+02	3.40000e+00	1.37395e+02	2.50347e+27	1.33833e+02	5.94322e+00	
2.02054e+00	8.13905e+02	8.11884e+02	1.33833e+02	4.16500e+01	4.00000e+02	5.56327e+25	1.37386e+02	6.00430e+00	
2.02272e+00	8.96458e+02	8.94436e+02	1.00000e+02	3.40000e+00	1.37386e+02	2.78163e+27	1.34149e+02	4.86080e+00	
2.02280e+00	8.99342e+02	8.97319e+02	1.34149e+02	4.59000e+01	4.00000e+02	5.56327e+25	1.37377e+02	4.92019e+00	
2.02499e+00	9.81696e+02	9.79671e+02	1.00000e+02	3.40000e+00	1.37377e+02	3.05980e+27	1.34412e+02	4.04847e+00	
2.02507e+00	9.84771e+02	9.82746e+02	1.34412e+02	5.01500e+01	4.00000e+02	5.56327e+25	1.37369e+02	4.10583e+00	
2.02725e+00	1.06694e+03	1.06491e+03	1.00000e+02	3.40000e+00	1.37369e+02	3.33796e+27	1.34633e+02	3.42337e+00	
2.02734e+00	1.07019e+03	1.06817e+03	1.34633e+02	5.44000e+01	4.00000e+02	5.56327e+25	1.37362e+02	3.47856e+00	
2.02951e+00	1.15219e+03	1.15016e+03	1.00000e+02	3.40000e+00	1.37362e+02	3.61612e+27	1.34823e+02	2.93214e+00	
2.02960e+00	1.15561e+03	1.15358e+03	1.34823e+02	5.86500e+01	4.00000e+02	5.56327e+25	1.37356e+02	2.98514e+00	
2.03177e+00	1.23745e+03	1.23541e+03	1.00000e+02	3.40000e+00	1.37356e+02	3.89429e+27	1.34986e+02	2.53915e+00	
2.03187e+00	1.24102e+03	1.23899e+03	1.34986e+02	6.29000e+01	4.00000e+02	5.56327e+25	1.37350e+02	2.59000e+00	
2.03404e+00	1.32271e+03	1.32067e+03	1.00000e+02	3.40000e+00	1.37350e+02	4.17245e+27	1.35129e+02	2.21987e+00	
2.03414e+00	1.32643e+03	1.32439e+03	1.35129e+02	6.71500e+01	4.00000e+02	5.56327e+25	1.37344e+02	2.26865e+00	
2.03630e+00	1.40797e+03	1.40593e+03	1.00000e+02	3.40000e+00	1.37344e+02	4.45061e+27	1.35255e+02	1.95698e+00	
2.03641e+00	1.41183e+03	1.40979e+03	1.35255e+02	7.14000e+01	4.00000e+02	5.56327e+25	1.37339e+02	2.00379e+00	
2.03856e+00	1.49324e+03	1.49120e+03	1.00000e+02	3.40000e+00	1.37339e+02	4.72878e+27	1.35366e+02	1.73795e+00	
2.03867e+00	1.49723e+03	1.49519e+03	1.35366e+02	7.56500e+01	4.00000e+02	5.56327e+25	1.37334e+02	1.78291e+00	
2.04083e+00	1.57851e+03	1.57647e+03	1.00000e+02	3.40000e+00	1.37334e+02	5.00694e+27	1.35466e+02	1.55356e+00	
2.04094e+00	1.58262e+03	1.58058e+03	1.35466e+02	7.99000e+01	4.00000e+02	5.56327e+25	1.37330e+02	1.59676e+00	
2.04309e+00	1.66378e+03	1.66174e+03	1.00000e+02	3.40000e+00	1.37330e+02	5.28510e+27	1.35555e+02	1.39688e+00	
2.04321e+00	1.66801e+03	1.66597e+03	1.35555e+02	8.41500e+01	4.00000e+02	5.56327e+25	1.37326e+02	1.43843e+00	
2.04536e+00	1.74906e+03	1.74701e+03	1.00000e+02	3.40000e+00	1.37326e+02	5.56327e+27	1.35636e+02	1.26262e+00	
2.04547e+00	1.75340e+03	1.75135e+03	1.35636e+02	8.84000e+01	4.00000e+02	5.56327e+25	1.37322e+02	1.30263e+00	
2.04762e+00	1.83434e+03	1.83229e+03	1.00000e+02	3.40000e+00	1.37322e+02	5.84143e+27	1.35709e+02	1.14672e+00	
2.04774e+00	1.83878e+03	1.83674e+03	1.35709e+02	9.26500e+01	4.00000e+02	5.56327e+25	1.37318e+02	1.18527e+00	
2.04988e+00	1.91962e+03	1.91757e+03	1.00000e+02	3.40000e+00	1.37318e+02	6.11959e+27	1.35776e+02	1.04597e+00	
2.05001e+00	1.92417e+03	1.92212e+03	1.35776e+02	9.69000e+01	4.00000e+02	5.56327e+25	1.37315e+02	1.08316e+00	
