3.335646047926562309e-11 1.000000000000000000e+02 3.399999999999999911e+00 0.000000000000000000e+00 1.000000000000000000e+00
-1.999900000000000202e-03 1.000000000000000000e+02 3.399999999999999911e+00 -2.000000000000000042e-03 1.000000000000000000e+00
-3.999800000000000404e-03 1.000000000000000000e+02 3.399999999999999911e+00 -4.000000000000000083e-03 1.000000000000000000e+00
-5.999700000000000172e-03 1.000000000000000000e+02 3.399999999999999911e+00 -6.000000000000000125e-03 1.000000000000000000e+00
-7.999600000000000807e-03 1.000000000000000000e+02 3.399999999999999911e+00 -8.000000000000000167e-03 1.000000000000000000e+00
-9.999499999999999708e-03 1.000000000000000000e+02 3.399999999999999911e+00 -1.000000000000000021e-02 1.000000000000000000e+00
-1.199940000000000034e-02 1.000000000000000000e+02 3.399999999999999911e+00 -1.200000000000000025e-02 1.000000000000000000e+00
-1.399930000000000098e-02 1.000000000000000000e+02 3.399999999999999911e+00 -1.400000000000000029e-02 1.000000000000000000e+00
-1.599920000000000161e-02 1.000000000000000000e+02 3.399999999999999911e+00 -1.600000000000000033e-02 1.000000000000000000e+00
-1.799910000000000052e-02 1.000000000000000000e+02 3.399999999999999911e+00 -1.800000000000000211e-02 1.000000000000000000e+00
-1.999899999999999942e-02 1.000000000000000000e+02 3.399999999999999911e+00 -2.000000000000000042e-02 1.000000000000000000e+00
-2.199889999999999832e-02 1.000000000000000000e+02 3.399999999999999911e+00 -2.199999999999999872e-02 1.000000000000000000e+00
-2.399880000000000069e-02 1.000000000000000000e+02 3.399999999999999911e+00 -2.400000000000000050e-02 1.000000000000000000e+00
-2.599870000000000306e-02 1.000000000000000000e+02 3.399999999999999911e+00 -2.600000000000000228e-02 1.000000000000000000e+00
-2.799860000000000196e-02 1.000000000000000000e+02 3.399999999999999911e+00 -2.800000000000000058e-02 1.000000000000000000e+00
-2.999849999999999739e-02 1.000000000000000000e+02 3.399999999999999911e+00 -2.999999999999999889e-02 1.000000000000000000e+00
-3.199840000000000323e-02 1.000000000000000000e+02 3.399999999999999911e+00 -3.200000000000000067e-02 1.000000000000000000e+00
-3.399830000000000213e-02 1.000000000000000000e+02 3.399999999999999911e+00 -3.400000000000000244e-02 1.000000000000000000e+00
-3.599820000000000103e-02 1.000000000000000000e+02 3.399999999999999911e+00 -3.600000000000000422e-02 1.000000000000000000e+00
-3.799809999999999993e-02 1.000000000000000000e+02 3.399999999999999911e+00 -3.799999999999999906e-02 1.000000000000000000e+00
-3.999799999999999883e-02 1.000000000000000000e+02 3.399999999999999911e+00 -4.000000000000000083e-02 1.000000000000000000e+00
-4.199790000000000467e-02 1.000000000000000000e+02 3.399999999999999911e+00 -4.200000000000000261e-02 1.000000000000000000e+00
-4.399779999999999663e-02 1.000000000000000000e+02 3.399999999999999911e+00 -4.399999999999999745e-02 1.000000000000000000e+00
-4.599770000000000247e-02 1.000000000000000000e+02 3.399999999999999911e+00 -4.599999999999999922e-02 1.000000000000000000e+00
-4.799760000000000137e-02 1.000000000000000000e+02 3.399999999999999911e+00 -4.800000000000000100e-02 1.000000000000000000e+00
-4.999750000000000028e-02 1.000000000000000000e+02 3.399999999999999911e+00 -5.000000000000000278e-02 1.000000000000000000e+00
-5.199740000000000612e-02 1.000000000000000000e+02 3.399999999999999911e+00 -5.200000000000000455e-02 1.000000000000000000e+00
-5.399729999999999808e-02 1.000000000000000000e+02 3.399999999999999911e+00 -5.399999999999999939e-02 1.000000000000000000e+00
-5.599720000000000392e-02 1.000000000000000000e+02 3.399999999999999911e+00 -5.600000000000000117e-02 1.000000000000000000e+00
-5.799710000000000282e-02 1.000000000000000000e+02 3.399999999999999911e+00 -5.800000000000000294e-02 1.000000000000000000e+00
-5.999699999999999478e-02 1.000000000000000000e+02 3.399999999999999911e+00 -5.999999999999999778e-02 1.000000000000000000e+00
-6.199690000000000062e-02 1.000000000000000000e+02 3.399999999999999911e+00 -6.199999999999999956e-02 1.000000000000000000e+00
-6.399680000000000646e-02 1.000000000000000000e+02 3.399999999999999911e+00 -6.400000000000000133e-02 1.000000000000000000e+00
-6.599670000000000536e-02 1.000000000000000000e+02 3.399999999999999911e+00 -6.600000000000000311e-02 1.000000000000000000e+00
-6.799660000000000426e-02 1.000000000000000000e+02 3.399999999999999911e+00 -6.800000000000000488e-02 1.000000000000000000e+00
-6.999650000000000316e-02 1.000000000000000000e+02 3.399999999999999911e+00 -7.000000000000000666e-02 1.000000000000000000e+00
-7.199640000000000206e-02 1.000000000000000000e+02 3.399999999999999911e+00 -7.200000000000000844e-02 1.000000000000000000e+00
-7.399630000000000096e-02 1.000000000000000000e+02 3.399999999999999911e+00 -7.399999999999999634e-02 1.000000000000000000e+00
-7.599619999999999986e-02 1.000000000000000000e+02 3.399999999999999911e+00 -7.599999999999999811e-02 1.000000000000000000e+00
-7.799609999999999876e-02 1.000000000000000000e+02 3.399999999999999911e+00 -7.799999999999999989e-02 1.000000000000000000e+00
-7.999599999999999766e-02 1.000000000000000000e+02 3.399999999999999911e+00 -8.000000000000000167e-02 1.000000000000000000e+00
-8.199590000000001044e-02 1.000000000000000000e+02 3.399999999999999911e+00 -8.200000000000000344e-02 1.000000000000000000e+00
-8.399580000000000934e-02 1.000000000000000000e+02 3.399999999999999911e+00 -8.400000000000000522e-02 1.000000000000000000e+00
-8.599570000000000825e-02 1.000000000000000000e+02 3.399999999999999911e+00 -8.600000000000000699e-02 1.000000000000000000e+00
-8.799559999999999327e-02 1.000000000000000000e+02 3.399999999999999911e+00 -8.799999999999999489e-02 1.000000000000000000e+00
-8.999549999999999217e-02 1.000000000000000000e+02 3.399999999999999911e+00 -8.999999999999999667e-02 1.000000000000000000e+00
-9.199540000000000495e-02 1.000000000000000000e+02 3.399999999999999911e+00 -9.199999999999999845e-02 1.000000000000000000e+00
-9.399530000000000385e-02 1.000000000000000000e+02 3.399999999999999911e+00 -9.400000000000000022e-02 1.000000000000000000e+00
-9.599520000000000275e-02 1.000000000000000000e+02 3.399999999999999911e+00 -9.600000000000000200e-02 1.000000000000000000e+00
-9.799510000000000165e-02 1.000000000000000000e+02 3.399999999999999911e+00 -9.800000000000000377e-02 1.000000000000000000e+00
-9.999500000000000055e-02 1.000000000000000000e+02 3.399999999999999911e+00 -1.000000000000000056e-01 1.000000000000000000e+00
-1.019949000000000133e-01 1.000000000000000000e+02 3.399999999999999911e+00 -1.020000000000000073e-01 1.000000000000000000e+00
-1.039948000000000122e-01 1.000000000000000000e+02 3.399999999999999911e+00 -1.040000000000000091e-01 1.000000000000000000e+00
-1.059946999999999973e-01 1.000000000000000000e+02 3.399999999999999911e+00 -1.059999999999999970e-01 1.000000000000000000e+00
-1.079945999999999962e-01 1.000000000000000000e+02 3.399999999999999911e+00 -1.079999999999999988e-01 1.000000000000000000e+00
-1.099944999999999951e-01 1.000000000000000000e+02 3.399999999999999911e+00 -1.100000000000000006e-01 1.000000000000000000e+00
-1.119944000000000078e-01 1.000000000000000000e+02 3.399999999999999911e+00 -1.120000000000000023e-01 1.000000000000000000e+00
-1.139943000000000067e-01 1.000000000000000000e+02 3.399999999999999911e+00 -1.140000000000000041e-01 1.000000000000000000e+00
-1.159942000000000056e-01 1.000000000000000000e+02 3.399999999999999911e+00 -1.160000000000000059e-01 1.000000000000000000e+00
-1.179941000000000045e-01 1.000000000000000000e+02 3.399999999999999911e+00 -1.180000000000000077e-01 1.000000000000000000e+00
-1.199939999999999896e-01 1.000000000000000000e+02 3.399999999999999911e+00 -1.199999999999999956e-01 1.000000000000000000e+00
-1.219939000000000023e-01 1.000000000000000000e+02 3.399999999999999911e+00 -1.219999999999999973e-01 1.000000000000000000e+00
-1.239938000000000012e-01 1.000000000000000000e+02 3.399999999999999911e+00 -1.239999999999999991e-01 1.000000000000000000e+00
-1.259937000000000140e-01 1.000000000000000000e+02 3.399999999999999911e+00 -1.260000000000000009e-01 1.000000000000000000e+00
-1.279936000000000129e-01 1.000000000000000000e+02 3.399999999999999911e+00 -1.280000000000000027e-01 1.000000000000000000e+00
-1.299935000000000118e-01 1.000000000000000000e+02 3.399999999999999911e+00 -1.300000000000000044e-01 1.000000000000000000e+00
-1.319934000000000107e-01 1.000000000000000000e+02 3.399999999999999911e+00 -1.320000000000000062e-01 1.000000000000000000e+00
-1.339933000000000096e-01 1.000000000000000000e+02 3.399999999999999911e+00 -1.340000000000000080e-01 1.000000000000000000e+00
-1.359932000000000085e-01 1.000000000000000000e+02 3.399999999999999911e+00 -1.360000000000000098e-01 1.000000000000000000e+00
-1.379931000000000074e-01 1.000000000000000000e+02 3.399999999999999911e+00 -1.380000000000000115e-01 1.000000000000000000e+00
-1.399930000000000063e-01 1.000000000000000000e+02 3.399999999999999911e+00 -1.400000000000000133e-01 1.000000000000000000e+00
-1.419929000000000052e-01 1.000000000000000000e+02 3.399999999999999911e+00 -1.420000000000000151e-01 1.000000000000000000e+00
-1.439928000000000041e-01 1.000000000000000000e+02 3.399999999999999911e+00 -1.440000000000000169e-01 1.000000000000000000e+00
-1.459927000000000030e-01 1.000000000000000000e+02 3.399999999999999911e+00 -1.459999999999999909e-01 1.000000000000000000e+00
-1.479926000000000019e-01 1.000000000000000000e+02 3.399999999999999911e+00 -1.479999999999999927e-01 1.000000000000000000e+00
-1.499925000000000008e-01 1.000000000000000000e+02 3.399999999999999911e+00 -1.499999999999999944e-01 1.000000000000000000e+00
-1.519923999999999997e-01 1.000000000000000000e+02 3.399999999999999911e+00 -1.519999999999999962e-01 1.000000000000000000e+00
-1.539922999999999986e-01 1.000000000000000000e+02 3.399999999999999911e+00 -1.539999999999999980e-01 1.000000000000000000e+00
-1.559921999999999975e-01 1.000000000000000000e+02 3.399999999999999911e+00 -1.559999999999999998e-01 1.000000000000000000e+00
-1.579920999999999964e-01 1.000000000000000000e+02 3.399999999999999911e+00 -1.580000000000000016e-01 1.000000000000000000e+00
-1.599919999999999953e-01 1.000000000000000000e+02 3.399999999999999911e+00 -1.600000000000000033e-01 1.000000000000000000e+00
-1.619918999999999942e-01 1.000000000000000000e+02 3.399999999999999911e+00 -1.620000000000000051e-01 1.000000000000000000e+00
-1.639918000000000209e-01 1.000000000000000000e+02 3.399999999999999911e+00 -1.640000000000000069e-01 1.000000000000000000e+00
-1.659917000000000198e-01 1.000000000000000000e+02 3.399999999999999911e+00 -1.660000000000000087e-01 1.000000000000000000e+00
-1.679916000000000187e-01 1.000000000000000000e+02 3.399999999999999911e+00 -1.680000000000000104e-01 1.000000000000000000e+00
-1.699915000000000176e-01 1.000000000000000000e+02 3.399999999999999911e+00 -1.700000000000000122e-01 1.000000000000000000e+00
-1.719914000000000165e-01 1.000000000000000000e+02 3.399999999999999911e+00 -1.720000000000000140e-01 1.000000000000000000e+00
-1.739913000000000154e-01 1.000000000000000000e+02 3.399999999999999911e+00 -1.740000000000000158e-01 1.000000000000000000e+00
-1.759911999999999865e-01 1.000000000000000000e+02 3.399999999999999911e+00 -1.759999999999999898e-01 1.000000000000000000e+00
-1.779910999999999854e-01 1.000000000000000000e+02 3.399999999999999911e+00 -1.779999999999999916e-01 1.000000000000000000e+00
-1.799909999999999843e-01 1.000000000000000000e+02 3.399999999999999911e+00 -1.799999999999999933e-01 1.000000000000000000e+00
-1.819908999999999832e-01 1.000000000000000000e+02 3.399999999999999911e+00 -1.819999999999999951e-01 1.000000000000000000e+00
-1.839908000000000099e-01 1.000000000000000000e+02 3.399999999999999911e+00 -1.839999999999999969e-01 1.000000000000000000e+00
-1.859907000000000088e-01 1.000000000000000000e+02 3.399999999999999911e+00 -1.859999999999999987e-01 1.000000000000000000e+00
-1.879906000000000077e-01 1.000000000000000000e+02 3.399999999999999911e+00 -1.880000000000000004e-01 1.000000000000000000e+00
-1.899905000000000066e-01 1.000000000000000000e+02 3.399999999999999911e+00 -1.900000000000000022e-01 1.000000000000000000e+00
-1.919904000000000055e-01 1.000000000000000000e+02 3.399999999999999911e+00 -1.920000000000000040e-01 1.000000000000000000e+00
-1.939903000000000044e-01 1.000000000000000000e+02 3.399999999999999911e+00 -1.940000000000000058e-01 1.000000000000000000e+00
-1.959902000000000033e-01 1.000000000000000000e+02 3.399999999999999911e+00 -1.960000000000000075e-01 1.000000000000000000e+00
-1.979901000000000022e-01 1.000000000000000000e+02 3.399999999999999911e+00 -1.980000000000000093e-01 1.000000000000000000e+00
-1.999993750000000070e-01 4.000000000000000000e+02 8.499999999999999778e-01 -2.000000000000000111e-01 1.000000000000000000e+00
-2.019993687500000190e-01 4.000000000000000000e+02 8.499999999999999778e-01 -2.020000000000000129e-01 1.000000000000000000e+00
-2.039993625000000033e-01 4.000000000000000000e+02 8.499999999999999778e-01 -2.040000000000000147e-01 1.000000000000000000e+00
-2.059993562500000153e-01 4.000000000000000000e+02 8.499999999999999778e-01 -2.060000000000000164e-01 1.000000000000000000e+00
-2.079993500000000273e-01 4.000000000000000000e+02 8.499999999999999778e-01 -2.080000000000000182e-01 1.000000000000000000e+00
-2.099993437499999838e-01 4.000000000000000000e+02 8.499999999999999778e-01 -2.099999999999999922e-01 1.000000000000000000e+00
-2.119993374999999958e-01 4.000000000000000000e+02 8.499999999999999778e-01 -2.119999999999999940e-01 1.000000000000000000e+00
-2.139993312500000078e-01 4.000000000000000000e+02 8.499999999999999778e-01 -2.139999999999999958e-01 1.000000000000000000e+00
-2.159993249999999920e-01 4.000000000000000000e+02 8.499999999999999778e-01 -2.159999999999999976e-01 1.000000000000000000e+00
-2.179993187500000040e-01 4.000000000000000000e+02 8.499999999999999778e-01 -2.179999999999999993e-01 1.000000000000000000e+00
-2.199993125000000160e-01 4.000000000000000000e+02 8.499999999999999778e-01 -2.200000000000000011e-01 1.000000000000000000e+00
-2.219993062500000003e-01 4.000000000000000000e+02 8.499999999999999778e-01 -2.220000000000000029e-01 1.000000000000000000e+00
-2.239993000000000123e-01 4.000000000000000000e+02 8.499999999999999778e-01 -2.240000000000000047e-01 1.000000000000000000e+00
-2.259992937499999965e-01 4.000000000000000000e+02 8.499999999999999778e-01 -2.260000000000000064e-01 1.000000000000000000e+00
-2.279992875000000085e-01 4.000000000000000000e+02 8.499999999999999778e-01 -2.280000000000000082e-01 1.000000000000000000e+00
-2.299992812500000205e-01 4.000000000000000000e+02 8.499999999999999778e-01 -2.300000000000000100e-01 1.000000000000000000e+00
-2.319992750000000048e-01 4.000000000000000000e+02 8.499999999999999778e-01 -2.320000000000000118e-01 1.000000000000000000e+00
-2.339992687500000168e-01 4.000000000000000000e+02 8.499999999999999778e-01 -2.340000000000000135e-01 1.000000000000000000e+00
-2.359992625000000288e-01 4.000000000000000000e+02 8.499999999999999778e-01 -2.360000000000000153e-01 1.000000000000000000e+00
-2.379992562500000131e-01 4.000000000000000000e+02 8.499999999999999778e-01 -2.380000000000000171e-01 1.000000000000000000e+00
-2.399992499999999973e-01 4.000000000000000000e+02 8.499999999999999778e-01 -2.399999999999999911e-01 1.000000000000000000e+00
-2.419992437499999816e-01 4.000000000000000000e+02 8.499999999999999778e-01 -2.419999999999999929e-01 1.000000000000000000e+00
-2.439992374999999936e-01 4.000000000000000000e+02 8.499999999999999778e-01 -2.439999999999999947e-01 1.000000000000000000e+00
-2.459992312500000056e-01 4.000000000000000000e+02 8.499999999999999778e-01 -2.459999999999999964e-01 1.000000000000000000e+00
-2.479992249999999898e-01 4.000000000000000000e+02 8.499999999999999778e-01 -2.479999999999999982e-01 1.000000000000000000e+00
-2.499992187500000018e-01 4.000000000000000000e+02 8.499999999999999778e-01 -2.500000000000000000e-01 1.000000000000000000e+00
-2.519992125000000138e-01 4.000000000000000000e+02 8.499999999999999778e-01 -2.520000000000000018e-01 1.000000000000000000e+00
-2.539992062499999981e-01 4.000000000000000000e+02 8.499999999999999778e-01 -2.540000000000000036e-01 1.000000000000000000e+00
-2.559991999999999823e-01 4.000000000000000000e+02 8.499999999999999778e-01 -2.560000000000000053e-01 1.000000000000000000e+00
-2.579991937500000221e-01 4.000000000000000000e+02 8.499999999999999778e-01 -2.580000000000000071e-01 1.000000000000000000e+00
-2.599991875000000063e-01 4.000000000000000000e+02 8.499999999999999778e-01 -2.600000000000000089e-01 1.000000000000000000e+00
-2.619991812499999906e-01 4.000000000000000000e+02 8.499999999999999778e-01 -2.620000000000000107e-01 1.000000000000000000e+00
-2.639991750000000303e-01 4.000000000000000000e+02 8.499999999999999778e-01 -2.640000000000000124e-01 1.000000000000000000e+00
-2.659991687500000146e-01 4.000000000000000000e+02 8.499999999999999778e-01 -2.660000000000000142e-01 1.000000000000000000e+00
-2.679991624999999988e-01 4.000000000000000000e+02 8.499999999999999778e-01 -2.680000000000000160e-01 1.000000000000000000e+00
-2.699991562500000386e-01 4.000000000000000000e+02 8.499999999999999778e-01 -2.700000000000000178e-01 1.000000000000000000e+00
-2.719991500000000229e-01 4.000000000000000000e+02 8.499999999999999778e-01 -2.720000000000000195e-01 1.000000000000000000e+00
-2.739991437500000071e-01 4.000000000000000000e+02 8.499999999999999778e-01 -2.740000000000000213e-01 1.000000000000000000e+00
-2.759991375000000469e-01 4.000000000000000000e+02 8.499999999999999778e-01 -2.760000000000000231e-01 1.000000000000000000e+00
-2.779991312500000311e-01 4.000000000000000000e+02 8.499999999999999778e-01 -2.780000000000000249e-01 1.000000000000000000e+00
-2.799991250000000154e-01 4.000000000000000000e+02 8.499999999999999778e-01 -2.800000000000000266e-01 1.000000000000000000e+00
-2.819991187500000551e-01 4.000000000000000000e+02 8.499999999999999778e-01 -2.820000000000000284e-01 1.000000000000000000e+00
-2.839991125000000394e-01 4.000000000000000000e+02 8.499999999999999778e-01 -2.840000000000000302e-01 1.000000000000000000e+00
-2.859991062500000236e-01 4.000000000000000000e+02 8.499999999999999778e-01 -2.860000000000000320e-01 1.000000000000000000e+00
-2.879991000000000634e-01 4.000000000000000000e+02 8.499999999999999778e-01 -2.880000000000000338e-01 1.000000000000000000e+00
-2.899990937499999921e-01 4.000000000000000000e+02 8.499999999999999778e-01 -2.899999999999999800e-01 1.000000000000000000e+00
-2.919990874999999764e-01 4.000000000000000000e+02 8.499999999999999778e-01 -2.919999999999999818e-01 1.000000000000000000e+00
-2.939990812499999606e-01 4.000000000000000000e+02 8.499999999999999778e-01 -2.939999999999999836e-01 1.000000000000000000e+00
-2.959990750000000004e-01 4.000000000000000000e+02 8.499999999999999778e-01 -2.959999999999999853e-01 1.000000000000000000e+00
-2.979990687499999846e-01 4.000000000000000000e+02 8.499999999999999778e-01 -2.979999999999999871e-01 1.000000000000000000e+00
-2.999990624999999689e-01 4.000000000000000000e+02 8.499999999999999778e-01 -2.999999999999999889e-01 1.000000000000000000e+00
-3.019990562500000086e-01 4.000000000000000000e+02 8.499999999999999778e-01 -3.019999999999999907e-01 1.000000000000000000e+00
-3.039990499999999929e-01 4.000000000000000000e+02 8.499999999999999778e-01 -3.039999999999999925e-01 1.000000000000000000e+00
-3.059990437499999771e-01 4.000000000000000000e+02 8.499999999999999778e-01 -3.059999999999999942e-01 1.000000000000000000e+00
-3.079990375000000169e-01 4.000000000000000000e+02 8.499999999999999778e-01 -3.079999999999999960e-01 1.000000000000000000e+00
-3.099990312500000011e-01 4.000000000000000000e+02 8.499999999999999778e-01 -3.099999999999999978e-01 1.000000000000000000e+00
-3.119990249999999854e-01 4.000000000000000000e+02 8.499999999999999778e-01 -3.119999999999999996e-01 1.000000000000000000e+00
-3.139990187500000252e-01 4.000000000000000000e+02 8.499999999999999778e-01 -3.140000000000000013e-01 1.000000000000000000e+00
-3.159990125000000094e-01 4.000000000000000000e+02 8.499999999999999778e-01 -3.160000000000000031e-01 1.000000000000000000e+00
-3.179990062499999937e-01 4.000000000000000000e+02 8.499999999999999778e-01 -3.180000000000000049e-01 1.000000000000000000e+00
-3.199990000000000334e-01 4.000000000000000000e+02 8.499999999999999778e-01 -3.200000000000000067e-01 1.000000000000000000e+00
-3.219989937500000177e-01 4.000000000000000000e+02 8.499999999999999778e-01 -3.220000000000000084e-01 1.000000000000000000e+00
-3.239989875000000019e-01 4.000000000000000000e+02 8.499999999999999778e-01 -3.240000000000000102e-01 1.000000000000000000e+00
-3.259989812500000417e-01 4.000000000000000000e+02 8.499999999999999778e-01 -3.260000000000000120e-01 1.000000000000000000e+00
-3.279989750000000259e-01 4.000000000000000000e+02 8.499999999999999778e-01 -3.280000000000000138e-01 1.000000000000000000e+00
-3.299989687500000102e-01 4.000000000000000000e+02 8.499999999999999778e-01 -3.300000000000000155e-01 1.000000000000000000e+00
-3.319989624999999944e-01 4.000000000000000000e+02 8.499999999999999778e-01 -3.320000000000000173e-01 1.000000000000000000e+00
-3.339989562500000342e-01 4.000000000000000000e+02 8.499999999999999778e-01 -3.340000000000000191e-01 1.000000000000000000e+00
-3.359989500000000184e-01 4.000000000000000000e+02 8.499999999999999778e-01 -3.360000000000000209e-01 1.000000000000000000e+00
-3.379989437500000027e-01 4.000000000000000000e+02 8.499999999999999778e-01 -3.380000000000000226e-01 1.000000000000000000e+00
-3.399989375000000424e-01 4.000000000000000000e+02 8.499999999999999778e-01 -3.400000000000000244e-01 1.000000000000000000e+00
-3.419989312500000267e-01 4.000000000000000000e+02 8.499999999999999778e-01 -3.420000000000000262e-01 1.000000000000000000e+00
-3.439989250000000109e-01 4.000000000000000000e+02 8.499999999999999778e-01 -3.440000000000000280e-01 1.000000000000000000e+00
-3.459989187500000507e-01 4.000000000000000000e+02 8.499999999999999778e-01 -3.460000000000000298e-01 1.000000000000000000e+00
-3.479989125000000350e-01 4.000000000000000000e+02 8.499999999999999778e-01 -3.480000000000000315e-01 1.000000000000000000e+00
-3.499989062500000192e-01 4.000000000000000000e+02 8.499999999999999778e-01 -3.500000000000000333e-01 1.000000000000000000e+00
-3.519989000000000035e-01 4.000000000000000000e+02 8.499999999999999778e-01 -3.519999999999999796e-01 1.000000000000000000e+00
-3.539988937499999877e-01 4.000000000000000000e+02 8.499999999999999778e-01 -3.539999999999999813e-01 1.000000000000000000e+00
-3.559988874999999720e-01 4.000000000000000000e+02 8.499999999999999778e-01 -3.559999999999999831e-01 1.000000000000000000e+00
-3.579988812500000117e-01 4.000000000000000000e+02 8.499999999999999778e-01 -3.579999999999999849e-01 1.000000000000000000e+00
-3.599988749999999960e-01 4.000000000000000000e+02 8.499999999999999778e-01 -3.599999999999999867e-01 1.000000000000000000e+00
-3.619988687499999802e-01 4.000000000000000000e+02 8.499999999999999778e-01 -3.619999999999999885e-01 1.000000000000000000e+00
-3.639988625000000200e-01 4.000000000000000000e+02 8.499999999999999778e-01 -3.639999999999999902e-01 1.000000000000000000e+00
-3.659988562500000042e-01 4.000000000000000000e+02 8.499999999999999778e-01 -3.659999999999999920e-01 1.000000000000000000e+00
-3.679988499999999885e-01 4.000000000000000000e+02 8.499999999999999778e-01 -3.679999999999999938e-01 1.000000000000000000e+00
-3.699988437499999727e-01 4.000000000000000000e+02 8.499999999999999778e-01 -3.699999999999999956e-01 1.000000000000000000e+00
-3.719988375000000125e-01 4.000000000000000000e+02 8.499999999999999778e-01 -3.719999999999999973e-01 1.000000000000000000e+00
-3.739988312499999967e-01 4.000000000000000000e+02 8.499999999999999778e-01 -3.739999999999999991e-01 1.000000000000000000e+00
-3.759988249999999810e-01 4.000000000000000000e+02 8.499999999999999778e-01 -3.760000000000000009e-01 1.000000000000000000e+00
-3.779988187500000207e-01 4.000000000000000000e+02 8.499999999999999778e-01 -3.780000000000000027e-01 1.000000000000000000e+00
-3.799988125000000050e-01 4.000000000000000000e+02 8.499999999999999778e-01 -3.800000000000000044e-01 1.000000000000000000e+00
-3.819988062499999892e-01 4.000000000000000000e+02 8.499999999999999778e-01 -3.820000000000000062e-01 1.000000000000000000e+00
-3.839988000000000290e-01 4.000000000000000000e+02 8.499999999999999778e-01 -3.840000000000000080e-01 1.000000000000000000e+00
-3.859987937500000132e-01 4.000000000000000000e+02 8.499999999999999778e-01 -3.860000000000000098e-01 1.000000000000000000e+00
-3.879987874999999975e-01 4.000000000000000000e+02 8.499999999999999778e-01 -3.880000000000000115e-01 1.000000000000000000e+00
-3.899987812500000373e-01 4.000000000000000000e+02 8.499999999999999778e-01 -3.900000000000000133e-01 1.000000000000000000e+00
-3.919987750000000215e-01 4.000000000000000000e+02 8.499999999999999778e-01 -3.920000000000000151e-01 1.000000000000000000e+00
-3.939987687500000058e-01 4.000000000000000000e+02 8.499999999999999778e-01 -3.940000000000000169e-01 1.000000000000000000e+00
-3.959987625000000455e-01 4.000000000000000000e+02 8.499999999999999778e-01 -3.960000000000000187e-01 1.000000000000000000e+00
-3.979987562500000298e-01 4.000000000000000000e+02 8.499999999999999778e-01 -3.980000000000000204e-01 1.000000000000000000e+00
-3.999987500000000140e-01 4.000000000000000000e+02 8.499999999999999778e-01 -4.000000000000000222e-01 1.000000000000000000e+00
-4.019987437500000538e-01 4.000000000000000000e+02 8.499999999999999778e-01 -4.020000000000000240e-01 1.000000000000000000e+00
-4.039987375000000380e-01 4.000000000000000000e+02 8.499999999999999778e-01 -4.040000000000000258e-01 1.000000000000000000e+00
-4.059987312500000223e-01 4.000000000000000000e+02 8.499999999999999778e-01 -4.060000000000000275e-01 1.000000000000000000e+00
-4.079987250000000065e-01 4.000000000000000000e+02 8.499999999999999778e-01 -4.080000000000000293e-01 1.000000000000000000e+00
-4.099987187500000463e-01 4.000000000000000000e+02 8.499999999999999778e-01 -4.100000000000000311e-01 1.000000000000000000e+00
-4.119987125000000305e-01 4.000000000000000000e+02 8.499999999999999778e-01 -4.120000000000000329e-01 1.000000000000000000e+00
-4.139987062500000148e-01 4.000000000000000000e+02 8.499999999999999778e-01 -4.140000000000000346e-01 1.000000000000000000e+00
-4.159987000000000545e-01 4.000000000000000000e+02 8.499999999999999778e-01 -4.160000000000000364e-01 1.000000000000000000e+00
-4.179986937499999833e-01 4.000000000000000000e+02 8.499999999999999778e-01 -4.179999999999999827e-01 1.000000000000000000e+00
-4.199986874999999675e-01 4.000000000000000000e+02 8.499999999999999778e-01 -4.199999999999999845e-01 1.000000000000000000e+00
-4.219986812500000073e-01 4.000000000000000000e+02 8.499999999999999778e-01 -4.219999999999999862e-01 1.000000000000000000e+00
-4.239986749999999915e-01 4.000000000000000000e+02 8.499999999999999778e-01 -4.239999999999999880e-01 1.000000000000000000e+00
-4.259986687499999758e-01 4.000000000000000000e+02 8.499999999999999778e-01 -4.259999999999999898e-01 1.000000000000000000e+00
-4.279986625000000156e-01 4.000000000000000000e+02 8.499999999999999778e-01 -4.279999999999999916e-01 1.000000000000000000e+00
-4.299986562499999998e-01 4.000000000000000000e+02 8.499999999999999778e-01 -4.299999999999999933e-01 1.000000000000000000e+00
-4.319986499999999841e-01 4.000000000000000000e+02 8.499999999999999778e-01 -4.319999999999999951e-01 1.000000000000000000e+00
-4.339986437500000238e-01 4.000000000000000000e+02 8.499999999999999778e-01 -4.339999999999999969e-01 1.000000000000000000e+00
-4.359986375000000081e-01 4.000000000000000000e+02 8.499999999999999778e-01 -4.359999999999999987e-01 1.000000000000000000e+00
-4.379986312499999923e-01 4.000000000000000000e+02 8.499999999999999778e-01 -4.380000000000000004e-01 1.000000000000000000e+00
-4.399986250000000321e-01 4.000000000000000000e+02 8.499999999999999778e-01 -4.400000000000000022e-01 1.000000000000000000e+00
-4.419986187500000163e-01 4.000000000000000000e+02 8.499999999999999778e-01 -4.420000000000000040e-01 1.000000000000000000e+00
-4.439986125000000006e-01 4.000000000000000000e+02 8.499999999999999778e-01 -4.440000000000000058e-01 1.000000000000000000e+00
-4.459986062499999848e-01 4.000000000000000000e+02 8.499999999999999778e-01 -4.460000000000000075e-01 1.000000000000000000e+00
-4.479986000000000246e-01 4.000000000000000000e+02 8.499999999999999778e-01 -4.480000000000000093e-01 1.000000000000000000e+00
-4.499985937500000088e-01 4.000000000000000000e+02 8.499999999999999778e-01 -4.500000000000000111e-01 1.000000000000000000e+00
-4.519985874999999931e-01 4.000000000000000000e+02 8.499999999999999778e-01 -4.520000000000000129e-01 1.000000000000000000e+00
-4.539985812500000328e-01 4.000000000000000000e+02 8.499999999999999778e-01 -4.540000000000000147e-01 1.000000000000000000e+00
-4.559985750000000171e-01 4.000000000000000000e+02 8.499999999999999778e-01 -4.560000000000000164e-01 1.000000000000000000e+00
-4.579985687500000013e-01 4.000000000000000000e+02 8.499999999999999778e-01 -4.580000000000000182e-01 1.000000000000000000e+00
-4.599985625000000411e-01 4.000000000000000000e+02 8.499999999999999778e-01 -4.600000000000000200e-01 1.000000000000000000e+00
-4.619985562500000253e-01 4.000000000000000000e+02 8.499999999999999778e-01 -4.620000000000000218e-01 1.000000000000000000e+00
-4.639985500000000096e-01 4.000000000000000000e+02 8.499999999999999778e-01 -4.640000000000000235e-01 1.000000000000000000e+00
-4.659985437500000494e-01 4.000000000000000000e+02 8.499999999999999778e-01 -4.660000000000000253e-01 1.000000000000000000e+00
-4.679985375000000336e-01 4.000000000000000000e+02 8.499999999999999778e-01 -4.680000000000000271e-01 1.000000000000000000e+00
-4.699985312500000179e-01 4.000000000000000000e+02 8.499999999999999778e-01 -4.700000000000000289e-01 1.000000000000000000e+00
-4.719985250000000576e-01 4.000000000000000000e+02 8.499999999999999778e-01 -4.720000000000000306e-01 1.000000000000000000e+00
-4.739985187500000419e-01 4.000000000000000000e+02 8.499999999999999778e-01 -4.740000000000000324e-01 1.000000000000000000e+00
-4.759985125000000261e-01 4.000000000000000000e+02 8.499999999999999778e-01 -4.760000000000000342e-01 1.000000000000000000e+00
-4.779985062500000659e-01 4.000000000000000000e+02 8.499999999999999778e-01 -4.780000000000000360e-01 1.000000000000000000e+00
-4.799984999999999946e-01 4.000000000000000000e+02 8.499999999999999778e-01 -4.799999999999999822e-01 1.000000000000000000e+00
-4.819984937499999789e-01 4.000000000000000000e+02 8.499999999999999778e-01 -4.819999999999999840e-01 1.000000000000000000e+00
-4.839984874999999631e-01 4.000000000000000000e+02 8.499999999999999778e-01 -4.839999999999999858e-01 1.000000000000000000e+00
-4.859984812500000029e-01 4.000000000000000000e+02 8.499999999999999778e-01 -4.859999999999999876e-01 1.000000000000000000e+00
-4.879984749999999871e-01 4.000000000000000000e+02 8.499999999999999778e-01 -4.879999999999999893e-01 1.000000000000000000e+00
-4.899984687499999714e-01 4.000000000000000000e+02 8.499999999999999778e-01 -4.899999999999999911e-01 1.000000000000000000e+00
-4.919984625000000111e-01 4.000000000000000000e+02 8.499999999999999778e-01 -4.919999999999999929e-01 1.000000000000000000e+00
-4.939984562499999954e-01 4.000000000000000000e+02 8.499999999999999778e-01 -4.939999999999999947e-01 1.000000000000000000e+00
-4.959984499999999796e-01 4.000000000000000000e+02 8.499999999999999778e-01 -4.959999999999999964e-01 1.000000000000000000e+00
-4.979984437500000194e-01 4.000000000000000000e+02 8.499999999999999778e-01 -4.979999999999999982e-01 1.000000000000000000e+00
-4.999984375000000036e-01 4.000000000000000000e+02 8.499999999999999778e-01 -5.000000000000000000e-01 1.000000000000000000e+00
-5.019984312499999879e-01 4.000000000000000000e+02 8.499999999999999778e-01 -5.020000000000000018e-01 1.000000000000000000e+00
-5.039984250000000277e-01 4.000000000000000000e+02 8.499999999999999778e-01 -5.040000000000000036e-01 1.000000000000000000e+00
-5.059984187499999564e-01 4.000000000000000000e+02 8.499999999999999778e-01 -5.060000000000000053e-01 1.000000000000000000e+00
-5.079984124999999962e-01 4.000000000000000000e+02 8.499999999999999778e-01 -5.080000000000000071e-01 1.000000000000000000e+00
-5.099984062500000359e-01 4.000000000000000000e+02 8.499999999999999778e-01 -5.100000000000000089e-01 1.000000000000000000e+00
-5.119983999999999646e-01 4.000000000000000000e+02 8.499999999999999778e-01 -5.120000000000000107e-01 1.000000000000000000e+00
-5.139983937500000044e-01 4.000000000000000000e+02 8.499999999999999778e-01 -5.140000000000000124e-01 1.000000000000000000e+00
-5.159983875000000442e-01 4.000000000000000000e+02 8.499999999999999778e-01 -5.160000000000000142e-01 1.000000000000000000e+00
-5.179983812499999729e-01 4.000000000000000000e+02 8.499999999999999778e-01 -5.180000000000000160e-01 1.000000000000000000e+00
-5.199983750000000127e-01 4.000000000000000000e+02 8.499999999999999778e-01 -5.200000000000000178e-01 1.000000000000000000e+00
-5.219983687500000524e-01 4.000000000000000000e+02 8.499999999999999778e-01 -5.220000000000000195e-01 1.000000000000000000e+00
-5.239983624999999812e-01 4.000000000000000000e+02 8.499999999999999778e-01 -5.240000000000000213e-01 1.000000000000000000e+00
-5.259983562500000209e-01 4.000000000000000000e+02 8.499999999999999778e-01 -5.260000000000000231e-01 1.000000000000000000e+00
-5.279983500000000607e-01 4.000000000000000000e+02 8.499999999999999778e-01 -5.280000000000000249e-01 1.000000000000000000e+00
-5.299983437499999894e-01 4.000000000000000000e+02 8.499999999999999778e-01 -5.300000000000000266e-01 1.000000000000000000e+00
-5.319983375000000292e-01 4.000000000000000000e+02 8.499999999999999778e-01 -5.320000000000000284e-01 1.000000000000000000e+00
-5.339983312500000689e-01 4.000000000000000000e+02 8.499999999999999778e-01 -5.340000000000000302e-01 1.000000000000000000e+00
-5.359983249999999977e-01 4.000000000000000000e+02 8.499999999999999778e-01 -5.360000000000000320e-01 1.000000000000000000e+00
-5.379983187500000374e-01 4.000000000000000000e+02 8.499999999999999778e-01 -5.380000000000000338e-01 1.000000000000000000e+00
-5.399983125000000772e-01 4.000000000000000000e+02 8.499999999999999778e-01 -5.400000000000000355e-01 1.000000000000000000e+00
-5.419983062500000059e-01 4.000000000000000000e+02 8.499999999999999778e-01 -5.420000000000000373e-01 1.000000000000000000e+00
-5.439983000000000457e-01 4.000000000000000000e+02 8.499999999999999778e-01 -5.440000000000000391e-01 1.000000000000000000e+00
-5.459982937500000855e-01 4.000000000000000000e+02 8.499999999999999778e-01 -5.460000000000000409e-01 1.000000000000000000e+00
-5.479982875000000142e-01 4.000000000000000000e+02 8.499999999999999778e-01 -5.480000000000000426e-01 1.000000000000000000e+00
-5.499982812500000540e-01 4.000000000000000000e+02 8.499999999999999778e-01 -5.500000000000000444e-01 1.000000000000000000e+00
-5.519982750000000937e-01 4.000000000000000000e+02 8.499999999999999778e-01 -5.520000000000000462e-01 1.000000000000000000e+00
-5.539982687500000225e-01 4.000000000000000000e+02 8.499999999999999778e-01 -5.540000000000000480e-01 1.000000000000000000e+00
-5.559982625000000622e-01 4.000000000000000000e+02 8.499999999999999778e-01 -5.560000000000000497e-01 1.000000000000000000e+00
-5.579982562500001020e-01 4.000000000000000000e+02 8.499999999999999778e-01 -5.580000000000000515e-01 1.000000000000000000e+00
-5.599982500000000307e-01 4.000000000000000000e+02 8.499999999999999778e-01 -5.600000000000000533e-01 1.000000000000000000e+00
-5.619982437500000705e-01 4.000000000000000000e+02 8.499999999999999778e-01 -5.620000000000000551e-01 1.000000000000000000e+00
-5.639982375000001102e-01 4.000000000000000000e+02 8.499999999999999778e-01 -5.640000000000000568e-01 1.000000000000000000e+00
-5.659982312500000390e-01 4.000000000000000000e+02 8.499999999999999778e-01 -5.660000000000000586e-01 1.000000000000000000e+00
-5.679982250000000787e-01 4.000000000000000000e+02 8.499999999999999778e-01 -5.680000000000000604e-01 1.000000000000000000e+00
-5.699982187500001185e-01 4.000000000000000000e+02 8.499999999999999778e-01 -5.700000000000000622e-01 1.000000000000000000e+00
-5.719982125000000472e-01 4.000000000000000000e+02 8.499999999999999778e-01 -5.720000000000000639e-01 1.000000000000000000e+00
-5.739982062500000870e-01 4.000000000000000000e+02 8.499999999999999778e-01 -5.740000000000000657e-01 1.000000000000000000e+00
-5.759982000000001268e-01 4.000000000000000000e+02 8.499999999999999778e-01 -5.760000000000000675e-01 1.000000000000000000e+00
-5.779981937499999445e-01 4.000000000000000000e+02 8.499999999999999778e-01 -5.779999999999999583e-01 1.000000000000000000e+00
-5.799981874999999842e-01 4.000000000000000000e+02 8.499999999999999778e-01 -5.799999999999999600e-01 1.000000000000000000e+00
-5.819981812499999130e-01 4.000000000000000000e+02 8.499999999999999778e-01 -5.819999999999999618e-01 1.000000000000000000e+00
-5.839981749999999527e-01 4.000000000000000000e+02 8.499999999999999778e-01 -5.839999999999999636e-01 1.000000000000000000e+00
-5.859981687499999925e-01 4.000000000000000000e+02 8.499999999999999778e-01 -5.859999999999999654e-01 1.000000000000000000e+00
-5.879981624999999212e-01 4.000000000000000000e+02 8.499999999999999778e-01 -5.879999999999999671e-01 1.000000000000000000e+00
-5.899981562499999610e-01 4.000000000000000000e+02 8.499999999999999778e-01 -5.899999999999999689e-01 1.000000000000000000e+00
-5.919981500000000008e-01 4.000000000000000000e+02 8.499999999999999778e-01 -5.919999999999999707e-01 1.000000000000000000e+00
-5.939981437499999295e-01 4.000000000000000000e+02 8.499999999999999778e-01 -5.939999999999999725e-01 1.000000000000000000e+00
-5.959981374999999693e-01 4.000000000000000000e+02 8.499999999999999778e-01 -5.959999999999999742e-01 1.000000000000000000e+00
-5.979981312500000090e-01 4.000000000000000000e+02 8.499999999999999778e-01 -5.979999999999999760e-01 1.000000000000000000e+00
-5.999981249999999378e-01 4.000000000000000000e+02 8.499999999999999778e-01 -5.999999999999999778e-01 1.000000000000000000e+00
-6.019981187499999775e-01 4.000000000000000000e+02 8.499999999999999778e-01 -6.019999999999999796e-01 1.000000000000000000e+00
-6.039981125000000173e-01 4.000000000000000000e+02 8.499999999999999778e-01 -6.039999999999999813e-01 1.000000000000000000e+00
-6.059981062499999460e-01 4.000000000000000000e+02 8.499999999999999778e-01 -6.059999999999999831e-01 1.000000000000000000e+00
-6.079980999999999858e-01 4.000000000000000000e+02 8.499999999999999778e-01 -6.079999999999999849e-01 1.000000000000000000e+00
-6.099980937500000255e-01 4.000000000000000000e+02 8.499999999999999778e-01 -6.099999999999999867e-01 1.000000000000000000e+00
-6.119980874999999543e-01 4.000000000000000000e+02 8.499999999999999778e-01 -6.119999999999999885e-01 1.000000000000000000e+00
-6.139980812499999940e-01 4.000000000000000000e+02 8.499999999999999778e-01 -6.139999999999999902e-01 1.000000000000000000e+00
-6.159980750000000338e-01 4.000000000000000000e+02 8.499999999999999778e-01 -6.159999999999999920e-01 1.000000000000000000e+00
-6.179980687499999625e-01 4.000000000000000000e+02 8.499999999999999778e-01 -6.179999999999999938e-01 1.000000000000000000e+00
-6.199980625000000023e-01 4.000000000000000000e+02 8.499999999999999778e-01 -6.199999999999999956e-01 1.000000000000000000e+00
-6.219980562500000421e-01 4.000000000000000000e+02 8.499999999999999778e-01 -6.219999999999999973e-01 1.000000000000000000e+00
-6.239980499999999708e-01 4.000000000000000000e+02 8.499999999999999778e-01 -6.239999999999999991e-01 1.000000000000000000e+00
-6.259980437500000106e-01 4.000000000000000000e+02 8.499999999999999778e-01 -6.260000000000000009e-01 1.000000000000000000e+00
-6.279980375000000503e-01 4.000000000000000000e+02 8.499999999999999778e-01 -6.280000000000000027e-01 1.000000000000000000e+00
-6.299980312499999791e-01 4.000000000000000000e+02 8.499999999999999778e-01 -6.300000000000000044e-01 1.000000000000000000e+00
-6.319980250000000188e-01 4.000000000000000000e+02 8.499999999999999778e-01 -6.320000000000000062e-01 1.000000000000000000e+00
-6.339980187500000586e-01 4.000000000000000000e+02 8.499999999999999778e-01 -6.340000000000000080e-01 1.000000000000000000e+00
-6.359980124999999873e-01 4.000000000000000000e+02 8.499999999999999778e-01 -6.360000000000000098e-01 1.000000000000000000e+00
-6.379980062500000271e-01 4.000000000000000000e+02 8.499999999999999778e-01 -6.380000000000000115e-01 1.000000000000000000e+00
-6.399980000000000668e-01 4.000000000000000000e+02 8.499999999999999778e-01 -6.400000000000000133e-01 1.000000000000000000e+00
-6.419979937499999956e-01 4.000000000000000000e+02 8.499999999999999778e-01 -6.420000000000000151e-01 1.000000000000000000e+00
-6.439979875000000353e-01 4.000000000000000000e+02 8.499999999999999778e-01 -6.440000000000000169e-01 1.000000000000000000e+00
-6.459979812500000751e-01 4.000000000000000000e+02 8.499999999999999778e-01 -6.460000000000000187e-01 1.000000000000000000e+00
-6.479979750000000038e-01 4.000000000000000000e+02 8.499999999999999778e-01 -6.480000000000000204e-01 1.000000000000000000e+00
-6.499979687500000436e-01 4.000000000000000000e+02 8.499999999999999778e-01 -6.500000000000000222e-01 1.000000000000000000e+00
-6.519979625000000834e-01 4.000000000000000000e+02 8.499999999999999778e-01 -6.520000000000000240e-01 1.000000000000000000e+00
-6.539979562500000121e-01 4.000000000000000000e+02 8.499999999999999778e-01 -6.540000000000000258e-01 1.000000000000000000e+00
-6.559979500000000519e-01 4.000000000000000000e+02 8.499999999999999778e-01 -6.560000000000000275e-01 1.000000000000000000e+00
-6.579979437499999806e-01 4.000000000000000000e+02 8.499999999999999778e-01 -6.580000000000000293e-01 1.000000000000000000e+00
-6.599979375000000203e-01 4.000000000000000000e+02 8.499999999999999778e-01 -6.600000000000000311e-01 1.000000000000000000e+00
-6.619979312500000601e-01 4.000000000000000000e+02 8.499999999999999778e-01 -6.620000000000000329e-01 1.000000000000000000e+00
-6.639979249999999888e-01 4.000000000000000000e+02 8.499999999999999778e-01 -6.640000000000000346e-01 1.000000000000000000e+00
-6.659979187500000286e-01 4.000000000000000000e+02 8.499999999999999778e-01 -6.660000000000000364e-01 1.000000000000000000e+00
-6.679979125000000684e-01 4.000000000000000000e+02 8.499999999999999778e-01 -6.680000000000000382e-01 1.000000000000000000e+00
-6.699979062499999971e-01 4.000000000000000000e+02 8.499999999999999778e-01 -6.700000000000000400e-01 1.000000000000000000e+00
-6.719979000000000369e-01 4.000000000000000000e+02 8.499999999999999778e-01 -6.720000000000000417e-01 1.000000000000000000e+00
-6.739978937500000766e-01 4.000000000000000000e+02 8.499999999999999778e-01 -6.740000000000000435e-01 1.000000000000000000e+00
-6.759978875000000054e-01 4.000000000000000000e+02 8.499999999999999778e-01 -6.760000000000000453e-01 1.000000000000000000e+00
-6.779978812500000451e-01 4.000000000000000000e+02 8.499999999999999778e-01 -6.780000000000000471e-01 1.000000000000000000e+00
-6.799978750000000849e-01 4.000000000000000000e+02 8.499999999999999778e-01 -6.800000000000000488e-01 1.000000000000000000e+00
-6.819978687500000136e-01 4.000000000000000000e+02 8.499999999999999778e-01 -6.820000000000000506e-01 1.000000000000000000e+00
-6.839978625000000534e-01 4.000000000000000000e+02 8.499999999999999778e-01 -6.840000000000000524e-01 1.000000000000000000e+00
-6.859978562500000931e-01 4.000000000000000000e+02 8.499999999999999778e-01 -6.860000000000000542e-01 1.000000000000000000e+00
-6.879978500000000219e-01 4.000000000000000000e+02 8.499999999999999778e-01 -6.880000000000000560e-01 1.000000000000000000e+00
-6.899978437500000616e-01 4.000000000000000000e+02 8.499999999999999778e-01 -6.900000000000000577e-01 1.000000000000000000e+00
-6.919978375000001014e-01 4.000000000000000000e+02 8.499999999999999778e-01 -6.920000000000000595e-01 1.000000000000000000e+00
-6.939978312500000301e-01 4.000000000000000000e+02 8.499999999999999778e-01 -6.940000000000000613e-01 1.000000000000000000e+00
-6.959978250000000699e-01 4.000000000000000000e+02 8.499999999999999778e-01 -6.960000000000000631e-01 1.000000000000000000e+00
-6.979978187500001097e-01 4.000000000000000000e+02 8.499999999999999778e-01 -6.980000000000000648e-01 1.000000000000000000e+00
-6.999978125000000384e-01 4.000000000000000000e+02 8.499999999999999778e-01 -7.000000000000000666e-01 1.000000000000000000e+00
-7.019978062500000782e-01 4.000000000000000000e+02 8.499999999999999778e-01 -7.020000000000000684e-01 1.000000000000000000e+00
-7.039978000000000069e-01 4.000000000000000000e+02 8.499999999999999778e-01 -7.039999999999999591e-01 1.000000000000000000e+00
-7.059977937499999356e-01 4.000000000000000000e+02 8.499999999999999778e-01 -7.059999999999999609e-01 1.000000000000000000e+00
-7.079977874999999754e-01 4.000000000000000000e+02 8.499999999999999778e-01 -7.079999999999999627e-01 1.000000000000000000e+00
-7.099977812500000152e-01 4.000000000000000000e+02 8.499999999999999778e-01 -7.099999999999999645e-01 1.000000000000000000e+00
-7.119977749999999439e-01 4.000000000000000000e+02 8.499999999999999778e-01 -7.119999999999999662e-01 1.000000000000000000e+00
-7.139977687499999837e-01 4.000000000000000000e+02 8.499999999999999778e-01 -7.139999999999999680e-01 1.000000000000000000e+00
-7.159977625000000234e-01 4.000000000000000000e+02 8.499999999999999778e-01 -7.159999999999999698e-01 1.000000000000000000e+00
-7.179977562499999522e-01 4.000000000000000000e+02 8.499999999999999778e-01 -7.179999999999999716e-01 1.000000000000000000e+00
-7.199977499999999919e-01 4.000000000000000000e+02 8.499999999999999778e-01 -7.199999999999999734e-01 1.000000000000000000e+00
-7.219977437500000317e-01 4.000000000000000000e+02 8.499999999999999778e-01 -7.219999999999999751e-01 1.000000000000000000e+00
-7.239977374999999604e-01 4.000000000000000000e+02 8.499999999999999778e-01 -7.239999999999999769e-01 1.000000000000000000e+00
-7.259977312500000002e-01 4.000000000000000000e+02 8.499999999999999778e-01 -7.259999999999999787e-01 1.000000000000000000e+00
-7.279977250000000399e-01 4.000000000000000000e+02 8.499999999999999778e-01 -7.279999999999999805e-01 1.000000000000000000e+00
-7.299977187499999687e-01 4.000000000000000000e+02 8.499999999999999778e-01 -7.299999999999999822e-01 1.000000000000000000e+00
-7.319977125000000084e-01 4.000000000000000000e+02 8.499999999999999778e-01 -7.319999999999999840e-01 1.000000000000000000e+00
-7.339977062499999372e-01 4.000000000000000000e+02 8.499999999999999778e-01 -7.339999999999999858e-01 1.000000000000000000e+00
-7.359976999999999769e-01 4.000000000000000000e+02 8.499999999999999778e-01 -7.359999999999999876e-01 1.000000000000000000e+00
-7.379976937500000167e-01 4.000000000000000000e+02 8.499999999999999778e-01 -7.379999999999999893e-01 1.000000000000000000e+00
-7.399976874999999454e-01 4.000000000000000000e+02 8.499999999999999778e-01 -7.399999999999999911e-01 1.000000000000000000e+00
-7.419976812499999852e-01 4.000000000000000000e+02 8.499999999999999778e-01 -7.419999999999999929e-01 1.000000000000000000e+00
-7.439976750000000250e-01 4.000000000000000000e+02 8.499999999999999778e-01 -7.439999999999999947e-01 1.000000000000000000e+00
-7.459976687499999537e-01 4.000000000000000000e+02 8.499999999999999778e-01 -7.459999999999999964e-01 1.000000000000000000e+00
-7.479976624999999935e-01 4.000000000000000000e+02 8.499999999999999778e-01 -7.479999999999999982e-01 1.000000000000000000e+00
-7.499976562500000332e-01 4.000000000000000000e+02 8.499999999999999778e-01 -7.500000000000000000e-01 1.000000000000000000e+00
-7.519976499999999620e-01 4.000000000000000000e+02 8.499999999999999778e-01 -7.520000000000000018e-01 1.000000000000000000e+00
-7.539976437500000017e-01 4.000000000000000000e+02 8.499999999999999778e-01 -7.540000000000000036e-01 1.000000000000000000e+00
-7.559976375000000415e-01 4.000000000000000000e+02 8.499999999999999778e-01 -7.560000000000000053e-01 1.000000000000000000e+00
-7.579976312499999702e-01 4.000000000000000000e+02 8.499999999999999778e-01 -7.580000000000000071e-01 1.000000000000000000e+00
-7.599976250000000100e-01 4.000000000000000000e+02 8.499999999999999778e-01 -7.600000000000000089e-01 1.000000000000000000e+00
-7.619976187500000497e-01 4.000000000000000000e+02 8.499999999999999778e-01 -7.620000000000000107e-01 1.000000000000000000e+00
-7.639976124999999785e-01 4.000000000000000000e+02 8.499999999999999778e-01 -7.640000000000000124e-01 1.000000000000000000e+00
-7.659976062500000182e-01 4.000000000000000000e+02 8.499999999999999778e-01 -7.660000000000000142e-01 1.000000000000000000e+00
-7.679976000000000580e-01 4.000000000000000000e+02 8.499999999999999778e-01 -7.680000000000000160e-01 1.000000000000000000e+00
-7.699975937499999867e-01 4.000000000000000000e+02 8.499999999999999778e-01 -7.700000000000000178e-01 1.000000000000000000e+00
-7.719975875000000265e-01 4.000000000000000000e+02 8.499999999999999778e-01 -7.720000000000000195e-01 1.000000000000000000e+00
-7.739975812500000663e-01 4.000000000000000000e+02 8.499999999999999778e-01 -7.740000000000000213e-01 1.000000000000000000e+00
-7.759975749999999950e-01 4.000000000000000000e+02 8.499999999999999778e-01 -7.760000000000000231e-01 1.000000000000000000e+00
-7.779975687500000348e-01 4.000000000000000000e+02 8.499999999999999778e-01 -7.780000000000000249e-01 1.000000000000000000e+00
-7.799975625000000745e-01 4.000000000000000000e+02 8.499999999999999778e-01 -7.800000000000000266e-01 1.000000000000000000e+00
-7.819975562500000033e-01 4.000000000000000000e+02 8.499999999999999778e-01 -7.820000000000000284e-01 1.000000000000000000e+00
-7.839975500000000430e-01 4.000000000000000000e+02 8.499999999999999778e-01 -7.840000000000000302e-01 1.000000000000000000e+00
-7.859975437500000828e-01 4.000000000000000000e+02 8.499999999999999778e-01 -7.860000000000000320e-01 1.000000000000000000e+00
-7.879975375000000115e-01 4.000000000000000000e+02 8.499999999999999778e-01 -7.880000000000000338e-01 1.000000000000000000e+00
-7.899975312500000513e-01 4.000000000000000000e+02 8.499999999999999778e-01 -7.900000000000000355e-01 1.000000000000000000e+00
-7.919975250000000910e-01 4.000000000000000000e+02 8.499999999999999778e-01 -7.920000000000000373e-01 1.000000000000000000e+00
-7.939975187500000198e-01 4.000000000000000000e+02 8.499999999999999778e-01 -7.940000000000000391e-01 1.000000000000000000e+00
-7.959975125000000595e-01 4.000000000000000000e+02 8.499999999999999778e-01 -7.960000000000000409e-01 1.000000000000000000e+00
-7.979975062500000993e-01 4.000000000000000000e+02 8.499999999999999778e-01 -7.980000000000000426e-01 1.000000000000000000e+00
-7.999975000000000280e-01 4.000000000000000000e+02 8.499999999999999778e-01 -8.000000000000000444e-01 1.000000000000000000e+00
-8.019974937500000678e-01 4.000000000000000000e+02 8.499999999999999778e-01 -8.020000000000000462e-01 1.000000000000000000e+00
-8.039974875000001076e-01 4.000000000000000000e+02 8.499999999999999778e-01 -8.040000000000000480e-01 1.000000000000000000e+00
-8.059974812500000363e-01 4.000000000000000000e+02 8.499999999999999778e-01 -8.060000000000000497e-01 1.000000000000000000e+00
-8.079974750000000761e-01 4.000000000000000000e+02 8.499999999999999778e-01 -8.080000000000000515e-01 1.000000000000000000e+00
-8.099974687500000048e-01 4.000000000000000000e+02 8.499999999999999778e-01 -8.100000000000000533e-01 1.000000000000000000e+00
-8.119974625000000445e-01 4.000000000000000000e+02 8.499999999999999778e-01 -8.120000000000000551e-01 1.000000000000000000e+00
-8.139974562500000843e-01 4.000000000000000000e+02 8.499999999999999778e-01 -8.140000000000000568e-01 1.000000000000000000e+00
-8.159974500000000130e-01 4.000000000000000000e+02 8.499999999999999778e-01 -8.160000000000000586e-01 1.000000000000000000e+00
-8.179974437500000528e-01 4.000000000000000000e+02 8.499999999999999778e-01 -8.180000000000000604e-01 1.000000000000000000e+00
-8.199974375000000926e-01 4.000000000000000000e+02 8.499999999999999778e-01 -8.200000000000000622e-01 1.000000000000000000e+00
-8.219974312500000213e-01 4.000000000000000000e+02 8.499999999999999778e-01 -8.220000000000000639e-01 1.000000000000000000e+00
-8.239974250000000611e-01 4.000000000000000000e+02 8.499999999999999778e-01 -8.240000000000000657e-01 1.000000000000000000e+00
-8.259974187500001008e-01 4.000000000000000000e+02 8.499999999999999778e-01 -8.260000000000000675e-01 1.000000000000000000e+00
-8.279974125000000296e-01 4.000000000000000000e+02 8.499999999999999778e-01 -8.280000000000000693e-01 1.000000000000000000e+00
-8.299974062500000693e-01 4.000000000000000000e+02 8.499999999999999778e-01 -8.300000000000000711e-01 1.000000000000000000e+00
-8.319974000000001091e-01 4.000000000000000000e+02 8.499999999999999778e-01 -8.320000000000000728e-01 1.000000000000000000e+00
-8.339973937499999268e-01 4.000000000000000000e+02 8.499999999999999778e-01 -8.339999999999999636e-01 1.000000000000000000e+00
-8.359973874999999666e-01 4.000000000000000000e+02 8.499999999999999778e-01 -8.359999999999999654e-01 1.000000000000000000e+00
-8.379973812500000063e-01 4.000000000000000000e+02 8.499999999999999778e-01 -8.379999999999999671e-01 1.000000000000000000e+00
-8.399973749999999351e-01 4.000000000000000000e+02 8.499999999999999778e-01 -8.399999999999999689e-01 1.000000000000000000e+00
-8.419973687499999748e-01 4.000000000000000000e+02 8.499999999999999778e-01 -8.419999999999999707e-01 1.000000000000000000e+00
-8.439973625000000146e-01 4.000000000000000000e+02 8.499999999999999778e-01 -8.439999999999999725e-01 1.000000000000000000e+00
-8.459973562499999433e-01 4.000000000000000000e+02 8.499999999999999778e-01 -8.459999999999999742e-01 1.000000000000000000e+00
-8.479973499999999831e-01 4.000000000000000000e+02 8.499999999999999778e-01 -8.479999999999999760e-01 1.000000000000000000e+00
-8.499973437500000228e-01 4.000000000000000000e+02 8.499999999999999778e-01 -8.499999999999999778e-01 1.000000000000000000e+00
-8.519973374999999516e-01 4.000000000000000000e+02 8.499999999999999778e-01 -8.519999999999999796e-01 1.000000000000000000e+00
-8.539973312499999913e-01 4.000000000000000000e+02 8.499999999999999778e-01 -8.539999999999999813e-01 1.000000000000000000e+00
-8.559973250000000311e-01 4.000000000000000000e+02 8.499999999999999778e-01 -8.559999999999999831e-01 1.000000000000000000e+00
-8.579973187499999598e-01 4.000000000000000000e+02 8.499999999999999778e-01 -8.579999999999999849e-01 1.000000000000000000e+00
-8.599973124999999996e-01 4.000000000000000000e+02 8.499999999999999778e-01 -8.599999999999999867e-01 1.000000000000000000e+00
-8.619973062500000394e-01 4.000000000000000000e+02 8.499999999999999778e-01 -8.619999999999999885e-01 1.000000000000000000e+00
-8.639972999999999681e-01 4.000000000000000000e+02 8.499999999999999778e-01 -8.639999999999999902e-01 1.000000000000000000e+00
-8.659972937500000079e-01 4.000000000000000000e+02 8.499999999999999778e-01 -8.659999999999999920e-01 1.000000000000000000e+00
-8.679972875000000476e-01 4.000000000000000000e+02 8.499999999999999778e-01 -8.679999999999999938e-01 1.000000000000000000e+00
-8.699972812499999764e-01 4.000000000000000000e+02 8.499999999999999778e-01 -8.699999999999999956e-01 1.000000000000000000e+00
-8.719972750000000161e-01 4.000000000000000000e+02 8.499999999999999778e-01 -8.719999999999999973e-01 1.000000000000000000e+00
-8.739972687500000559e-01 4.000000000000000000e+02 8.499999999999999778e-01 -8.739999999999999991e-01 1.000000000000000000e+00
-8.759972624999999846e-01 4.000000000000000000e+02 8.499999999999999778e-01 -8.760000000000000009e-01 1.000000000000000000e+00
-8.779972562500000244e-01 4.000000000000000000e+02 8.499999999999999778e-01 -8.780000000000000027e-01 1.000000000000000000e+00
-8.799972500000000641e-01 4.000000000000000000e+02 8.499999999999999778e-01 -8.800000000000000044e-01 1.000000000000000000e+00
-8.819972437499999929e-01 4.000000000000000000e+02 8.499999999999999778e-01 -8.820000000000000062e-01 1.000000000000000000e+00
-8.839972375000000326e-01 4.000000000000000000e+02 8.499999999999999778e-01 -8.840000000000000080e-01 1.000000000000000000e+00
-8.859972312499999614e-01 4.000000000000000000e+02 8.499999999999999778e-01 -8.860000000000000098e-01 1.000000000000000000e+00
-8.879972250000000011e-01 4.000000000000000000e+02 8.499999999999999778e-01 -8.880000000000000115e-01 1.000000000000000000e+00
-8.899972187500000409e-01 4.000000000000000000e+02 8.499999999999999778e-01 -8.900000000000000133e-01 1.000000000000000000e+00
-8.919972124999999696e-01 4.000000000000000000e+02 8.499999999999999778e-01 -8.920000000000000151e-01 1.000000000000000000e+00
-8.939972062500000094e-01 4.000000000000000000e+02 8.499999999999999778e-01 -8.940000000000000169e-01 1.000000000000000000e+00
-8.959972000000000492e-01 4.000000000000000000e+02 8.499999999999999778e-01 -8.960000000000000187e-01 1.000000000000000000e+00
-8.979971937499999779e-01 4.000000000000000000e+02 8.499999999999999778e-01 -8.980000000000000204e-01 1.000000000000000000e+00
-8.999971875000000177e-01 4.000000000000000000e+02 8.499999999999999778e-01 -9.000000000000000222e-01 1.000000000000000000e+00
-9.019971812500000574e-01 4.000000000000000000e+02 8.499999999999999778e-01 -9.020000000000000240e-01 1.000000000000000000e+00
-9.039971749999999862e-01 4.000000000000000000e+02 8.499999999999999778e-01 -9.040000000000000258e-01 1.000000000000000000e+00
-9.059971687500000259e-01 4.000000000000000000e+02 8.499999999999999778e-01 -9.060000000000000275e-01 1.000000000000000000e+00
-9.079971625000000657e-01 4.000000000000000000e+02 8.499999999999999778e-01 -9.080000000000000293e-01 1.000000000000000000e+00
-9.099971562499999944e-01 4.000000000000000000e+02 8.499999999999999778e-01 -9.100000000000000311e-01 1.000000000000000000e+00
-9.119971500000000342e-01 4.000000000000000000e+02 8.499999999999999778e-01 -9.120000000000000329e-01 1.000000000000000000e+00
-9.139971437500000739e-01 4.000000000000000000e+02 8.499999999999999778e-01 -9.140000000000000346e-01 1.000000000000000000e+00
-9.159971375000000027e-01 4.000000000000000000e+02 8.499999999999999778e-01 -9.160000000000000364e-01 1.000000000000000000e+00
-9.179971312500000424e-01 4.000000000000000000e+02 8.499999999999999778e-01 -9.180000000000000382e-01 1.000000000000000000e+00
-9.199971250000000822e-01 4.000000000000000000e+02 8.499999999999999778e-01 -9.200000000000000400e-01 1.000000000000000000e+00
-9.219971187500000109e-01 4.000000000000000000e+02 8.499999999999999778e-01 -9.220000000000000417e-01 1.000000000000000000e+00
-9.239971125000000507e-01 4.000000000000000000e+02 8.499999999999999778e-01 -9.240000000000000435e-01 1.000000000000000000e+00
-9.259971062500000905e-01 4.000000000000000000e+02 8.499999999999999778e-01 -9.260000000000000453e-01 1.000000000000000000e+00
-9.279971000000000192e-01 4.000000000000000000e+02 8.499999999999999778e-01 -9.280000000000000471e-01 1.000000000000000000e+00
-9.299970937500000590e-01 4.000000000000000000e+02 8.499999999999999778e-01 -9.300000000000000488e-01 1.000000000000000000e+00
-9.319970875000000987e-01 4.000000000000000000e+02 8.499999999999999778e-01 -9.320000000000000506e-01 1.000000000000000000e+00
-9.339970812500000275e-01 4.000000000000000000e+02 8.499999999999999778e-01 -9.340000000000000524e-01 1.000000000000000000e+00
-9.359970750000000672e-01 4.000000000000000000e+02 8.499999999999999778e-01 -9.360000000000000542e-01 1.000000000000000000e+00
-9.379970687500001070e-01 4.000000000000000000e+02 8.499999999999999778e-01 -9.380000000000000560e-01 1.000000000000000000e+00
-9.399970625000000357e-01 4.000000000000000000e+02 8.499999999999999778e-01 -9.400000000000000577e-01 1.000000000000000000e+00
-9.419970562500000755e-01 4.000000000000000000e+02 8.499999999999999778e-01 -9.420000000000000595e-01 1.000000000000000000e+00
-9.439970500000001152e-01 4.000000000000000000e+02 8.499999999999999778e-01 -9.440000000000000613e-01 1.000000000000000000e+00
-9.459970437500000440e-01 4.000000000000000000e+02 8.499999999999999778e-01 -9.460000000000000631e-01 1.000000000000000000e+00
-9.479970375000000837e-01 4.000000000000000000e+02 8.499999999999999778e-01 -9.480000000000000648e-01 1.000000000000000000e+00
-9.499970312500001235e-01 4.000000000000000000e+02 8.499999999999999778e-01 -9.500000000000000666e-01 1.000000000000000000e+00
-9.519970250000000522e-01 4.000000000000000000e+02 8.499999999999999778e-01 -9.520000000000000684e-01 1.000000000000000000e+00
-9.539970187500000920e-01 4.000000000000000000e+02 8.499999999999999778e-01 -9.540000000000000702e-01 1.000000000000000000e+00
-9.559970125000001318e-01 4.000000000000000000e+02 8.499999999999999778e-01 -9.560000000000000719e-01 1.000000000000000000e+00
-9.579970062500000605e-01 4.000000000000000000e+02 8.499999999999999778e-01 -9.580000000000000737e-01 1.000000000000000000e+00
-9.599969999999999892e-01 4.000000000000000000e+02 8.499999999999999778e-01 -9.599999999999999645e-01 1.000000000000000000e+00
-9.619969937499999180e-01 4.000000000000000000e+02 8.499999999999999778e-01 -9.619999999999999662e-01 1.000000000000000000e+00
-9.639969874999999577e-01 4.000000000000000000e+02 8.499999999999999778e-01 -9.639999999999999680e-01 1.000000000000000000e+00
-9.659969812499999975e-01 4.000000000000000000e+02 8.499999999999999778e-01 -9.659999999999999698e-01 1.000000000000000000e+00
-9.679969749999999262e-01 4.000000000000000000e+02 8.499999999999999778e-01 -9.679999999999999716e-01 1.000000000000000000e+00
-9.699969687499999660e-01 4.000000000000000000e+02 8.499999999999999778e-01 -9.699999999999999734e-01 1.000000000000000000e+00
-9.719969625000000057e-01 4.000000000000000000e+02 8.499999999999999778e-01 -9.719999999999999751e-01 1.000000000000000000e+00
-9.739969562499999345e-01 4.000000000000000000e+02 8.499999999999999778e-01 -9.739999999999999769e-01 1.000000000000000000e+00
-9.759969499999999742e-01 4.000000000000000000e+02 8.499999999999999778e-01 -9.759999999999999787e-01 1.000000000000000000e+00
-9.779969437500000140e-01 4.000000000000000000e+02 8.499999999999999778e-01 -9.779999999999999805e-01 1.000000000000000000e+00
-9.799969374999999427e-01 4.000000000000000000e+02 8.499999999999999778e-01 -9.799999999999999822e-01 1.000000000000000000e+00
-9.819969312499999825e-01 4.000000000000000000e+02 8.499999999999999778e-01 -9.819999999999999840e-01 1.000000000000000000e+00
-9.839969250000000223e-01 4.000000000000000000e+02 8.499999999999999778e-01 -9.839999999999999858e-01 1.000000000000000000e+00
-9.859969187499999510e-01 4.000000000000000000e+02 8.499999999999999778e-01 -9.859999999999999876e-01 1.000000000000000000e+00
-9.879969124999999908e-01 4.000000000000000000e+02 8.499999999999999778e-01 -9.879999999999999893e-01 1.000000000000000000e+00
-9.899969062500000305e-01 4.000000000000000000e+02 8.499999999999999778e-01 -9.899999999999999911e-01 1.000000000000000000e+00
-9.919968999999999593e-01 4.000000000000000000e+02 8.499999999999999778e-01 -9.919999999999999929e-01 1.000000000000000000e+00
-9.939968937499999990e-01 4.000000000000000000e+02 8.499999999999999778e-01 -9.939999999999999947e-01 1.000000000000000000e+00
-9.959968875000000388e-01 4.000000000000000000e+02 8.499999999999999778e-01 -9.959999999999999964e-01 1.000000000000000000e+00
-9.979968812499999675e-01 4.000000000000000000e+02 8.499999999999999778e-01 -9.979999999999999982e-01 1.000000000000000000e+00
