3.003555792954079516e+04 1.853592694219166219e+02 3.710699274775555342e+28 0.000000000000000000e+00 1.000000000000000000e+00
8.486252677810147361e+03 1.372382626871677758e+02 2.753817302869404233e+28 -2.000000000000000042e-03 0.000000000000000000e+00
8.400934899572410359e+03 1.372385854507808745e+02 2.726000966476783988e+28 -4.000000000000000083e-03 0.000000000000000000e+00
8.315617235996458476e+03 1.372389139247868854e+02 2.698184630084163743e+28 -6.000000000000000125e-03 0.000000000000000000e+00
8.230299687894268573e+03 1.372392482664940871e+02 2.670368293691543498e+28 -8.000000000000000167e-03 0.000000000000000000e+00
8.144982258021032067e+03 1.372395886391352633e+02 2.642551957298923253e+28 -1.000000000000000021e-02 0.000000000000000000e+00
8.059664948800560524e+03 1.372399352121520906e+02 2.614735620906303009e+28 -1.200000000000000025e-02 0.000000000000000000e+00
7.974347762805597085e+03 1.372402881614961814e+02 2.586919284513682764e+28 -1.400000000000000029e-02 0.000000000000000000e+00
7.889030702848574947e+03 1.372406476699478617e+02 2.559102948121062519e+28 -1.600000000000000033e-02 0.000000000000000000e+00
7.803713771687165718e+03 1.372410139274543042e+02 2.531286611728442274e+28 -1.800000000000000211e-02 0.000000000000000000e+00
7.718396972195631861e+03 1.372413871314875280e+02 2.503470275335822030e+28 -2.000000000000000042e-02 0.000000000000000000e+00
7.633080307458356401e+03 1.372417674874249087e+02 2.475653938943201785e+28 -2.199999999999999872e-02 0.000000000000000000e+00
7.547763780477353976e+03 1.372421552089525676e+02 2.447837602550581540e+28 -2.400000000000000050e-02 0.000000000000000000e+00
7.462447394540299683e+03 1.372425505184941983e+02 2.420021266157961295e+28 -2.600000000000000228e-02 0.000000000000000000e+00
7.377131152928006486e+03 1.372429536476669227e+02 2.392204929765341051e+28 -2.800000000000000058e-02 0.000000000000000000e+00
7.291815059052791185e+03 1.372433648377661370e+02 2.364388593372720806e+28 -2.999999999999999889e-02 0.000000000000000000e+00
7.206499116479399163e+03 1.372437843402814224e+02 2.336572256980100561e+28 -3.200000000000000067e-02 0.000000000000000000e+00
7.121183328869852630e+03 1.372442124174462776e+02 2.308755920587480316e+28 -3.400000000000000244e-02 0.000000000000000000e+00
7.035867700084059834e+03 1.372446493428239478e+02 2.280939584194860071e+28 -3.600000000000000422e-02 0.000000000000000000e+00
6.950552234088945625e+03 1.372450954019321614e+02 2.253123247802239827e+28 -3.799999999999999906e-02 0.000000000000000000e+00
6.865236934869290963e+03 1.372455508929102166e+02 2.225306911409619582e+28 -4.000000000000000083e-02 0.000000000000000000e+00
6.779921806803382424e+03 1.372460161272312860e+02 2.197490575016999337e+28 -4.200000000000000261e-02 0.000000000000000000e+00
6.694606854188635225e+03 1.372464914304640047e+02 2.169674238624379092e+28 -4.399999999999999745e-02 0.000000000000000000e+00
6.609292081737525223e+03 1.372469771430871219e+02 2.141857902231758848e+28 -4.599999999999999922e-02 0.000000000000000000e+00
6.523977494145496166e+03 1.372474736213615643e+02 2.114041565839138603e+28 -4.800000000000000100e-02 0.000000000000000000e+00
6.438663096280663922e+03 1.372479812382652540e+02 2.086225229446518358e+28 -5.000000000000000278e-02 0.000000000000000000e+00
6.353348893414525264e+03 1.372485003844951166e+02 2.058408893053898113e+28 -5.200000000000000455e-02 0.000000000000000000e+00
6.268034890832890596e+03 1.372490314695429561e+02 2.030592556661277868e+28 -5.399999999999999939e-02 0.000000000000000000e+00
6.182721094073093809e+03 1.372495749228508259e+02 2.002776220268657624e+28 -5.600000000000000117e-02 0.000000000000000000e+00
6.097407509003883206e+03 1.372501311950533989e+02 1.974959883876037379e+28 -5.800000000000000294e-02 0.000000000000000000e+00
6.012094141602015952e+03 1.372507007593151229e+02 1.947143547483417134e+28 -5.999999999999999778e-02 0.000000000000000000e+00
5.926780998233774881e+03 1.372512841127702927e+02 1.919327211090796889e+28 -6.199999999999999956e-02 0.000000000000000000e+00
5.841468085473245083e+03 1.372518817780758411e+02 1.891510874698176645e+28 -6.400000000000000133e-02 0.000000000000000000e+00
5.756155410082526032e+03 1.372524943050871684e+02 1.863694538305556400e+28 -6.600000000000000311e-02 0.000000000000000000e+00
5.670842979378292512e+03 1.372531222726687190e+02 1.835878201912936155e+28 -6.800000000000000488e-02 0.000000000000000000e+00
5.585530800677338448e+03 1.372537662906518392e+02 1.808061865520315910e+28 -7.000000000000000666e-02 0.000000000000000000e+00
5.500218881942594635e+03 1.372544270019545252e+02 1.780245529127695666e+28 -7.200000000000000844e-02 0.000000000000000000e+00
5.414907231313200100e+03 1.372551050848786929e+02 1.752429192735075421e+28 -7.399999999999999634e-02 0.000000000000000000e+00
5.329595857336707923e+03 1.372558012556027336e+02 1.724612856342455176e+28 -7.599999999999999811e-02 0.000000000000000000e+00
5.244284769049751958e+03 1.372565162708889659e+02 1.696796519949834931e+28 -7.799999999999999989e-02 0.000000000000000000e+00
5.158973975794236139e+03 1.372572509310281816e+02 1.668980183557214686e+28 -8.000000000000000167e-02 0.000000000000000000e+00
5.073663487543870360e+03 1.372580060830456432e+02 1.641163847164594442e+28 -8.200000000000000344e-02 0.000000000000000000e+00
4.988353314655179020e+03 1.372587826241964422e+02 1.613347510771974197e+28 -8.400000000000000522e-02 0.000000000000000000e+00
4.903043468014818245e+03 1.372595815057808295e+02 1.585531174379353952e+28 -8.600000000000000699e-02 0.000000000000000000e+00
4.817733959116447295e+03 1.372604037373148174e+02 1.557714837986733707e+28 -8.799999999999999489e-02 0.000000000000000000e+00
4.732424799990300926e+03 1.372612503910947908e+02 1.529898501594113463e+28 -8.999999999999999667e-02 0.000000000000000000e+00
4.647116003377722336e+03 1.372621226072008085e+02 1.502082165201493218e+28 -9.199999999999999845e-02 0.000000000000000000e+00
4.561807582717607147e+03 1.372630215989884164e+02 1.474265828808872973e+28 -9.400000000000000022e-02 0.000000000000000000e+00
4.476499552111330559e+03 1.372639486591255888e+02 1.446449492416252728e+28 -9.600000000000000200e-02 0.000000000000000000e+00
4.391191926566314578e+03 1.372649051662394299e+02 1.418633156023632483e+28 -9.800000000000000377e-02 0.000000000000000000e+00
4.305884721907600579e+03 1.372658925922451374e+02 1.390816819631012239e+28 -1.000000000000000056e-01 0.000000000000000000e+00
4.220577954819013939e+03 1.372669125104411592e+02 1.363000483238391994e+28 -1.020000000000000073e-01 0.000000000000000000e+00
4.135271643095021318e+03 1.372679666044651867e+02 1.335184146845771749e+28 -1.040000000000000091e-01 0.000000000000000000e+00
4.049965805506097240e+03 1.372690566782196697e+02 1.307367810453151504e+28 -1.059999999999999970e-01 0.000000000000000000e+00
3.964660462068668494e+03 1.372701846668919075e+02 1.279551474060531260e+28 -1.079999999999999988e-01 0.000000000000000000e+00
3.879355634009059941e+03 1.372713526492113942e+02 1.251735137667911015e+28 -1.100000000000000006e-01 0.000000000000000000e+00
3.794051343946771794e+03 1.372725628611098045e+02 1.223918801275290770e+28 -1.120000000000000023e-01 0.000000000000000000e+00
3.708747615987775589e+03 1.372738177109737876e+02 1.196102464882670525e+28 -1.140000000000000041e-01 0.000000000000000000e+00
3.623444475905982927e+03 1.372751197967111239e+02 1.168286128490050280e+28 -1.160000000000000059e-01 0.000000000000000000e+00
3.538141951207177044e+03 1.372764719248852998e+02 1.140469792097430036e+28 -1.180000000000000077e-01 0.000000000000000000e+00
3.452840071322132644e+03 1.372778771322162754e+02 1.112653455704809791e+28 -1.199999999999999956e-01 0.000000000000000000e+00
3.367538867846322319e+03 1.372793387097934499e+02 1.084837119312189546e+28 -1.219999999999999973e-01 0.000000000000000000e+00
3.282238374707710591e+03 1.372808602304059775e+02 1.057020782919569301e+28 -1.239999999999999991e-01 0.000000000000000000e+00
3.196938628352547312e+03 1.372824455794647065e+02 1.029204446526949057e+28 -1.260000000000000009e-01 0.000000000000000000e+00
3.111639668141584025e+03 1.372840989900735451e+02 1.001388110134328812e+28 -1.280000000000000027e-01 0.000000000000000000e+00
3.026341536466883099e+03 1.372858250829065412e+02 9.735717737417084571e+27 -1.300000000000000044e-01 0.000000000000000000e+00
2.941044279215981078e+03 1.372876289116664168e+02 9.457554373490882123e+27 -1.320000000000000062e-01 0.000000000000000000e+00
2.855747946163285178e+03 1.372895160150427500e+02 9.179391009564679676e+27 -1.340000000000000080e-01 0.000000000000000000e+00
2.770452591345789187e+03 1.372914924762593216e+02 8.901227645638477228e+27 -1.360000000000000098e-01 0.000000000000000000e+00
2.685158273584934250e+03 1.372935649915063152e+02 8.623064281712274780e+27 -1.380000000000000115e-01 0.000000000000000000e+00
2.599865057053895725e+03 1.372957409488020062e+02 8.344900917786072333e+27 -1.400000000000000133e-01 0.000000000000000000e+00
2.514573012007684611e+03 1.372980285191268024e+02 8.066737553859869885e+27 -1.420000000000000151e-01 0.000000000000000000e+00
2.429282215496692970e+03 1.373004367620315804e+02 7.788574189933667437e+27 -1.440000000000000169e-01 0.000000000000000000e+00
2.343992752304533496e+03 1.373029757483516278e+02 7.510410826007464989e+27 -1.459999999999999909e-01 0.000000000000000000e+00
2.258704715936519278e+03 1.373056567031673580e+02 7.232247462081262542e+27 -1.479999999999999927e-01 0.000000000000000000e+00
2.173418209959093019e+03 1.373084921727518406e+02 6.954084098155060094e+27 -1.499999999999999944e-01 0.000000000000000000e+00
2.088133349416222245e+03 1.373114962199354068e+02 6.675920734228857646e+27 -1.519999999999999962e-01 0.000000000000000000e+00
2.002850262621879665e+03 1.373146846530870846e+02 6.397757370302655198e+27 -1.539999999999999980e-01 0.000000000000000000e+00
1.917569093178927687e+03 1.373180752947222629e+02 6.119594006376452751e+27 -1.559999999999999998e-01 0.000000000000000000e+00
1.832290002586995115e+03 1.373216882964983654e+02 5.841430642450250303e+27 -1.580000000000000016e-01 0.000000000000000000e+00
1.747013173233136058e+03 1.373255465078518114e+02 5.563267278524047855e+27 -1.600000000000000033e-01 0.000000000000000000e+00
1.661738812236827243e+03 1.373296759053467326e+02 5.285103914597845407e+27 -1.620000000000000051e-01 0.000000000000000000e+00
1.576467155981215456e+03 1.373341060881359112e+02 5.006940550671642960e+27 -1.640000000000000069e-01 0.000000000000000000e+00
1.491198475879406487e+03 1.373388708401909639e+02 4.728777186745440512e+27 -1.660000000000000087e-01 0.000000000000000000e+00
1.405933085661278028e+03 1.373440087490485837e+02 4.450613822819238064e+27 -1.680000000000000104e-01 0.000000000000000000e+00
1.320671350465003798e+03 1.373495638476259444e+02 4.172450458893035617e+27 -1.700000000000000122e-01 0.000000000000000000e+00
1.235413698724318465e+03 1.373555861979364181e+02 3.894287094966833169e+27 -1.720000000000000140e-01 0.000000000000000000e+00
1.150160637404415638e+03 1.373621322381857510e+02 3.616123731040630721e+27 -1.740000000000000158e-01 0.000000000000000000e+00
1.064912772397777189e+03 1.373692645148784095e+02 3.337960367114428273e+27 -1.759999999999999898e-01 0.000000000000000000e+00
9.796708355898701939e+02 1.373770500040406546e+02 3.059797003188225826e+27 -1.779999999999999916e-01 0.000000000000000000e+00
8.944357220292589545e+02 1.373855553291642764e+02 2.781633639262023378e+27 -1.799999999999999933e-01 0.000000000000000000e+00
8.092085415145073739e+02 1.373948351857699492e+02 2.503470275335821480e+27 -1.819999999999999951e-01 0.000000000000000000e+00
7.239906919099997822e+02 1.374049056134617786e+02 2.225306911409619307e+27 -1.839999999999999969e-01 0.000000000000000000e+00
6.387839659162669932e+02 1.374156821670653414e+02 1.947143547483416859e+27 -1.859999999999999987e-01 0.000000000000000000e+00
5.535907102751987168e+02 1.374268320052980243e+02 1.668980183557214412e+27 -1.880000000000000004e-01 0.000000000000000000e+00
4.684140694333697752e+02 1.374373973812319321e+02 1.390816819631011964e+27 -1.900000000000000022e-01 0.000000000000000000e+00
3.832583658060952416e+02 1.374447417383352388e+02 1.112653455704809516e+27 -1.920000000000000040e-01 0.000000000000000000e+00
2.981296914466341264e+02 1.374411537386334032e+02 8.344900917786070683e+26 -1.940000000000000058e-01 0.000000000000000000e+00
2.130367385036085750e+02 1.374002692356247906e+02 5.563267278524047580e+26 -1.960000000000000075e-01 0.000000000000000000e+00
1.279912001200496832e+02 1.371988681140070696e+02 2.781633639262023790e+26 -1.980000000000000093e-01 0.000000000000000000e+00
4.266440000666514720e+01 4.000000000000000000e+02 5.563267278524047580e+25 -2.000000000000000111e-01 0.000000000000000000e+00
1.279941232971509919e+02 4.000000000000000000e+02 5.563267278524047580e+25 -2.020000000000000129e-01 0.000000000000000000e+00
2.135032770731436642e+02 4.000000000000000000e+02 5.563267278524047580e+25 -2.040000000000000147e-01 0.000000000000000000e+00
2.990288301153029238e+02 4.000000000000000000e+02 5.563267278524047580e+25 -2.060000000000000164e-01 0.000000000000000000e+00
3.845423072930881290e+02 4.000000000000000000e+02 5.563267278524047580e+25 -2.080000000000000182e-01 0.000000000000000000e+00
4.700390419933268618e+02 4.000000000000000000e+02 5.563267278524047580e+25 -2.099999999999999922e-01 0.000000000000000000e+00
5.555197364695756050e+02 4.000000000000000000e+02 5.563267278524047580e+25 -2.119999999999999940e-01 0.000000000000000000e+00
6.409862549398695819e+02 4.000000000000000000e+02 5.563267278524047580e+25 -2.139999999999999958e-01 0.000000000000000000e+00
7.264405239340876506e+02 4.000000000000000000e+02 5.563267278524047580e+25 -2.159999999999999976e-01 0.000000000000000000e+00
8.118842515022753332e+02 4.000000000000000000e+02 5.563267278524047580e+25 -2.179999999999999993e-01 0.000000000000000000e+00
8.973188825516335783e+02 4.000000000000000000e+02 5.563267278524047580e+25 -2.200000000000000011e-01 0.000000000000000000e+00
9.827456215725408128e+02 4.000000000000000000e+02 5.563267278524047580e+25 -2.220000000000000029e-01 0.000000000000000000e+00
1.068165470408319607e+03 4.000000000000000000e+02 5.563267278524047580e+25 -2.240000000000000047e-01 0.000000000000000000e+00
1.153579264948248692e+03 4.000000000000000000e+02 5.563267278524047580e+25 -2.260000000000000064e-01 0.000000000000000000e+00
1.238987706395977966e+03 4.000000000000000000e+02 5.563267278524047580e+25 -2.280000000000000082e-01 0.000000000000000000e+00
1.324391386791319064e+03 4.000000000000000000e+02 5.563267278524047580e+25 -2.300000000000000100e-01 0.000000000000000000e+00
1.409790809290195739e+03 4.000000000000000000e+02 5.563267278524047580e+25 -2.320000000000000118e-01 0.000000000000000000e+00
1.495186404391933138e+03 4.000000000000000000e+02 5.563267278524047580e+25 -2.340000000000000135e-01 0.000000000000000000e+00
1.580578542735268002e+03 4.000000000000000000e+02 5.563267278524047580e+25 -2.360000000000000153e-01 0.000000000000000000e+00
1.665967545421508248e+03 4.000000000000000000e+02 5.563267278524047580e+25 -2.380000000000000171e-01 0.000000000000000000e+00
1.751353692105732762e+03 4.000000000000000000e+02 5.563267278524047580e+25 -2.399999999999999911e-01 0.000000000000000000e+00
1.836737227772476444e+03 4.000000000000000000e+02 5.563267278524047580e+25 -2.419999999999999929e-01 0.000000000000000000e+00
1.922118368076589377e+03 4.000000000000000000e+02 5.563267278524047580e+25 -2.439999999999999947e-01 0.000000000000000000e+00
2.007497303718516832e+03 4.000000000000000000e+02 5.563267278524047580e+25 -2.459999999999999964e-01 0.000000000000000000e+00
2.092874204117316822e+03 4.000000000000000000e+02 5.563267278524047580e+25 -2.479999999999999982e-01 0.000000000000000000e+00
2.178249220354667614e+03 4.000000000000000000e+02 5.563267278524047580e+25 -2.500000000000000000e-01 0.000000000000000000e+00
2.263622487794144945e+03 4.000000000000000000e+02 5.563267278524047580e+25 -2.520000000000000018e-01 0.000000000000000000e+00
2.348994127965436292e+03 4.000000000000000000e+02 5.563267278524047580e+25 -2.540000000000000036e-01 0.000000000000000000e+00
2.434364250561112840e+03 4.000000000000000000e+02 5.563267278524047580e+25 -2.560000000000000053e-01 0.000000000000000000e+00
2.519732954761057044e+03 4.000000000000000000e+02 5.563267278524047580e+25 -2.580000000000000071e-01 0.000000000000000000e+00
2.605100330534278328e+03 4.000000000000000000e+02 5.563267278524047580e+25 -2.600000000000000089e-01 0.000000000000000000e+00
2.690466459849510102e+03 4.000000000000000000e+02 5.563267278524047580e+25 -2.620000000000000107e-01 0.000000000000000000e+00
2.775831417359139778e+03 4.000000000000000000e+02 5.563267278524047580e+25 -2.640000000000000124e-01 0.000000000000000000e+00
2.861195271531772960e+03 4.000000000000000000e+02 5.563267278524047580e+25 -2.660000000000000142e-01 0.000000000000000000e+00
2.946558084981125830e+03 4.000000000000000000e+02 5.563267278524047580e+25 -2.680000000000000160e-01 0.000000000000000000e+00
3.031919915296896761e+03 4.000000000000000000e+02 5.563267278524047580e+25 -2.700000000000000178e-01 0.000000000000000000e+00
3.117280815611969501e+03 4.000000000000000000e+02 5.563267278524047580e+25 -2.720000000000000195e-01 0.000000000000000000e+00
3.202640834853313208e+03 4.000000000000000000e+02 5.563267278524047580e+25 -2.740000000000000213e-01 0.000000000000000000e+00
3.288000018394328890e+03 4.000000000000000000e+02 5.563267278524047580e+25 -2.760000000000000231e-01 0.000000000000000000e+00
3.373358408153723303e+03 4.000000000000000000e+02 5.563267278524047580e+25 -2.780000000000000249e-01 0.000000000000000000e+00
3.458716043058035211e+03 4.000000000000000000e+02 5.563267278524047580e+25 -2.800000000000000266e-01 0.000000000000000000e+00
3.544072959394803547e+03 4.000000000000000000e+02 5.563267278524047580e+25 -2.820000000000000284e-01 0.000000000000000000e+00
3.629429190838047361e+03 4.000000000000000000e+02 5.563267278524047580e+25 -2.840000000000000302e-01 0.000000000000000000e+00
3.714784768949325553e+03 4.000000000000000000e+02 5.563267278524047580e+25 -2.860000000000000320e-01 0.000000000000000000e+00
3.800139723049774602e+03 4.000000000000000000e+02 5.563267278524047580e+25 -2.880000000000000338e-01 0.000000000000000000e+00
3.885494080616329029e+03 4.000000000000000000e+02 5.563267278524047580e+25 -2.899999999999999800e-01 0.000000000000000000e+00
3.970847867499172935e+03 4.000000000000000000e+02 5.563267278524047580e+25 -2.919999999999999818e-01 0.000000000000000000e+00
4.056201107771113129e+03 4.000000000000000000e+02 5.563267278524047580e+25 -2.939999999999999836e-01 0.000000000000000000e+00
4.141553824220221941e+03 4.000000000000000000e+02 5.563267278524047580e+25 -2.959999999999999853e-01 0.000000000000000000e+00
4.226906038157137118e+03 4.000000000000000000e+02 5.563267278524047580e+25 -2.979999999999999871e-01 0.000000000000000000e+00
4.312257769613066557e+03 4.000000000000000000e+02 5.563267278524047580e+25 -2.999999999999999889e-01 0.000000000000000000e+00
4.397609037576906303e+03 4.000000000000000000e+02 5.563267278524047580e+25 -3.019999999999999907e-01 0.000000000000000000e+00
4.482959859906752172e+03 4.000000000000000000e+02 5.563267278524047580e+25 -3.039999999999999925e-01 0.000000000000000000e+00
4.568310253545372689e+03 4.000000000000000000e+02 5.563267278524047580e+25 -3.059999999999999942e-01 0.000000000000000000e+00
4.653660234369667705e+03 4.000000000000000000e+02 5.563267278524047580e+25 -3.079999999999999960e-01 0.000000000000000000e+00
4.739009817515153372e+03 4.000000000000000000e+02 5.563267278524047580e+25 -3.099999999999999978e-01 0.000000000000000000e+00
4.824359017329505150e+03 4.000000000000000000e+02 5.563267278524047580e+25 -3.119999999999999996e-01 0.000000000000000000e+00
4.909707847296818727e+03 4.000000000000000000e+02 5.563267278524047580e+25 -3.140000000000000013e-01 0.000000000000000000e+00
4.995056320362760744e+03 4.000000000000000000e+02 5.563267278524047580e+25 -3.160000000000000031e-01 0.000000000000000000e+00
5.080404448764112203e+03 4.000000000000000000e+02 5.563267278524047580e+25 -3.180000000000000049e-01 0.000000000000000000e+00
5.165752244064022307e+03 4.000000000000000000e+02 5.563267278524047580e+25 -3.200000000000000067e-01 0.000000000000000000e+00
5.251099717386009615e+03 4.000000000000000000e+02 5.563267278524047580e+25 -3.220000000000000084e-01 0.000000000000000000e+00
5.336446879192923916e+03 4.000000000000000000e+02 5.563267278524047580e+25 -3.240000000000000102e-01 0.000000000000000000e+00
5.421793739615402956e+03 4.000000000000000000e+02 5.563267278524047580e+25 -3.260000000000000120e-01 0.000000000000000000e+00
5.507140308166448449e+03 4.000000000000000000e+02 5.563267278524047580e+25 -3.280000000000000138e-01 0.000000000000000000e+00
5.592486593927395006e+03 4.000000000000000000e+02 5.563267278524047580e+25 -3.300000000000000155e-01 0.000000000000000000e+00
5.677832605700546083e+03 4.000000000000000000e+02 5.563267278524047580e+25 -3.320000000000000173e-01 0.000000000000000000e+00
5.763178351778789875e+03 4.000000000000000000e+02 5.563267278524047580e+25 -3.340000000000000191e-01 0.000000000000000000e+00
5.848523840109446610e+03 4.000000000000000000e+02 5.563267278524047580e+25 -3.360000000000000209e-01 0.000000000000000000e+00
5.933869078343028377e+03 4.000000000000000000e+02 5.563267278524047580e+25 -3.380000000000000226e-01 0.000000000000000000e+00
6.019214073734555313e+03 4.000000000000000000e+02 5.563267278524047580e+25 -3.400000000000000244e-01 0.000000000000000000e+00
6.104558833356285504e+03 4.000000000000000000e+02 5.563267278524047580e+25 -3.420000000000000262e-01 0.000000000000000000e+00
6.189903363810691189e+03 4.000000000000000000e+02 5.563267278524047580e+25 -3.440000000000000280e-01 0.000000000000000000e+00
6.275247671528889441e+03 4.000000000000000000e+02 5.563267278524047580e+25 -3.460000000000000298e-01 0.000000000000000000e+00
6.360591762760177517e+03 4.000000000000000000e+02 5.563267278524047580e+25 -3.480000000000000315e-01 0.000000000000000000e+00
6.445935643295554655e+03 4.000000000000000000e+02 5.563267278524047580e+25 -3.500000000000000333e-01 0.000000000000000000e+00
6.531279318928310204e+03 4.000000000000000000e+02 5.563267278524047580e+25 -3.519999999999999796e-01 0.000000000000000000e+00
6.616622795102237433e+03 4.000000000000000000e+02 5.563267278524047580e+25 -3.539999999999999813e-01 0.000000000000000000e+00
6.701966076993213392e+03 4.000000000000000000e+02 5.563267278524047580e+25 -3.559999999999999831e-01 0.000000000000000000e+00
6.787309169741857659e+03 4.000000000000000000e+02 5.563267278524047580e+25 -3.579999999999999849e-01 0.000000000000000000e+00
6.872652078110426373e+03 4.000000000000000000e+02 5.563267278524047580e+25 -3.599999999999999867e-01 0.000000000000000000e+00
6.957994806877132760e+03 4.000000000000000000e+02 5.563267278524047580e+25 -3.619999999999999885e-01 0.000000000000000000e+00
7.043337360495073881e+03 4.000000000000000000e+02 5.563267278524047580e+25 -3.639999999999999902e-01 0.000000000000000000e+00
7.128679743297396271e+03 4.000000000000000000e+02 5.563267278524047580e+25 -3.659999999999999920e-01 0.000000000000000000e+00
7.214021959507732390e+03 4.000000000000000000e+02 5.563267278524047580e+25 -3.679999999999999938e-01 0.000000000000000000e+00
7.299364013098728719e+03 4.000000000000000000e+02 5.563267278524047580e+25 -3.699999999999999956e-01 0.000000000000000000e+00
7.384705908076184642e+03 4.000000000000000000e+02 5.563267278524047580e+25 -3.719999999999999973e-01 0.000000000000000000e+00
7.470047648147499785e+03 4.000000000000000000e+02 5.563267278524047580e+25 -3.739999999999999991e-01 0.000000000000000000e+00
7.555389236893101042e+03 4.000000000000000000e+02 5.563267278524047580e+25 -3.760000000000000009e-01 0.000000000000000000e+00
7.640730677900201954e+03 4.000000000000000000e+02 5.563267278524047580e+25 -3.780000000000000027e-01 0.000000000000000000e+00
7.726071974509100983e+03 4.000000000000000000e+02 5.563267278524047580e+25 -3.800000000000000044e-01 0.000000000000000000e+00
7.811413130028963678e+03 4.000000000000000000e+02 5.563267278524047580e+25 -3.820000000000000062e-01 0.000000000000000000e+00
7.896754147640303017e+03 4.000000000000000000e+02 5.563267278524047580e+25 -3.840000000000000080e-01 0.000000000000000000e+00
7.982095030340548874e+03 4.000000000000000000e+02 5.563267278524047580e+25 -3.860000000000000098e-01 0.000000000000000000e+00
8.067435781159339967e+03 4.000000000000000000e+02 5.563267278524047580e+25 -3.880000000000000115e-01 0.000000000000000000e+00
8.152776402949199110e+03 4.000000000000000000e+02 5.563267278524047580e+25 -3.900000000000000133e-01 0.000000000000000000e+00
8.238116898487158323e+03 4.000000000000000000e+02 5.563267278524047580e+25 -3.920000000000000151e-01 0.000000000000000000e+00
8.323457270577204326e+03 4.000000000000000000e+02 5.563267278524047580e+25 -3.940000000000000169e-01 0.000000000000000000e+00
8.408797521724833132e+03 4.000000000000000000e+02 5.563267278524047580e+25 -3.960000000000000187e-01 0.000000000000000000e+00
8.494137654442916755e+03 4.000000000000000000e+02 5.563267278524047580e+25 -3.980000000000000204e-01 0.000000000000000000e+00
8.579523557137239550e+03 4.000000000000000000e+02 5.563267278524047580e+25 -4.000000000000000222e-01 0.000000000000000000e+00
8.665407210891633440e+03 4.000000000000000000e+02 5.563267278524047580e+25 -4.020000000000000240e-01 0.000000000000000000e+00
8.751789238783700057e+03 4.000000000000000000e+02 5.563267278524047580e+25 -4.040000000000000258e-01 0.000000000000000000e+00
8.838670260252602020e+03 4.000000000000000000e+02 5.563267278524047580e+25 -4.060000000000000275e-01 0.000000000000000000e+00
8.926050891051469080e+03 4.000000000000000000e+02 5.563267278524047580e+25 -4.080000000000000293e-01 0.000000000000000000e+00
9.013931743197035757e+03 4.000000000000000000e+02 5.563267278524047580e+25 -4.100000000000000311e-01 0.000000000000000000e+00
9.102313425317497604e+03 4.000000000000000000e+02 5.563267278524047580e+25 -4.120000000000000329e-01 0.000000000000000000e+00
9.191196542202191267e+03 4.000000000000000000e+02 5.563267278524047580e+25 -4.140000000000000346e-01 0.000000000000000000e+00
9.280581695148564904e+03 4.000000000000000000e+02 5.563267278524047580e+25 -4.160000000000000364e-01 0.000000000000000000e+00
9.370469481911803086e+03 4.000000000000000000e+02 5.563267278524047580e+25 -4.179999999999999827e-01 0.000000000000000000e+00
9.460860496731278545e+03 4.000000000000000000e+02 5.563267278524047580e+25 -4.199999999999999845e-01 0.000000000000000000e+00
9.551755330275942470e+03 4.000000000000000000e+02 5.563267278524047580e+25 -4.219999999999999862e-01 0.000000000000000000e+00
9.643154570002308901e+03 4.000000000000000000e+02 5.563267278524047580e+25 -4.239999999999999880e-01 0.000000000000000000e+00
9.735058799684768019e+03 4.000000000000000000e+02 5.563267278524047580e+25 -4.259999999999999898e-01 0.000000000000000000e+00
9.827468599774656468e+03 4.000000000000000000e+02 5.563267278524047580e+25 -4.279999999999999916e-01 0.000000000000000000e+00
9.920384547341269354e+03 4.000000000000000000e+02 5.563267278524047580e+25 -4.299999999999999933e-01 0.000000000000000000e+00
1.001380721601593723e+04 4.000000000000000000e+02 5.563267278524047580e+25 -4.319999999999999951e-01 0.000000000000000000e+00
1.010773717635562389e+04 4.000000000000000000e+02 5.563267278524047580e+25 -4.339999999999999969e-01 0.000000000000000000e+00
1.020217499536029391e+04 4.000000000000000000e+02 5.563267278524047580e+25 -4.359999999999999987e-01 0.000000000000000000e+00
1.029712123683729624e+04 4.000000000000000000e+02 5.563267278524047580e+25 -4.380000000000000004e-01 0.000000000000000000e+00
1.039257646134178685e+04 4.000000000000000000e+02 5.563267278524047580e+25 -4.400000000000000022e-01 0.000000000000000000e+00
1.048854122611489947e+04 4.000000000000000000e+02 5.563267278524047580e+25 -4.420000000000000040e-01 0.000000000000000000e+00
1.058501608545694762e+04 4.000000000000000000e+02 5.563267278524047580e+25 -4.440000000000000058e-01 0.000000000000000000e+00
1.068200159022806838e+04 4.000000000000000000e+02 5.563267278524047580e+25 -4.460000000000000075e-01 0.000000000000000000e+00
1.077949828822252675e+04 4.000000000000000000e+02 5.563267278524047580e+25 -4.480000000000000093e-01 0.000000000000000000e+00
1.087750672410496918e+04 4.000000000000000000e+02 5.563267278524047580e+25 -4.500000000000000111e-01 0.000000000000000000e+00
1.097602743934425780e+04 4.000000000000000000e+02 5.563267278524047580e+25 -4.520000000000000129e-01 0.000000000000000000e+00
1.107506097259583112e+04 4.000000000000000000e+02 5.563267278524047580e+25 -4.540000000000000147e-01 0.000000000000000000e+00
1.117460785918692272e+04 4.000000000000000000e+02 5.563267278524047580e+25 -4.560000000000000164e-01 0.000000000000000000e+00
1.127466863149891651e+04 4.000000000000000000e+02 5.563267278524047580e+25 -4.580000000000000182e-01 0.000000000000000000e+00
1.137524381890000950e+04 4.000000000000000000e+02 5.563267278524047580e+25 -4.600000000000000200e-01 0.000000000000000000e+00
1.147633394767603386e+04 4.000000000000000000e+02 5.563267278524047580e+25 -4.620000000000000218e-01 0.000000000000000000e+00
1.157793954142090115e+04 4.000000000000000000e+02 5.563267278524047580e+25 -4.640000000000000235e-01 0.000000000000000000e+00
1.168006112050691445e+04 4.000000000000000000e+02 5.563267278524047580e+25 -4.660000000000000253e-01 0.000000000000000000e+00
1.178269920247542905e+04 4.000000000000000000e+02 5.563267278524047580e+25 -4.680000000000000271e-01 0.000000000000000000e+00
1.188585430196518428e+04 4.000000000000000000e+02 5.563267278524047580e+25 -4.700000000000000289e-01 0.000000000000000000e+00
1.198952693064076084e+04 4.000000000000000000e+02 5.563267278524047580e+25 -4.720000000000000306e-01 0.000000000000000000e+00
1.209371759759142697e+04 4.000000000000000000e+02 5.563267278524047580e+25 -4.740000000000000324e-01 0.000000000000000000e+00
1.219842680878580177e+04 4.000000000000000000e+02 5.563267278524047580e+25 -4.760000000000000342e-01 0.000000000000000000e+00
1.230365506747040854e+04 4.000000000000000000e+02 5.563267278524047580e+25 -4.780000000000000360e-01 0.000000000000000000e+00
1.240940287409643133e+04 4.000000000000000000e+02 5.563267278524047580e+25 -4.799999999999999822e-01 0.000000000000000000e+00
1.251567072624357024e+04 4.000000000000000000e+02 5.563267278524047580e+25 -4.819999999999999840e-01 0.000000000000000000e+00
1.262245911902705120e+04 4.000000000000000000e+02 5.563267278524047580e+25 -4.839999999999999858e-01 0.000000000000000000e+00
1.272976854453845954e+04 4.000000000000000000e+02 5.563267278524047580e+25 -4.859999999999999876e-01 0.000000000000000000e+00
1.283759949225129822e+04 4.000000000000000000e+02 5.563267278524047580e+25 -4.879999999999999893e-01 0.000000000000000000e+00
1.294595244894509415e+04 4.000000000000000000e+02 5.563267278524047580e+25 -4.899999999999999911e-01 0.000000000000000000e+00
1.305482789862617574e+04 4.000000000000000000e+02 5.563267278524047580e+25 -4.919999999999999929e-01 0.000000000000000000e+00
1.316422632294298091e+04 4.000000000000000000e+02 5.563267278524047580e+25 -4.939999999999999947e-01 0.000000000000000000e+00
1.327414820061226601e+04 4.000000000000000000e+02 5.563267278524047580e+25 -4.959999999999999964e-01 0.000000000000000000e+00
1.338459400783171986e+04 4.000000000000000000e+02 5.563267278524047580e+25 -4.979999999999999982e-01 0.000000000000000000e+00
1.349556421820341166e+04 4.000000000000000000e+02 5.563267278524047580e+25 -5.000000000000000000e-01 0.000000000000000000e+00
1.360705930264909694e+04 4.000000000000000000e+02 5.563267278524047580e+25 -5.020000000000000018e-01 0.000000000000000000e+00
1.371907972983521904e+04 4.000000000000000000e+02 5.563267278524047580e+25 -5.040000000000000036e-01 0.000000000000000000e+00
1.383162596558212863e+04 4.000000000000000000e+02 5.563267278524047580e+25 -5.060000000000000053e-01 0.000000000000000000e+00
1.394469847328875767e+04 4.000000000000000000e+02 5.563267278524047580e+25 -5.080000000000000071e-01 0.000000000000000000e+00
1.405829771384995001e+04 4.000000000000000000e+02 5.563267278524047580e+25 -5.100000000000000089e-01 0.000000000000000000e+00
1.417242414546619148e+04 4.000000000000000000e+02 5.563267278524047580e+25 -5.120000000000000107e-01 0.000000000000000000e+00
1.428707822449164632e+04 4.000000000000000000e+02 5.563267278524047580e+25 -5.140000000000000124e-01 0.000000000000000000e+00
1.440226040420619756e+04 4.000000000000000000e+02 5.563267278524047580e+25 -5.160000000000000142e-01 0.000000000000000000e+00
1.451797113566374355e+04 4.000000000000000000e+02 5.563267278524047580e+25 -5.180000000000000160e-01 0.000000000000000000e+00
1.463421086750243376e+04 4.000000000000000000e+02 5.563267278524047580e+25 -5.200000000000000178e-01 0.000000000000000000e+00
1.475098004596121609e+04 4.000000000000000000e+02 5.563267278524047580e+25 -5.220000000000000195e-01 0.000000000000000000e+00
1.486827911489614598e+04 4.000000000000000000e+02 5.563267278524047580e+25 -5.240000000000000213e-01 0.000000000000000000e+00
1.498610851579982227e+04 4.000000000000000000e+02 5.563267278524047580e+25 -5.260000000000000231e-01 0.000000000000000000e+00
1.510446868781592093e+04 4.000000000000000000e+02 5.563267278524047580e+25 -5.280000000000000249e-01 0.000000000000000000e+00
1.522336006775590249e+04 4.000000000000000000e+02 5.563267278524047580e+25 -5.300000000000000266e-01 0.000000000000000000e+00
1.534278308989873949e+04 4.000000000000000000e+02 5.563267278524047580e+25 -5.320000000000000284e-01 0.000000000000000000e+00
1.546273818687734456e+04 4.000000000000000000e+02 5.563267278524047580e+25 -5.340000000000000302e-01 0.000000000000000000e+00
1.558322578838876325e+04 4.000000000000000000e+02 5.563267278524047580e+25 -5.360000000000000320e-01 0.000000000000000000e+00
1.570424632208173716e+04 4.000000000000000000e+02 5.563267278524047580e+25 -5.380000000000000338e-01 0.000000000000000000e+00
1.582580021335392667e+04 4.000000000000000000e+02 5.563267278524047580e+25 -5.400000000000000355e-01 0.000000000000000000e+00
1.594788788536800894e+04 4.000000000000000000e+02 5.563267278524047580e+25 -5.420000000000000373e-01 0.000000000000000000e+00
1.607050975906730491e+04 4.000000000000000000e+02 5.563267278524047580e+25 -5.440000000000000391e-01 0.000000000000000000e+00
1.619366625319033847e+04 4.000000000000000000e+02 5.563267278524047580e+25 -5.460000000000000409e-01 0.000000000000000000e+00
1.631735778428878257e+04 4.000000000000000000e+02 5.563267278524047580e+25 -5.480000000000000426e-01 0.000000000000000000e+00
1.644158476673983387e+04 4.000000000000000000e+02 5.563267278524047580e+25 -5.500000000000000444e-01 0.000000000000000000e+00
1.656634761253553734e+04 4.000000000000000000e+02 5.563267278524047580e+25 -5.520000000000000462e-01 0.000000000000000000e+00
1.669164673220682744e+04 4.000000000000000000e+02 5.563267278524047580e+25 -5.540000000000000480e-01 0.000000000000000000e+00
1.681748253347313948e+04 4.000000000000000000e+02 5.563267278524047580e+25 -5.560000000000000497e-01 0.000000000000000000e+00
1.694385542216882459e+04 4.000000000000000000e+02 5.563267278524047580e+25 -5.580000000000000515e-01 0.000000000000000000e+00
1.707076580202858531e+04 4.000000000000000000e+02 5.563267278524047580e+25 -5.600000000000000533e-01 0.000000000000000000e+00
1.719821407470161284e+04 4.000000000000000000e+02 5.563267278524047580e+25 -5.620000000000000551e-01 0.000000000000000000e+00
1.732620063976780148e+04 4.000000000000000000e+02 5.563267278524047580e+25 -5.640000000000000568e-01 0.000000000000000000e+00
1.745472589475090354e+04 4.000000000000000000e+02 5.563267278524047580e+25 -5.660000000000000586e-01 0.000000000000000000e+00
1.758379023513146603e+04 4.000000000000000000e+02 5.563267278524047580e+25 -5.680000000000000604e-01 0.000000000000000000e+00
1.771339405436258676e+04 4.000000000000000000e+02 5.563267278524047580e+25 -5.700000000000000622e-01 0.000000000000000000e+00
1.784353774364645869e+04 4.000000000000000000e+02 5.563267278524047580e+25 -5.720000000000000639e-01 0.000000000000000000e+00
1.797422169289409794e+04 4.000000000000000000e+02 5.563267278524047580e+25 -5.740000000000000657e-01 0.000000000000000000e+00
1.810544628932037449e+04 4.000000000000000000e+02 5.563267278524047580e+25 -5.760000000000000675e-01 0.000000000000000000e+00
1.823721191840156825e+04 4.000000000000000000e+02 5.563267278524047580e+25 -5.779999999999999583e-01 0.000000000000000000e+00
1.836951896365616267e+04 4.000000000000000000e+02 5.563267278524047580e+25 -5.799999999999999600e-01 0.000000000000000000e+00
1.850236780665508195e+04 4.000000000000000000e+02 5.563267278524047580e+25 -5.819999999999999618e-01 0.000000000000000000e+00
1.863575882703439856e+04 4.000000000000000000e+02 5.563267278524047580e+25 -5.839999999999999636e-01 0.000000000000000000e+00
1.876969240251081646e+04 4.000000000000000000e+02 5.563267278524047580e+25 -5.859999999999999654e-01 0.000000000000000000e+00
1.890416890889226124e+04 4.000000000000000000e+02 5.563267278524047580e+25 -5.879999999999999671e-01 0.000000000000000000e+00
1.903918872009160259e+04 4.000000000000000000e+02 5.563267278524047580e+25 -5.899999999999999689e-01 0.000000000000000000e+00
1.917475220789424930e+04 4.000000000000000000e+02 5.563267278524047580e+25 -5.919999999999999707e-01 0.000000000000000000e+00
1.931085974295418055e+04 4.000000000000000000e+02 5.563267278524047580e+25 -5.939999999999999725e-01 0.000000000000000000e+00
1.944751169332996869e+04 4.000000000000000000e+02 5.563267278524047580e+25 -5.959999999999999742e-01 0.000000000000000000e+00
1.958470842548150176e+04 4.000000000000000000e+02 5.563267278524047580e+25 -5.979999999999999760e-01 0.000000000000000000e+00
1.972245030403591591e+04 4.000000000000000000e+02 5.563267278524047580e+25 -5.999999999999999778e-01 0.000000000000000000e+00
1.986073769180042291e+04 4.000000000000000000e+02 5.563267278524047580e+25 -6.019999999999999796e-01 0.000000000000000000e+00
1.999957094977457746e+04 4.000000000000000000e+02 5.563267278524047580e+25 -6.039999999999999813e-01 0.000000000000000000e+00
2.013895043716103100e+04 4.000000000000000000e+02 5.563267278524047580e+25 -6.059999999999999831e-01 0.000000000000000000e+00
2.027887651137817738e+04 4.000000000000000000e+02 5.563267278524047580e+25 -6.079999999999999849e-01 0.000000000000000000e+00
2.041934952807164154e+04 4.000000000000000000e+02 5.563267278524047580e+25 -6.099999999999999867e-01 0.000000000000000000e+00
2.056036984112692880e+04 4.000000000000000000e+02 5.563267278524047580e+25 -6.119999999999999885e-01 0.000000000000000000e+00
2.070193780216624145e+04 4.000000000000000000e+02 5.563267278524047580e+25 -6.139999999999999902e-01 0.000000000000000000e+00
2.084405376261745550e+04 4.000000000000000000e+02 5.563267278524047580e+25 -6.159999999999999920e-01 0.000000000000000000e+00
2.098671807063787128e+04 4.000000000000000000e+02 5.563267278524047580e+25 -6.179999999999999938e-01 0.000000000000000000e+00
2.112993107318559123e+04 4.000000000000000000e+02 5.563267278524047580e+25 -6.199999999999999956e-01 0.000000000000000000e+00
2.127369311551440842e+04 4.000000000000000000e+02 5.563267278524047580e+25 -6.219999999999999973e-01 0.000000000000000000e+00
2.141800454118472044e+04 4.000000000000000000e+02 5.563267278524047580e+25 -6.239999999999999991e-01 0.000000000000000000e+00
2.156286569207681532e+04 4.000000000000000000e+02 5.563267278524047580e+25 -6.260000000000000009e-01 0.000000000000000000e+00
2.170827690839975912e+04 4.000000000000000000e+02 5.563267278524047580e+25 -6.280000000000000027e-01 0.000000000000000000e+00
2.185423852870292467e+04 4.000000000000000000e+02 5.563267278524047580e+25 -6.300000000000000044e-01 0.000000000000000000e+00
2.200075088988685820e+04 4.000000000000000000e+02 5.563267278524047580e+25 -6.320000000000000062e-01 0.000000000000000000e+00
2.214781432721359670e+04 4.000000000000000000e+02 5.563267278524047580e+25 -6.340000000000000080e-01 0.000000000000000000e+00
2.229542917431656315e+04 4.000000000000000000e+02 5.563267278524047580e+25 -6.360000000000000098e-01 0.000000000000000000e+00
2.244359576321503118e+04 4.000000000000000000e+02 5.563267278524047580e+25 -6.380000000000000115e-01 0.000000000000000000e+00
2.259231442431877804e+04 4.000000000000000000e+02 5.563267278524047580e+25 -6.400000000000000133e-01 0.000000000000000000e+00
2.274158548644242182e+04 4.000000000000000000e+02 5.563267278524047580e+25 -6.420000000000000151e-01 0.000000000000000000e+00
2.289140927681379253e+04 4.000000000000000000e+02 5.563267278524047580e+25 -6.440000000000000169e-01 0.000000000000000000e+00
2.304178612108626839e+04 4.000000000000000000e+02 5.563267278524047580e+25 -6.460000000000000187e-01 0.000000000000000000e+00
2.319271634334526971e+04 4.000000000000000000e+02 5.563267278524047580e+25 -6.480000000000000204e-01 0.000000000000000000e+00
2.334420026612278889e+04 4.000000000000000000e+02 5.563267278524047580e+25 -6.500000000000000222e-01 0.000000000000000000e+00
2.349623821040375697e+04 4.000000000000000000e+02 5.563267278524047580e+25 -6.520000000000000240e-01 0.000000000000000000e+00
2.364883049508183831e+04 4.000000000000000000e+02 5.563267278524047580e+25 -6.540000000000000258e-01 0.000000000000000000e+00
2.380197743918919878e+04 4.000000000000000000e+02 5.563267278524047580e+25 -6.560000000000000275e-01 0.000000000000000000e+00
2.395567935857734119e+04 4.000000000000000000e+02 5.563267278524047580e+25 -6.580000000000000293e-01 0.000000000000000000e+00
2.410993656814651695e+04 4.000000000000000000e+02 5.563267278524047580e+25 -6.600000000000000311e-01 0.000000000000000000e+00
2.426474938129810107e+04 4.000000000000000000e+02 5.563267278524047580e+25 -6.620000000000000329e-01 0.000000000000000000e+00
2.442011810994613916e+04 4.000000000000000000e+02 5.563267278524047580e+25 -6.640000000000000346e-01 0.000000000000000000e+00
2.457604306452782475e+04 4.000000000000000000e+02 5.563267278524047580e+25 -6.660000000000000364e-01 0.000000000000000000e+00
2.473252455400754843e+04 4.000000000000000000e+02 5.563267278524047580e+25 -6.680000000000000382e-01 0.000000000000000000e+00
2.488956288589352334e+04 4.000000000000000000e+02 5.563267278524047580e+25 -6.700000000000000400e-01 0.000000000000000000e+00
2.504715836624280564e+04 4.000000000000000000e+02 5.563267278524047580e+25 -6.720000000000000417e-01 0.000000000000000000e+00
2.520531129966823210e+04 4.000000000000000000e+02 5.563267278524047580e+25 -6.740000000000000435e-01 0.000000000000000000e+00
2.536402198935306660e+04 4.000000000000000000e+02 5.563267278524047580e+25 -6.760000000000000453e-01 0.000000000000000000e+00
2.552329073705545670e+04 4.000000000000000000e+02 5.563267278524047580e+25 -6.780000000000000471e-01 0.000000000000000000e+00
2.568311784311800147e+04 4.000000000000000000e+02 5.563267278524047580e+25 -6.800000000000000488e-01 0.000000000000000000e+00
2.584350360647989146e+04 4.000000000000000000e+02 5.563267278524047580e+25 -6.820000000000000506e-01 0.000000000000000000e+00
2.600444832468176537e+04 4.000000000000000000e+02 5.563267278524047580e+25 -6.840000000000000524e-01 0.000000000000000000e+00
2.616595229387612198e+04 4.000000000000000000e+02 5.563267278524047580e+25 -6.860000000000000542e-01 0.000000000000000000e+00
2.632801580883631323e+04 4.000000000000000000e+02 5.563267278524047580e+25 -6.880000000000000560e-01 0.000000000000000000e+00
2.649063916296272146e+04 4.000000000000000000e+02 5.563267278524047580e+25 -6.900000000000000577e-01 0.000000000000000000e+00
2.665382264829346241e+04 4.000000000000000000e+02 5.563267278524047580e+25 -6.920000000000000595e-01 0.000000000000000000e+00
2.681756655491829588e+04 4.000000000000000000e+02 5.563267278524047580e+25 -6.940000000000000613e-01 0.000000000000000000e+00
2.698187117336693336e+04 4.000000000000000000e+02 5.563267278524047580e+25 -6.960000000000000631e-01 0.000000000000000000e+00
2.714673679104528128e+04 4.000000000000000000e+02 5.563267278524047580e+25 -6.980000000000000648e-01 0.000000000000000000e+00
2.731216369462325747e+04 4.000000000000000000e+02 5.563267278524047580e+25 -7.000000000000000666e-01 0.000000000000000000e+00
2.747815216945231441e+04 4.000000000000000000e+02 5.563267278524047580e+25 -7.020000000000000684e-01 0.000000000000000000e+00
2.764470249956730186e+04 4.000000000000000000e+02 5.563267278524047580e+25 -7.039999999999999591e-01 0.000000000000000000e+00
2.781181496770137892e+04 4.000000000000000000e+02 5.563267278524047580e+25 -7.059999999999999609e-01 0.000000000000000000e+00
2.797948985528963021e+04 4.000000000000000000e+02 5.563267278524047580e+25 -7.079999999999999627e-01 0.000000000000000000e+00
2.814772744247831724e+04 4.000000000000000000e+02 5.563267278524047580e+25 -7.099999999999999645e-01 0.000000000000000000e+00
2.831652800813057183e+04 4.000000000000000000e+02 5.563267278524047580e+25 -7.119999999999999662e-01 0.000000000000000000e+00
2.848589182983644787e+04 4.000000000000000000e+02 5.563267278524047580e+25 -7.139999999999999680e-01 0.000000000000000000e+00
2.865581918392117223e+04 4.000000000000000000e+02 5.563267278524047580e+25 -7.159999999999999698e-01 0.000000000000000000e+00
2.882631034545162402e+04 4.000000000000000000e+02 5.563267278524047580e+25 -7.179999999999999716e-01 0.000000000000000000e+00
2.899736558824428357e+04 4.000000000000000000e+02 5.563267278524047580e+25 -7.199999999999999734e-01 0.000000000000000000e+00
2.916898518487154433e+04 4.000000000000000000e+02 5.563267278524047580e+25 -7.219999999999999751e-01 0.000000000000000000e+00
2.934116940667296149e+04 4.000000000000000000e+02 5.563267278524047580e+25 -7.239999999999999769e-01 0.000000000000000000e+00
2.951391852375684539e+04 4.000000000000000000e+02 5.563267278524047580e+25 -7.259999999999999787e-01 0.000000000000000000e+00
2.968723280501352565e+04 4.000000000000000000e+02 5.563267278524047580e+25 -7.279999999999999805e-01 0.000000000000000000e+00
2.986111251811736292e+04 4.000000000000000000e+02 5.563267278524047580e+25 -7.299999999999999822e-01 0.000000000000000000e+00
3.003555792954079516e+04 4.000000000000000000e+02 5.563267278524047580e+25 -7.319999999999999840e-01 0.000000000000000000e+00
3.003555592954705207e+04 4.000000000000000000e+02 5.563267278524047580e+25 -7.339999999999999858e-01 1.000000000000000000e+00
3.003555392955330171e+04 4.000000000000000000e+02 5.563267278524047580e+25 -7.359999999999999876e-01 1.000000000000000000e+00
3.003555192955955135e+04 4.000000000000000000e+02 5.563267278524047580e+25 -7.379999999999999893e-01 1.000000000000000000e+00
3.003554992956580099e+04 4.000000000000000000e+02 5.563267278524047580e+25 -7.399999999999999911e-01 1.000000000000000000e+00
3.003554792957205063e+04 4.000000000000000000e+02 5.563267278524047580e+25 -7.419999999999999929e-01 1.000000000000000000e+00
3.003554592957830027e+04 4.000000000000000000e+02 5.563267278524047580e+25 -7.439999999999999947e-01 1.000000000000000000e+00
3.003554392958454991e+04 4.000000000000000000e+02 5.563267278524047580e+25 -7.459999999999999964e-01 1.000000000000000000e+00
3.003554192959079955e+04 4.000000000000000000e+02 5.563267278524047580e+25 -7.479999999999999982e-01 1.000000000000000000e+00
3.003553992959704919e+04 4.000000000000000000e+02 5.563267278524047580e+25 -7.500000000000000000e-01 1.000000000000000000e+00
3.003553792960329883e+04 4.000000000000000000e+02 5.563267278524047580e+25 -7.520000000000000018e-01 1.000000000000000000e+00
3.003553592960954848e+04 4.000000000000000000e+02 5.563267278524047580e+25 -7.540000000000000036e-01 1.000000000000000000e+00
3.003553392961579812e+04 4.000000000000000000e+02 5.563267278524047580e+25 -7.560000000000000053e-01 1.000000000000000000e+00
3.003553192962204776e+04 4.000000000000000000e+02 5.563267278524047580e+25 -7.580000000000000071e-01 1.000000000000000000e+00
3.003552992962829740e+04 4.000000000000000000e+02 5.563267278524047580e+25 -7.600000000000000089e-01 1.000000000000000000e+00
3.003552792963454704e+04 4.000000000000000000e+02 5.563267278524047580e+25 -7.620000000000000107e-01 1.000000000000000000e+00
3.003552592964079668e+04 4.000000000000000000e+02 5.563267278524047580e+25 -7.640000000000000124e-01 1.000000000000000000e+00
3.003552392964704632e+04 4.000000000000000000e+02 5.563267278524047580e+25 -7.660000000000000142e-01 1.000000000000000000e+00
3.003552192965329596e+04 4.000000000000000000e+02 5.563267278524047580e+25 -7.680000000000000160e-01 1.000000000000000000e+00
3.003551992965954560e+04 4.000000000000000000e+02 5.563267278524047580e+25 -7.700000000000000178e-01 1.000000000000000000e+00
3.003551792966579524e+04 4.000000000000000000e+02 5.563267278524047580e+25 -7.720000000000000195e-01 1.000000000000000000e+00
3.003551592967205215e+04 4.000000000000000000e+02 5.563267278524047580e+25 -7.740000000000000213e-01 1.000000000000000000e+00
3.003551392967830179e+04 4.000000000000000000e+02 5.563267278524047580e+25 -7.760000000000000231e-01 1.000000000000000000e+00
3.003551192968455143e+04 4.000000000000000000e+02 5.563267278524047580e+25 -7.780000000000000249e-01 1.000000000000000000e+00
3.003550992969080107e+04 4.000000000000000000e+02 5.563267278524047580e+25 -7.800000000000000266e-01 1.000000000000000000e+00
3.003550792969705071e+04 4.000000000000000000e+02 5.563267278524047580e+25 -7.820000000000000284e-01 1.000000000000000000e+00
3.003550592970330035e+04 4.000000000000000000e+02 5.563267278524047580e+25 -7.840000000000000302e-01 1.000000000000000000e+00
3.003550392970954999e+04 4.000000000000000000e+02 5.563267278524047580e+25 -7.860000000000000320e-01 1.000000000000000000e+00
3.003550192971579963e+04 4.000000000000000000e+02 5.563267278524047580e+25 -7.880000000000000338e-01 1.000000000000000000e+00
3.003549992972204927e+04 4.000000000000000000e+02 5.563267278524047580e+25 -7.900000000000000355e-01 1.000000000000000000e+00
3.003549792972829891e+04 4.000000000000000000e+02 5.563267278524047580e+25 -7.920000000000000373e-01 1.000000000000000000e+00
3.003549592973454855e+04 4.000000000000000000e+02 5.563267278524047580e+25 -7.940000000000000391e-01 1.000000000000000000e+00
3.003549392974079819e+04 4.000000000000000000e+02 5.563267278524047580e+25 -7.960000000000000409e-01 1.000000000000000000e+00
3.003549192974704783e+04 4.000000000000000000e+02 5.563267278524047580e+25 -7.980000000000000426e-01 1.000000000000000000e+00
3.003548992975329747e+04 4.000000000000000000e+02 5.563267278524047580e+25 -8.000000000000000444e-01 1.000000000000000000e+00
3.003548792975954711e+04 4.000000000000000000e+02 5.563267278524047580e+25 -8.020000000000000462e-01 1.000000000000000000e+00
3.003548592976579675e+04 4.000000000000000000e+02 5.563267278524047580e+25 -8.040000000000000480e-01 1.000000000000000000e+00
3.003548392977204639e+04 4.000000000000000000e+02 5.563267278524047580e+25 -8.060000000000000497e-01 1.000000000000000000e+00
3.003548192977829603e+04 4.000000000000000000e+02 5.563267278524047580e+25 -8.080000000000000515e-01 1.000000000000000000e+00
3.003547992978454567e+04 4.000000000000000000e+02 5.563267278524047580e+25 -8.100000000000000533e-01 1.000000000000000000e+00
3.003547792979079532e+04 4.000000000000000000e+02 5.563267278524047580e+25 -8.120000000000000551e-01 1.000000000000000000e+00
3.003547592979704496e+04 4.000000000000000000e+02 5.563267278524047580e+25 -8.140000000000000568e-01 1.000000000000000000e+00
3.003547392980330187e+04 4.000000000000000000e+02 5.563267278524047580e+25 -8.160000000000000586e-01 1.000000000000000000e+00
3.003547192980955151e+04 4.000000000000000000e+02 5.563267278524047580e+25 -8.180000000000000604e-01 1.000000000000000000e+00
3.003546992981580115e+04 4.000000000000000000e+02 5.563267278524047580e+25 -8.200000000000000622e-01 1.000000000000000000e+00
3.003546792982205079e+04 4.000000000000000000e+02 5.563267278524047580e+25 -8.220000000000000639e-01 1.000000000000000000e+00
3.003546592982830043e+04 4.000000000000000000e+02 5.563267278524047580e+25 -8.240000000000000657e-01 1.000000000000000000e+00
3.003546392983455007e+04 4.000000000000000000e+02 5.563267278524047580e+25 -8.260000000000000675e-01 1.000000000000000000e+00
3.003546192984079971e+04 4.000000000000000000e+02 5.563267278524047580e+25 -8.280000000000000693e-01 1.000000000000000000e+00
3.003545992984704935e+04 4.000000000000000000e+02 5.563267278524047580e+25 -8.300000000000000711e-01 1.000000000000000000e+00
3.003545792985329899e+04 4.000000000000000000e+02 5.563267278524047580e+25 -8.320000000000000728e-01 1.000000000000000000e+00
3.003545592985954863e+04 4.000000000000000000e+02 5.563267278524047580e+25 -8.339999999999999636e-01 1.000000000000000000e+00
3.003545392986579827e+04 4.000000000000000000e+02 5.563267278524047580e+25 -8.359999999999999654e-01 1.000000000000000000e+00
3.003545192987204791e+04 4.000000000000000000e+02 5.563267278524047580e+25 -8.379999999999999671e-01 1.000000000000000000e+00
3.003544992987829755e+04 4.000000000000000000e+02 5.563267278524047580e+25 -8.399999999999999689e-01 1.000000000000000000e+00
3.003544792988454719e+04 4.000000000000000000e+02 5.563267278524047580e+25 -8.419999999999999707e-01 1.000000000000000000e+00
3.003544592989079683e+04 4.000000000000000000e+02 5.563267278524047580e+25 -8.439999999999999725e-01 1.000000000000000000e+00
3.003544392989704647e+04 4.000000000000000000e+02 5.563267278524047580e+25 -8.459999999999999742e-01 1.000000000000000000e+00
3.003544192990329611e+04 4.000000000000000000e+02 5.563267278524047580e+25 -8.479999999999999760e-01 1.000000000000000000e+00
3.003543992990954575e+04 4.000000000000000000e+02 5.563267278524047580e+25 -8.499999999999999778e-01 1.000000000000000000e+00
3.003543792991579539e+04 4.000000000000000000e+02 5.563267278524047580e+25 -8.519999999999999796e-01 1.000000000000000000e+00
3.003543592992204503e+04 4.000000000000000000e+02 5.563267278524047580e+25 -8.539999999999999813e-01 1.000000000000000000e+00
3.003543392992830195e+04 4.000000000000000000e+02 5.563267278524047580e+25 -8.559999999999999831e-01 1.000000000000000000e+00
3.003543192993455159e+04 4.000000000000000000e+02 5.563267278524047580e+25 -8.579999999999999849e-01 1.000000000000000000e+00
3.003542992994080123e+04 4.000000000000000000e+02 5.563267278524047580e+25 -8.599999999999999867e-01 1.000000000000000000e+00
3.003542792994705087e+04 4.000000000000000000e+02 5.563267278524047580e+25 -8.619999999999999885e-01 1.000000000000000000e+00
3.003542592995330051e+04 4.000000000000000000e+02 5.563267278524047580e+25 -8.639999999999999902e-01 1.000000000000000000e+00
3.003542392995955015e+04 4.000000000000000000e+02 5.563267278524047580e+25 -8.659999999999999920e-01 1.000000000000000000e+00
3.003542192996579979e+04 4.000000000000000000e+02 5.563267278524047580e+25 -8.679999999999999938e-01 1.000000000000000000e+00
3.003541992997204943e+04 4.000000000000000000e+02 5.563267278524047580e+25 -8.699999999999999956e-01 1.000000000000000000e+00
3.003541792997829907e+04 4.000000000000000000e+02 5.563267278524047580e+25 -8.719999999999999973e-01 1.000000000000000000e+00
3.003541592998454871e+04 4.000000000000000000e+02 5.563267278524047580e+25 -8.739999999999999991e-01 1.000000000000000000e+00
3.003541392999079835e+04 4.000000000000000000e+02 5.563267278524047580e+25 -8.760000000000000009e-01 1.000000000000000000e+00
3.003541192999704799e+04 4.000000000000000000e+02 5.563267278524047580e+25 -8.780000000000000027e-01 1.000000000000000000e+00
3.003540993000329763e+04 4.000000000000000000e+02 5.563267278524047580e+25 -8.800000000000000044e-01 1.000000000000000000e+00
3.003540793000954727e+04 4.000000000000000000e+02 5.563267278524047580e+25 -8.820000000000000062e-01 1.000000000000000000e+00
3.003540593001579691e+04 4.000000000000000000e+02 5.563267278524047580e+25 -8.840000000000000080e-01 1.000000000000000000e+00
3.003540393002204655e+04 4.000000000000000000e+02 5.563267278524047580e+25 -8.860000000000000098e-01 1.000000000000000000e+00
3.003540193002829619e+04 4.000000000000000000e+02 5.563267278524047580e+25 -8.880000000000000115e-01 1.000000000000000000e+00
3.003539993003454583e+04 4.000000000000000000e+02 5.563267278524047580e+25 -8.900000000000000133e-01 1.000000000000000000e+00
3.003539793004079547e+04 4.000000000000000000e+02 5.563267278524047580e+25 -8.920000000000000151e-01 1.000000000000000000e+00
3.003539593004704511e+04 4.000000000000000000e+02 5.563267278524047580e+25 -8.940000000000000169e-01 1.000000000000000000e+00
3.003539393005330203e+04 4.000000000000000000e+02 5.563267278524047580e+25 -8.960000000000000187e-01 1.000000000000000000e+00
3.003539193005955167e+04 4.000000000000000000e+02 5.563267278524047580e+25 -8.980000000000000204e-01 1.000000000000000000e+00
3.003538993006580131e+04 4.000000000000000000e+02 5.563267278524047580e+25 -9.000000000000000222e-01 1.000000000000000000e+00
3.003538793007205095e+04 4.000000000000000000e+02 5.563267278524047580e+25 -9.020000000000000240e-01 1.000000000000000000e+00
3.003538593007830059e+04 4.000000000000000000e+02 5.563267278524047580e+25 -9.040000000000000258e-01 1.000000000000000000e+00
3.003538393008455023e+04 4.000000000000000000e+02 5.563267278524047580e+25 -9.060000000000000275e-01 1.000000000000000000e+00
3.003538193009079987e+04 4.000000000000000000e+02 5.563267278524047580e+25 -9.080000000000000293e-01 1.000000000000000000e+00
3.003537993009704951e+04 4.000000000000000000e+02 5.563267278524047580e+25 -9.100000000000000311e-01 1.000000000000000000e+00
3.003537793010329915e+04 4.000000000000000000e+02 5.563267278524047580e+25 -9.120000000000000329e-01 1.000000000000000000e+00
3.003537593010954879e+04 4.000000000000000000e+02 5.563267278524047580e+25 -9.140000000000000346e-01 1.000000000000000000e+00
3.003537393011579843e+04 4.000000000000000000e+02 5.563267278524047580e+25 -9.160000000000000364e-01 1.000000000000000000e+00
3.003537193012204807e+04 4.000000000000000000e+02 5.563267278524047580e+25 -9.180000000000000382e-01 1.000000000000000000e+00
3.003536993012829771e+04 4.000000000000000000e+02 5.563267278524047580e+25 -9.200000000000000400e-01 1.000000000000000000e+00
3.003536793013454735e+04 4.000000000000000000e+02 5.563267278524047580e+25 -9.220000000000000417e-01 1.000000000000000000e+00
3.003536593014079699e+04 4.000000000000000000e+02 5.563267278524047580e+25 -9.240000000000000435e-01 1.000000000000000000e+00
3.003536393014704663e+04 4.000000000000000000e+02 5.563267278524047580e+25 -9.260000000000000453e-01 1.000000000000000000e+00
3.003536193015329627e+04 4.000000000000000000e+02 5.563267278524047580e+25 -9.280000000000000471e-01 1.000000000000000000e+00
3.003535993015954591e+04 4.000000000000000000e+02 5.563267278524047580e+25 -9.300000000000000488e-01 1.000000000000000000e+00
3.003535793016579555e+04 4.000000000000000000e+02 5.563267278524047580e+25 -9.320000000000000506e-01 1.000000000000000000e+00
3.003535593017204519e+04 4.000000000000000000e+02 5.563267278524047580e+25 -9.340000000000000524e-01 1.000000000000000000e+00
3.003535393017830211e+04 4.000000000000000000e+02 5.563267278524047580e+25 -9.360000000000000542e-01 1.000000000000000000e+00
3.003535193018455175e+04 4.000000000000000000e+02 5.563267278524047580e+25 -9.380000000000000560e-01 1.000000000000000000e+00
3.003534993019080139e+04 4.000000000000000000e+02 5.563267278524047580e+25 -9.400000000000000577e-01 1.000000000000000000e+00
3.003534793019705103e+04 4.000000000000000000e+02 5.563267278524047580e+25 -9.420000000000000595e-01 1.000000000000000000e+00
3.003534593020330067e+04 4.000000000000000000e+02 5.563267278524047580e+25 -9.440000000000000613e-01 1.000000000000000000e+00
3.003534393020955031e+04 4.000000000000000000e+02 5.563267278524047580e+25 -9.460000000000000631e-01 1.000000000000000000e+00
3.003534193021579995e+04 4.000000000000000000e+02 5.563267278524047580e+25 -9.480000000000000648e-01 1.000000000000000000e+00
3.003533993022204959e+04 4.000000000000000000e+02 5.563267278524047580e+25 -9.500000000000000666e-01 1.000000000000000000e+00
3.003533793022829923e+04 4.000000000000000000e+02 5.563267278524047580e+25 -9.520000000000000684e-01 1.000000000000000000e+00
3.003533593023454887e+04 4.000000000000000000e+02 5.563267278524047580e+25 -9.540000000000000702e-01 1.000000000000000000e+00
3.003533393024079851e+04 4.000000000000000000e+02 5.563267278524047580e+25 -9.560000000000000719e-01 1.000000000000000000e+00
3.003533193024704815e+04 4.000000000000000000e+02 5.563267278524047580e+25 -9.580000000000000737e-01 1.000000000000000000e+00
3.003532993025329779e+04 4.000000000000000000e+02 5.563267278524047580e+25 -9.599999999999999645e-01 1.000000000000000000e+00
3.003532793025954743e+04 4.000000000000000000e+02 5.563267278524047580e+25 -9.619999999999999662e-01 1.000000000000000000e+00
3.003532593026579707e+04 4.000000000000000000e+02 5.563267278524047580e+25 -9.639999999999999680e-01 1.000000000000000000e+00
3.003532393027204671e+04 4.000000000000000000e+02 5.563267278524047580e+25 -9.659999999999999698e-01 1.000000000000000000e+00
3.003532193027829635e+04 4.000000000000000000e+02 5.563267278524047580e+25 -9.679999999999999716e-01 1.000000000000000000e+00
3.003531993028454599e+04 4.000000000000000000e+02 5.563267278524047580e+25 -9.699999999999999734e-01 1.000000000000000000e+00
3.003531793029079563e+04 4.000000000000000000e+02 5.563267278524047580e+25 -9.719999999999999751e-01 1.000000000000000000e+00
3.003531593029704527e+04 4.000000000000000000e+02 5.563267278524047580e+25 -9.739999999999999769e-01 1.000000000000000000e+00
3.003531393030329491e+04 4.000000000000000000e+02 5.563267278524047580e+25 -9.759999999999999787e-01 1.000000000000000000e+00
3.003531193030955183e+04 4.000000000000000000e+02 5.563267278524047580e+25 -9.779999999999999805e-01 1.000000000000000000e+00
3.003530993031580147e+04 4.000000000000000000e+02 5.563267278524047580e+25 -9.799999999999999822e-01 1.000000000000000000e+00
3.003530793032205111e+04 4.000000000000000000e+02 5.563267278524047580e+25 -9.819999999999999840e-01 1.000000000000000000e+00
3.003530593032830075e+04 4.000000000000000000e+02 5.563267278524047580e+25 -9.839999999999999858e-01 1.000000000000000000e+00
3.003530393033455039e+04 4.000000000000000000e+02 5.563267278524047580e+25 -9.859999999999999876e-01 1.000000000000000000e+00
3.003530193034080003e+04 4.000000000000000000e+02 5.563267278524047580e+25 -9.879999999999999893e-01 1.000000000000000000e+00
3.003529993034704967e+04 4.000000000000000000e+02 5.563267278524047580e+25 -9.899999999999999911e-01 1.000000000000000000e+00
3.003529793035329931e+04 4.000000000000000000e+02 5.563267278524047580e+25 -9.919999999999999929e-01 1.000000000000000000e+00
3.003529593035954895e+04 4.000000000000000000e+02 5.563267278524047580e+25 -9.939999999999999947e-01 1.000000000000000000e+00
3.003529393036579859e+04 4.000000000000000000e+02 5.563267278524047580e+25 -9.959999999999999964e-01 1.000000000000000000e+00
3.003529193037204823e+04 4.000000000000000000e+02 5.563267278524047580e+25 -9.979999999999999982e-01 1.000000000000000000e+00
